-100001.1	0
0	0
0.0033333333333334103	0.000000000000000021079434494213984
0.008333333333333304	0.00000000000000005269858623553777
0.015833333333333366	0.00000000000000010012731384752414
0.027083333333333348	0.00000000000000017127040526550548
0.04395833333333332	0.0000000000000002779850423924746
0.06927083333333339	0.0000000000000004380569980829302
0.1072395833333335	0.0000000000000006781649316186135
0.16419270833333344	0.0000000000000010383268319221363
0.24962239583333345	0.0000000000000015785696823774236
0.34962239583333354	0.0000000000000022109527172039118
0.44962239583333363	0.0000000000000028433357520304035
0.5496223958333337	0.000000000000003475718786856891
0.6496223958333338	0.000000000000004108101821683383
0.7496223958333339	0.00000000000000474048485650987
0.849622395833334	0.0000000000000053728678913363616
0.9496223958333339	0.000000000000006005250926162849
1.049622395833334	0.000000000000006637633960989339
1.149622395833334	0.00000000000000727001699581583
1.2496223958333341	0.000000000000007902400030642319
1.3496223958333342	0.000000000000008534783065468808
1.4496223958333343	0.000000000000009167166100295298
1.5496223958333344	0.000000000000009799549135121787
1.6496223958333345	0.000000000000010431932169948276
1.7496223958333346	0.000000000000011064315204774768
1.8496223958333347	0.000000000000011696698239601259
1.9496223958333347	0.000000000000012329081274427748
2.049622395833335	0.000000000000012961464309254238
2.149622395833335	0.000000000000013593847344080724
2.249622395833335	0.000000000000014226230378907216
2.349622395833335	0.000000000000014858613413733705
2.449622395833335	0.000000000000015490996448560194
2.5496223958333353	0.000000000000016123379483386683
2.6496223958333354	0.000000000000016755762518213172
2.7496223958333355	0.000000000000017388145553039664
2.8496223958333355	0.000000000000018020528587866153
2.9496223958333356	0.000000000000018652911622692645
3.0496223958333353	0.00000000000001928529465751913
3.149622395833335	0.00000000000001991767769234562
3.2496223958333346	0.000000000000020550060727172102
3.349622395833334	0.000000000000021182443761998595
3.449622395833334	0.00000000000002181482679682508
3.5496223958333335	0.000000000000022447209831651566
3.649622395833333	0.000000000000023079592866478052
3.749622395833333	0.00000000000002371197590130454
3.8496223958333324	0.00000000000002434435893613103
3.949622395833332	0.000000000000024976741970957516
4.049622395833332	0.000000000000025609125005784
4.149622395833331	0.000000000000026241508040610487
4.249622395833331	0.000000000000026873891075436973
4.349622395833331	0.000000000000027506274110263465
4.44962239583333	0.00000000000002813865714508995
4.54962239583333	0.000000000000028771040179916437
4.64962239583333	0.00000000000002940342321474292
4.749622395833329	0.00000000000003003580624956941
4.849622395833329	0.0000000000000306681892843959
4.9496223958333285	0.000000000000031300572319222386
5.049622395833328	0.000000000000031932955354048865
5.149622395833328	0.00000000000003256533838887536
5.2496223958333275	0.000000000000033197721423701843
5.349622395833327	0.00000000000003383010445852833
5.449622395833327	0.00000000000003446248749335482
5.549622395833326	0.0000000000000350948705281813
5.649622395833326	0.00000000000003572725356300779
5.749622395833326	0.00000000000007271927319566857
5.849622395833325	0.00000000000007398403926532153
5.949622395833325	0.00000000000007524880533497451
6.049622395833325	0.00000000000007651357140462748
6.149622395833324	0.00000000000007777833747428046
6.249622395833324	0.00000000000007904310354393343
6.3496223958333236	0.00000000000008030786961358641
6.449622395833323	0.0000000000000815726356832394
6.549622395833323	0.00000000000008283740175289234
6.6496223958333225	0.00000000000008410216782254531
6.749622395833322	0.00000000000008536693389219829
6.849622395833322	0.00000000000008663169996185127
6.949622395833321	0.00000000000008789646603150425
7.049622395833321	0.00000000000008916123210115721
7.149622395833321	0.00000000000009042599817081018
7.24962239583332	0.00000000000009169076424046316
7.34962239583332	0.00000000000009295553031011614
7.44962239583332	0.00000000000009422029637976912
7.549622395833319	0.0000000000000954850624494221
7.649622395833319	0.00000000000009674982851907505
7.749622395833319	0.00000000000009801459458872804
7.849622395833318	0.00000000000009927936065838101
7.949622395833318	0.00000000000010054412672803398
8.049622395833318	0.00000000000010180889279768694
8.149622395833317	0.00000000000010307365886733993
8.249622395833317	0.0000000000001043384249369929
8.349622395833316	0.00000000000010560319100664589
8.449622395833316	0.00000000000010686795707629885
8.549622395833316	0.0000000000001081327231459518
8.55	0.00000000000005406874947766483
1000008.55	0.00000000000005406874947766483
