-100001.1	0
0	0
0.0033333333333334103	0.0032929999999996152
0.008333333333333304	0.008232499999999476
0.015833333333333366	0.015641749999999486
0.027083333333333348	0.02675562499999939
0.04395833333333332	0.043426437499999235
0.06927083333333339	0.06843265624999913
0.1072395833333335	0.10594198437499897
0.16419270833333344	0.1622059765624986
0.24962239583333345	0.24660196484374802
0.34962239583333354	0.34539196484374735
0.44962239583333363	0.44418196484374695
0.5496223958333337	0.5429719648437461
0.6496223958333338	0.6417619648437455
0.7496223958333339	0.7405519648437451
0.849622395833334	0.8393419648437446
0.9496223958333339	0.9381319648437435
1.049622395833334	1.0369219648437429
1.149622395833334	1.1357119648437424
1.2496223958333341	1.2345019648437416
1.3496223958333342	1.333291964843741
1.4496223958333343	1.4320819648437404
1.5496223958333344	1.53087196484374
1.6496223958333345	1.6296619648437392
1.7496223958333346	1.728451964843739
1.8496223958333347	1.8272419648437381
1.9496223958333347	1.9260319648437372
2.049622395833335	2.0248219648437376
2.149622395833335	2.1236119648437364
2.249622395833335	2.2224019648437356
2.349622395833335	2.321191964843735
2.449622395833335	2.419981964843735
2.5496223958333353	2.5187719648437343
2.6496223958333354	2.6175619648437327
2.7496223958333355	2.7163519648437333
2.8496223958333355	2.8151419648437326
2.9496223958333356	2.913931964843732
3.0496223958333353	3.01272196484373
3.149622395833335	3.1115119648437295
3.2496223958333346	3.2103019648437288
3.349622395833334	3.309091964843728
3.449622395833334	3.4078819648437273
3.5496223958333335	3.5066719648437252
3.649622395833333	3.605461964843723
3.749622395833333	3.7042519648437224
3.8496223958333324	3.8030419648437244
3.949622395833332	3.9018319648437214
4.049622395833332	4.000621964843719
4.149622395833331	4.099411964843719
4.249622395833331	4.198201964843718
4.349622395833331	4.296991964843718
4.44962239583333	4.395781964843716
4.54962239583333	4.494571964843715
4.64962239583333	4.593361964843715
4.749622395833329	4.692151964843713
4.849622395833329	4.790941964843713
4.9496223958333285	4.889731964843711
5.049622395833328	4.988521964843709
5.149622395833328	5.087311964843708
5.2496223958333275	5.186101964843709
5.349622395833327	5.284891964843705
5.449622395833327	5.383681964843706
5.549622395833326	5.482471964843703
5.649622395833326	5.581261964843704
5.749622395833326	5.680051964843703
5.849622395833325	5.7788419648437
5.949622395833325	5.877631964843699
6.049622395833325	5.976421964843699
6.149622395833324	6.075211964843697
6.249622395833324	6.174001964843698
6.3496223958333236	6.2727919648436945
6.449622395833323	6.371581964843695
6.549622395833323	6.470371964843695
6.6496223958333225	6.569161964843692
6.749622395833322	6.667951964843693
6.849622395833322	6.76674196484369
6.949622395833321	6.865531964843687
7.049622395833321	6.964321964843686
7.149622395833321	7.063111964843689
7.24962239583332	7.161901964843687
7.34962239583332	7.260691964843689
7.44962239583332	7.35948196484369
7.549622395833319	7.458271964843681
7.649622395833319	7.557061964843683
7.749622395833319	7.655851964843682
7.849622395833318	7.7546419648436755
7.949622395833318	7.853431964843679
8.049622395833318	7.95222196484368
8.149622395833317	8.05101196484368
8.249622395833317	8.149801964843672
8.349622395833316	8.248591964843673
8.449622395833316	8.347381964843672
8.549622395833316	8.446171964843673
8.55	8.446544999999938
1000008.55	8.446544999999938
