-100001.1	0
0	0
0.0033333333333334103	0.0032929999999996773
0.008333333333333304	0.008232499999999634
0.015833333333333366	0.015641749999999788
0.027083333333333348	0.026755624999999894
0.04395833333333332	0.04342643750000008
0.06927083333333339	0.06843265625000045
0.1072395833333335	0.10594198437500103
0.16419270833333344	0.16220597656250163
0.24962239583333345	0.24660196484375269
0.34962239583333354	0.345391964843754
0.44962239583333363	0.44418196484375544
0.5496223958333337	0.5429719648437565
0.6496223958333338	0.6417619648437579
0.7496223958333339	0.740551964843759
0.849622395833334	0.8393419648437607
0.9496223958333339	0.9381319648437613
1.049622395833334	1.0369219648437629
1.149622395833334	1.1357119648437644
1.2496223958333341	1.2345019648437652
1.3496223958333342	1.3332919648437667
1.4496223958333343	1.4320819648437682
1.5496223958333344	1.5308719648437696
1.6496223958333345	1.6296619648437702
1.7496223958333346	1.7284519648437717
1.8496223958333347	1.8272419648437732
1.9496223958333347	1.926031964843775
2.049622395833335	2.024821964843776
2.149622395833335	2.1236119648437772
2.249622395833335	2.2224019648437796
2.349622395833335	2.3211919648437793
2.449622395833335	2.4199819648437804
2.5496223958333353	2.518771964843781
2.6496223958333354	2.6175619648437833
2.7496223958333355	2.7163519648437844
2.8496223958333355	2.8151419648437863
2.9496223958333356	2.913931964843788
3.0496223958333353	3.012721964843788
3.149622395833335	3.11151196484379
3.2496223958333346	3.21030196484379
3.349622395833334	3.3090919648437924
3.449622395833334	3.407881964843792
3.5496223958333335	3.506671964843794
3.649622395833333	3.6054619648437938
3.749622395833333	3.7042519648437953
3.8496223958333324	3.803041964843795
3.949622395833332	3.9018319648437956
4.049622395833332	4.000621964843797
4.149622395833331	4.0994119648437986
4.249622395833331	4.1982019648438
4.349622395833331	4.2969919648438
4.44962239583333	4.395781964843803
4.54962239583333	4.494571964843803
4.64962239583333	4.5933619648438
4.749622395833329	4.6921519648438
4.849622395833329	4.790941964843805
4.9496223958333285	4.889731964843806
5.049622395833328	4.988521964843803
5.149622395833328	5.087311964843805
5.2496223958333275	5.186101964843806
5.349622395833327	5.284891964843809
5.449622395833327	5.3836819648438095
5.549622395833326	5.482471964843811
5.649622395833326	5.581261964843808
5.749622395833326	5.680051964843813
5.849622395833325	5.778841964843812
5.949622395833325	5.8776319648438164
6.049622395833325	5.976421964843815
6.149622395833324	6.075211964843815
6.249622395833324	6.174001964843816
6.3496223958333236	6.272791964843815
6.449622395833323	6.371581964843818
6.549622395833323	6.470371964843822
6.6496223958333225	6.56916196484382
6.749622395833322	6.667951964843823
6.849622395833322	6.766741964843816
6.949622395833321	6.865531964843821
7.049622395833321	6.964321964843822
7.149622395833321	7.063111964843823
7.24962239583332	7.16190196484382
7.34962239583332	7.260691964843827
7.44962239583332	7.359481964843828
7.549622395833319	7.458271964843823
7.649622395833319	7.55706196484383
7.749622395833319	7.655851964843831
7.849622395833318	7.754641964843831
7.949622395833318	7.853431964843828
8.049622395833318	7.952221964843831
8.149622395833317	8.051011964843834
8.249622395833317	8.149801964843828
8.349622395833316	8.248591964843836
8.449622395833316	8.347381964843837
8.549622395833316	8.446171964843828
8.55	8.446545000000109
1000008.55	8.446545000000109
