-100001.1	0
0	0
0.0033333333333334103	0.0032929999999996773
0.008333333333333304	0.008232499999999632
0.015833333333333366	0.015641749999999788
0.027083333333333348	0.0267556249999999
0.04395833333333332	0.04342643750000008
0.06927083333333339	0.06843265625000047
0.1072395833333335	0.10594198437500102
0.16419270833333344	0.16220597656250157
0.24962239583333345	0.24660196484375274
0.34962239583333354	0.3453919648437541
0.44962239583333363	0.4441819648437553
0.5496223958333337	0.5429719648437566
0.6496223958333338	0.641761964843758
0.7496223958333339	0.7405519648437592
0.849622395833334	0.8393419648437606
0.9496223958333339	0.9381319648437615
1.049622395833334	1.0369219648437629
1.149622395833334	1.1357119648437644
1.2496223958333341	1.2345019648437658
1.3496223958333342	1.3332919648437667
1.4496223958333343	1.4320819648437684
1.5496223958333344	1.5308719648437694
1.6496223958333345	1.6296619648437707
1.7496223958333346	1.7284519648437724
1.8496223958333347	1.827241964843774
1.9496223958333347	1.9260319648437747
2.049622395833335	2.0248219648437757
2.149622395833335	2.1236119648437772
2.249622395833335	2.2224019648437783
2.349622395833335	2.3211919648437793
2.449622395833335	2.4199819648437804
2.5496223958333353	2.518771964843783
2.6496223958333354	2.6175619648437842
2.7496223958333355	2.7163519648437853
2.8496223958333355	2.8151419648437863
2.9496223958333356	2.913931964843788
3.0496223958333353	3.012721964843787
3.149622395833335	3.11151196484379
3.2496223958333346	3.2103019648437896
3.349622395833334	3.3090919648437906
3.449622395833334	3.4078819648437917
3.5496223958333335	3.506671964843794
3.649622395833333	3.605461964843793
3.749622395833333	3.704251964843794
3.8496223958333324	3.803041964843795
3.949622395833332	3.9018319648437956
4.049622395833332	4.0006219648437975
4.149622395833331	4.099411964843798
4.249622395833331	4.1982019648438
4.349622395833331	4.296991964843799
4.44962239583333	4.3957819648438
4.54962239583333	4.494571964843802
4.64962239583333	4.5933619648438
4.749622395833329	4.692151964843804
4.849622395833329	4.790941964843803
4.9496223958333285	4.889731964843803
5.049622395833328	4.988521964843805
5.149622395833328	5.087311964843807
5.2496223958333275	5.186101964843806
5.349622395833327	5.28489196484381
5.449622395833327	5.383681964843808
5.549622395833326	5.48247196484381
5.649622395833326	5.581261964843811
5.749622395833326	5.6800519648438135
5.849622395833325	5.778841964843809
5.949622395833325	5.877631964843816
6.049622395833325	5.976421964843813
6.149622395833324	6.075211964843815
6.249622395833324	6.174001964843814
6.3496223958333236	6.272791964843816
6.449622395833323	6.37158196484382
6.549622395833323	6.470371964843818
6.6496223958333225	6.56916196484382
6.749622395833322	6.667951964843821
6.849622395833322	6.766741964843821
6.949622395833321	6.865531964843818
7.049622395833321	6.964321964843821
7.149622395833321	7.063111964843825
7.24962239583332	7.16190196484382
7.34962239583332	7.260691964843823
7.44962239583332	7.359481964843823
7.549622395833319	7.458271964843824
7.649622395833319	7.557061964843828
7.749622395833319	7.65585196484383
7.849622395833318	7.754641964843827
7.949622395833318	7.853431964843828
8.049622395833318	7.952221964843828
8.149622395833317	8.051011964843832
8.249622395833317	8.14980196484383
8.349622395833316	8.248591964843829
8.449622395833316	8.347381964843828
8.549622395833316	8.446171964843835
8.55	8.446545000000107
1000008.55	8.446545000000107
