-100001.1	0
0	0
0.0033333333333334103	0.0000000000000000000000000000020307005333619015
0.008333333333333304	0.000000000000000000000000000002033782021272921
0.015833333333333366	0.000000000000000000000000000000998402083170343
0.027083333333333348	0.0000000000000000000000000000009860761315262648
0.04395833333333332	0.000000000000000000000000000004067564042545842
0.06927083333333339	0.000000000000000000000000000003993608332681372
0.1072395833333335	0.00000000000000000000000000000009860761315262648
0.16419270833333344	0.0000000000000000000000000000008874685183736383
0.24962239583333345	0.0000000000000000000000000000029582283945787943
0.34962239583333354	0.0000000000000000000000000000033526588471893
0.44962239583333363	0.0000000000000000000000000000007888609052210118
0.5496223958333337	0.0000000000000000000000000000015777218104420236
0.6496223958333338	0.0000000000000000000000000000023665827156630354
0.7496223958333339	0.0000000000000000000000000000031554436208840472
0.849622395833334	0.0000000000000000000000000000015777218104420236
0.9496223958333339	0.0000000000000000000000000000015777218104420236
1.049622395833334	0.0000000000000000000000000000015777218104420236
1.149622395833334	0.000000000000000000000000000004733165431326071
1.2496223958333341	0.000000000000000000000000000003944304526105059
1.3496223958333342	0
1.4496223958333343	0.000000000000000000000000000003944304526105059
1.5496223958333344	0.000000000000000000000000000003944304526105059
1.6496223958333345	0.0000000000000000000000000000015777218104420236
1.7496223958333346	0.0000000000000000000000000000015777218104420236
1.8496223958333347	0.0000000000000000000000000000007888609052210118
1.9496223958333347	0.000000000000000000000000000007888609052210118
2.049622395833335	0.0000000000000000000000000000031554436208840472
2.149622395833335	0.0000000000000000000000000000015777218104420236
2.249622395833335	0
2.349622395833335	0.000000000000000000000000000009466330862652142
2.449622395833335	0
2.5496223958333353	0.0000000000000000000000000000031554436208840472
2.6496223958333354	0.000000000000000000000000000006310887241768095
2.7496223958333355	0.000000000000000000000000000004733165431326071
2.8496223958333355	0.000000000000000000000000000004733165431326071
2.9496223958333356	0.000000000000000000000000000004733165431326071
3.0496223958333353	0.000000000000000000000000000004733165431326071
3.149622395833335	0.000000000000000000000000000004733165431326071
3.2496223958333346	0.000000000000000000000000000011044052673094165
3.349622395833334	0.0000000000000000000000000000031554436208840472
3.449622395833334	0.000000000000000000000000000009466330862652142
3.5496223958333335	0
3.649622395833333	0.000000000000000000000000000004733165431326071
3.749622395833333	0.0000000000000000000000000000015777218104420236
3.8496223958333324	0.0000000000000000000000000000015777218104420236
3.949622395833332	0.0000000000000000000000000000031554436208840472
4.049622395833332	0.0000000000000000000000000000015777218104420236
4.149622395833331	0.0000000000000000000000000000031554436208840472
4.249622395833331	0.0000000000000000000000000000015777218104420236
4.349622395833331	0.000000000000000000000000000007888609052210118
4.44962239583333	0.000000000000000000000000000007888609052210118
4.54962239583333	0.0000000000000000000000000000015777218104420236
4.64962239583333	0.000000000000000000000000000004733165431326071
4.749622395833329	0.0000000000000000000000000000015777218104420236
4.849622395833329	0.0000000000000000000000000000031554436208840472
4.9496223958333285	0.0000000000000000000000000000015777218104420236
5.049622395833328	0.0000000000000000000000000000015777218104420236
5.149622395833328	0.000000000000000000000000000004733165431326071
5.2496223958333275	0.0000000000000000000000000000015777218104420236
5.349622395833327	0
5.449622395833327	0.000000000000000000000000000004733165431326071
5.549622395833326	0.00000000000000000000000000001683724994581097
5.649622395833326	0.000000000000000000000000000005226203497089203
5.749622395833326	0.000000000000000000000000000009466330862652142
5.849622395833325	0.0000000000000000000000000000009860761315262648
5.949622395833325	0.000000000000000000000000000007296963373294359
6.049622395833325	0.0000000000000000000000000000009860761315262648
6.149622395833324	0.00000000000000000000000000001064962222048366
6.249622395833324	0.000000000000000000000000000005127595883936577
6.3496223958333236	0.0000000000000000000000000000201159530831358
6.449622395833323	0.00000000000000000000000000001064962222048366
6.549622395833323	0.000000000000000000000000000018932661725304283
6.6496223958333225	0.00000000000000000000000000005167038929197627
6.749622395833322	0.00000000000000000000000000005048709793414476
6.849622395833322	0.000000000000000000000000000036682032092777043
6.949622395833321	0.000000000000000000000000000035893171187556037
7.049622395833321	0.000000000000000000000000000023271396704019848
7.149622395833321	0.000000000000000000000000000024454688061851366
7.24962239583332	0.000000000000000000000000000027610131682735413
7.34962239583332	0.000000000000000000000000000003944304526105059
7.44962239583332	0.000000000000000000000000000016566079009641248
7.549622395833319	0.00000000000000000000000000002129924444096732
7.649622395833319	0.00000000000000000000000000002603240987229339
7.749622395833319	0.0000000000000000000000000000134106353887572
7.849622395833318	0.0000000000000000000000000000031554436208840472
7.949622395833318	0.000000000000000000000000000019721522630525295
8.049622395833318	0.000000000000000000000000000024454688061851366
8.149622395833317	0.000000000000000000000000000018143800820083272
8.249622395833317	0
8.349622395833316	0.000000000000000000000000000011832913578315177
8.449622395833316	0.000000000000000000000000000046542793408039697
8.549622395833316	0
8.649622395833315	0.00000000000000000000000000002129924444096732
8.749622395833315	0.000000000000000000000000000024454688061851366
8.849622395833315	0.00000000000000000000000000003392101892450351
8.949622395833314	0.00000000000000000000000000001262177448353619
9.049622395833314	0.000000000000000000000000000037865323450608567
9.149622395833314	0.000000000000000000000000000010255191767873153
9.249622395833313	0.00000000000000000000000000001262177448353619
9.349622395833313	0.000000000000000000000000000035893171187556037
9.449622395833313	0.0000000000000000000000000000019721522630525295
9.549622395833312	0.000000000000000000000000000004338734978715565
9.649622395833312	0.000000000000000000000000000004338734978715565
9.749622395833311	0.00000000000000000000000000001262177448353619
9.849622395833311	0.000000000000000000000000000004338734978715565
9.94962239583331	0.00000000000000000000000000002721570123012491
10.04962239583331	0.000000000000000000000000000023271396704019848
10.14962239583331	0.0000000000000000000000000000019721522630525295
10.24962239583331	0.000000000000000000000000000018932661725304283
10.34962239583331	0.000000000000000000000000000037865323450608567
10.449622395833309	0.0000000000000000000000000000021693674893577825
10.549622395833309	0.000000000000000000000000000006310887241768095
10.649622395833308	0.000000000000000000000000000006310887241768095
10.749622395833308	0.00000000000000000000000000005258250971363807
10.805	0.00000000000000000000000000002208810534618833
1000010.805	0.00000000000000000000000000002208810534618833
