-100006.313	0
0	0
0.0033333333333329662	0.007000000000001121
0.00833333333333286	0.01750000000000095
0.015833333333333144	0.03325000000000161
0.02708333333333357	0.05687500000000258
0.04395833333333332	0.09231250000000221
0.06927083333333339	0.14546875000000262
0.1072395833333335	0.2252031250000031
0.16419270833333321	0.3448046875000032
0.2496223958333328	0.5242070312500029
0.34962239583333243	0.734207031250003
0.4496223958333321	0.9442070312500034
0.5496223958333317	1.1542070312500032
0.6496223958333314	1.3642070312500036
0.749622395833331	1.5742070312500032
0.8496223958333307	1.7842070312500031
0.9496223958333303	1.9942070312500035
1.04962239583333	2.204207031250004
1.1496223958333296	2.4142070312500046
1.2496223958333292	2.624207031250004
1.3496223958333289	2.834207031250005
1.4496223958333285	3.0442070312500045
1.5496223958333282	3.254207031250004
1.6496223958333278	3.4642070312500053
1.7496223958333275	3.6742070312500044
1.849622395833327	3.8842070312500048
1.9496223958333267	4.094207031250005
2.0496223958333264	4.304207031250004
2.149622395833326	4.514207031250007
2.2496223958333257	4.724207031250006
2.3496223958333253	4.934207031250004
2.449622395833325	5.144207031250004
2.5496223958333246	5.354207031250004
2.6496223958333243	5.564207031250004
2.749622395833324	5.774207031250002
2.8496223958333236	5.984207031250004
2.949622395833323	6.194207031250007
3.049622395833323	6.404207031250004
3.1496223958333225	6.614207031250003
3.249622395833322	6.824207031250006
3.3369999999999997	7.007700000000028
1000003.337	7.007700000000028
