-100006.313	0
0	0
0.0033333333333329662	0
0.00833333333333286	0
0.015833333333333144	0
0.02708333333333357	0
0.04395833333333332	0
0.06927083333333339	0
0.1072395833333335	0
0.16419270833333321	0
0.2496223958333328	0
0.34962239583333243	0
0.4496223958333321	0
0.5496223958333317	0
0.6496223958333314	0
0.749622395833331	0
0.8496223958333307	0
0.9496223958333303	0
1.04962239583333	0
1.1496223958333296	0
1.2496223958333292	0
1.3496223958333289	0
1.4496223958333285	0
1.5496223958333282	0
1.6496223958333278	0
1.7496223958333275	0.00000000000000000000000000000020954117794933126
1.849622395833327	0.00000000000000000000000000000002465190328815662
1.9496223958333267	0
2.0496223958333264	0.00000000000000000000000000000014791141972893971
2.149622395833326	0.00000000000000000000000000000004930380657631324
2.2496223958333257	0.00000000000000000000000000000004930380657631324
2.3496223958333253	0.00000000000000000000000000000004930380657631324
2.449622395833325	0.00000000000000000000000000000014791141972893971
2.5496223958333246	0.00000000000000000000000000000029582283945787943
2.6496223958333243	0.0000000000000000000000000000002465190328815662
2.749622395833324	0.00000000000000000000000000000014791141972893971
2.8496223958333236	0.00000000000000000000000000000004930380657631324
2.949622395833323	0.00000000000000000000000000000004930380657631324
3.049622395833323	0
3.1496223958333225	0.0000000000000000000000000000001232595164407831
3.249622395833322	0.0000000000000000000000000000001355854680848614
3.3369999999999997	0
1000003.337	0
