-99999.99999999213	0
0.000000010743840483939948	0
0.0033333440771738175	0
0.008333344077173817	0.0000000000000000576799852991427
0.015833344077173815	0.0000000000000003437263434017081
0.027083344077173815	0.0000000000000010271875720874144
0.04395834407717382	0.0000000000000014039228967022084
0.06927084407717382	0.0000000000000023405725908275774
0.10723959407717382	0.000000000000001927595892303576
0.1641927190771738	0.00000000000000789657068779673
0.24962240657717383	0.00000000000001550972541958783
0.3496224065771738	0.000000000000050187688185304555
0.4496224065771738	0.000000000000020890272916944033
0.5496224065771738	0.000000000000053262652941512446
0.6496224065771737	0.000000000000163150012621013
0.7496224065771737	0.0000000000000388605099474505
0.8496224065771737	0.00000000000015856141539020772
0.9496224065771737	0.0000000000002856862726185623
1.0496224065771738	0.00000000000027914474557289824
1.1000000078661387	0.00000000000006227197384858141
1000001.1000000079	0.00000000000006227197384858141
