-99999.99999999213	0
0.000000010743840483939948	0
0.0033333440771738175	0.0032142336446110615
0.008333344077173817	0.008436548049614006
0.015833344077173815	0.01681812475038219
0.027083344077173815	0.030265525944247387
0.04395834407717382	0.051904588449036886
0.06927084407717382	0.08688023918845919
0.10723959407717382	0.14369726470125938
0.1641927190771738	0.2364767974203385
0.24962240657717383	0.38874763891745007
0.3496224065771738	0.5826722745543593
0.4496224065771738	0.7903700330501793
0.5496224065771738	1.009779651551798
0.6496224065771737	1.2395019742411202
0.7496224065771737	1.4785223829676406
0.8496224065771737	1.7260739428060692
0.9496224065771737	1.9815563066159843
1.0496224065771738	2.2444912241267363
1.1000000078661387	2.3796502280765703
1000001.1000000079	2.3796502280765703
