-99999.99999999213	0
0.000000011328228799456497	0
0.003333344661562133	0.0027554837819189805
0.008333344661562133	0.007298002738385494
0.01583334466156213	0.014673107926029962
0.02708334466156213	0.026638235775623544
0.043958344661562135	0.04609896317432804
0.06927084466156214	0.0778859467938483
0.10723959466156213	0.1300593757899425
0.16419271966156213	0.2161198257656451
0.24962240716156214	0.35875338106799104
0.3496224071615621	0.5419523571971098
0.4496224071615621	0.7394421956998833
0.5496224071615621	0.9491144061195663
0.649622407161562	1.1695415024458569
0.749622407161562	1.3996911997106907
0.849622407161562	1.6387865799096997
0.949622407161562	1.8862222117290928
1.049622407161562	2.141516898483863
1.1000000078661387	2.2729806737428135
1000001.1000000079	2.2729806737428135
