-99999.99999999213	0
0.000000007866139073442469	0
0.003333341199472407	0.001651314765789228
0.008333341199472407	0.004533480134103385
0.015833341199472405	0.009443660080008045
0.027083341199472404	0.01780083528404647
0.04395834119947241	0.03183478681904403
0.06927084119947241	0.05567229372664004
0.1072395911994724	0.09591635480913532
0.1641927161994724	0.16463328800047647
0.24962240369947242	0.28522170267485997
0.3496224036994724	0.43906238436031336
0.4496224036994724	0.6190963167737755
0.5496224036994724	0.8080765794417358
0.6496224036994723	1.0161913983649045
0.7496224036994723	1.2376270123838262
0.8496224036994723	1.4717351213062335
0.9496224036994723	1.679948254664376
1.0496224036994724	1.9259312883896178
1.1000000078661387	1.982292959451808
1000001.1000000079	1.982292959451808
