-99999.99999999213	0
0.000000007866138629353259	0
0.003333341199471963	0.01112163429701343
0.008333341199471963	0.02822994911052111
0.01583334119947196	0.05449512771264826
0.02708334119947196	0.09486405369076503
0.043958341199471965	0.15705191452778863
0.06927084119947197	0.25314076543523784
0.10723959119947196	0.40213330587384416
0.16419271619947196	0.634050544608299
0.24962240369947197	0.9965403378183857
0.34962240369947195	1.4383459263362133
0.44962240369947193	1.8955181341840373
0.5496224036994719	2.3657679108962615
0.6496224036994719	2.847549103700145
0.7496224036994719	3.3397456988818313
0.8496224036994718	3.8415188436966585
0.9496224036994718	4.352217220225736
1.049622403699472	4.871324399829247
1.1000000078719594	5.135888452686066
1000001.1000000079	5.135888452686066
