-99999.99999999213	0
0.000000007866138629353259	0
0.003333341199471963	0.010699939014244434
0.008333341199471963	0.02717400625097804
0.01583334119947196	0.05249418828654142
0.02708334119947196	0.09148515127688939
0.043958341199471965	0.15163131558290796
0.06927084119947197	0.2447171651665178
0.10723959119947196	0.3893101671185098
0.16419271619947196	0.6147975920707526
0.24962240369947197	0.9679148888457325
0.34962240369947195	1.3990288232266659
0.44962240369947193	1.845708835061755
0.5496224036994719	2.305594358294073
0.6496224036994719	2.777088434146596
0.7496224036994719	3.2590365544727673
0.8496224036994718	3.7505688960089945
0.9496224036994718	4.251009097470824
1.049622403699472	4.759819631636323
1.1000000078719594	5.01917563686934
1000001.1000000079	5.01917563686934
