-99999.99999999213	0
0.000000007866138629353259	0
0.003333341199471963	0.010285050779944384
0.008333341199471963	0.026143499107926037
0.01583334119947196	0.05055534565751499
0.02708334119947196	0.0881832931332343
0.043958341199471965	0.1463285261392356
0.06927084119947197	0.23647115788995068
0.10723959119947196	0.3767414563901723
0.16419271619947196	0.5958982206387274
0.24962240369947197	0.9397454689171878
0.34962240369947195	1.3602187269520107
0.44962240369947193	1.7963783287303763
0.5496224036994719	2.2457869664005803
0.6496224036994719	2.706791485742068
0.7496224036994719	3.1781936644818694
0.8496224036994718	3.6590876559847434
0.9496224036994718	4.148767133642812
1.049622403699472	4.646668841627938
1.1000000078719594	4.900465421952914
1000001.1000000079	4.900465421952914
