-99999.99999999213	0
0.000000007866138629353259	0
0.003333341199471963	0.009882444283460488
0.008333341199471963	0.025140177869555715
0.01583334119947196	0.048658762816958995
0.02708334119947196	0.08496390201985084
0.043958341199471965	0.14115468147991783
0.06927084119947197	0.2284170096015527
0.10723959119947196	0.3644510255596635
0.16419271619947196	0.5773846373984955
0.24962240369947197	0.9120797698048829
0.34962240369947195	1.3219811967107322
0.44962240369947193	1.747610089616662
0.5496224036994719	2.186447490654141
0.6496224036994719	2.636778717003094
0.7496224036994719	3.097356741196044
0.8496224036994718	3.567234617258608
0.9496224036994718	4.045671292937253
1.049622403699472	4.532073061121181
1.1000000078719594	4.779969734231157
1000001.1000000079	4.779969734231157
