-99999.99999999213	0
0.000000007852084760173739	0
0.0033333411854180937	0.009492076816807683
0.008333341185418093	0.024165490539421776
0.01583334118541809	0.04681503059816699
0.02708334118541809	0.08183205299565388
0.043958341185418096	0.13611741102409605
0.0692708411854181	0.2205673838580222
0.10723959118541809	0.3524580285534112
0.16419271618541809	0.5592868097995138
0.2496224036854181	0.8849626064997206
0.3496224036854181	1.2843782572664026
0.44962240368541806	1.6994829136683165
0.549622403685418	2.1276725152030838
0.649622403685418	2.5671678041310275
0.749622403685418	3.016658406579772
0.849622403685418	3.4751617474860788
0.949622403685418	3.941893521055055
1.049622403685418	4.416223879285824
1.1000000078719594	4.657890931743764
1000001.1000000079	4.657890931743764
