-99999.99999999213	0
0.000000003043142182690417	0
0.0033333363764755162	0.0087028671731241
0.008333336376475516	0.022118238738627782
0.015833336376475514	0.042819967646029355
0.027083336376475513	0.07484921705709091
0.04395833637647552	0.12457400257174146
0.06927083637647552	0.20208140933378743
0.10723958637647552	0.3234230218027601
0.1641927113764755	0.5142524565448016
0.24962239887647553	0.8157103803828449
0.3496223988764755	1.1866131572240644
0.4496223988764755	1.5731377098498418
0.5496223988764755	1.9727591724395817
0.6496223988764754	2.3837591962490943
0.7496223988764754	2.8049032260165285
0.8496223988764754	3.2352753255096847
0.9496223988764754	3.6741912357443804
1.0496223988764755	4.121145200241946
1.1000000078719594	4.3492348990401535
1000001.1000000079	4.3492348990401535
