-99999.99999999213	0
0.0000000010670300198967198	0
0.0033333344003633534	0.008320190215289338
0.008333334400363353	0.021119593720395274
0.01583333440036335	0.04085673434098111
0.02708333440036335	0.07138783990561966
0.043958334400363355	0.11880126419651403
0.06927083440036336	0.19275701481561316
0.10723958440036335	0.30866593363834843
0.16419270940036335	0.49120150582648675
0.24962239690036336	0.7800626901312258
0.34962239690036334	1.136101799908083
0.4496223969003633	1.507715464445587
0.5496223969003633	1.8924247002932426
0.6496223969003633	2.288548616714296
0.7496223969003633	2.6948859909833636
0.8496223969003632	3.110540889981839
0.9496223969003632	3.534868221356746
1.0496223969003633	3.9673895438022284
1.1000000078719594	4.188278661125868
1000001.1000000079	4.188278661125868
