-99999.99999999213	0
0	0
0.0033333333333333335	0.007544023180182649
0.008333333333333333	0.01911652246686048
0.01583333333333333	0.036934969491984423
0.02708333333333333	0.06448776559558687
0.043958333333333335	0.1073023077419083
0.06927083333333334	0.1741796642936112
0.10723958333333333	0.27923006888073365
0.16419270833333333	0.4451833339593129
0.24962239583333334	0.7088026784047236
0.3496223958333333	1.0350098385487896
0.4496223958333333	1.3766371173321978
0.5496223958333333	1.7312819505519643
0.6496223958333333	2.0973049609931884
0.7496223958333332	2.4735313307420346
0.8496223958333332	2.8590949085930295
0.9496223958333332	3.2533544941485744
1.0496223958333333	3.6558456859772694
1.1000000078719594	3.861623337314208
1000001.1000000079	3.861623337314208
