-99999.99999999213	0
0.0000000004925069241323854	0
0.0033333338258402577	0.007134447276887216
0.008333333825840257	0.018067347306418895
0.015833333825840255	0.03488934023763159
0.027083333825840255	0.06090232587855358
0.04395833382584026	0.10133483176166257
0.06927083382584026	0.16454270979448293
0.10723958382584026	0.26395424409938534
0.16419270882584025	0.4212685911890011
0.24962239632584027	0.6717033644368217
0.34962239632584025	0.9822950263865244
0.4496223963258402	1.3082031618330376
0.5496223963258402	1.6470787461148393
0.6496223963258402	1.9973151945706535
0.7496223963258402	2.357757284433695
0.8496223963258401	2.7275545247954236
0.9496223963258401	3.1060795066439746
1.0496223963258402	3.49287829304718
1.1000000078719594	3.690769012355925
1000001.1000000079	3.690769012355925
