-99999.99999999213	0
0.000000007842102967003939	0
0.0033333411754363006	0.00623859153926937
0.0083333411754363	0.01580478663504347
0.015833341175436298	0.030545987841770976
0.027083341175436298	0.05338244950503107
0.0439583411754363	0.08897678337814524
0.0692708411754363	0.14480470862980516
0.1072395911754363	0.23296187751831196
0.1641927161754363	0.3731224722037655
0.2496224036754363	0.5974413650711935
0.3496224036754363	0.8770942808370658
0.44962240367543627	1.1718030211711594
0.5496224036754362	1.479290887159386
0.6496224036754362	1.7979860335622235
0.7496224036754362	2.12674853362757
0.8496224036754362	2.4647314465817254
0.9496224036754362	2.8113011618406545
1.0496224036754362	3.1659857950724035
1.1000000078719594	3.347629144411103
1000001.1000000079	3.347629144411103
