-99999.99999999213	0
0.000000007866138629353259	0
0.003333341199471963	0.0052439231254808845
0.008333341199471963	0.013364317469961435
0.01583334119947196	0.025991722201407937
0.02708334119947196	0.04572437992587303
0.043958341199471965	0.07673223007541158
0.06927084119947197	0.125752636471196
0.10723959119947196	0.20373804971904175
0.16419271619947196	0.3285998860282417
0.24962240369947197	0.5297361073876835
0.34962240369947195	0.7818177584680649
0.44962240369947193	1.0484499858682281
0.5496224036994719	1.3273217905404944
0.6496224036994719	1.6168180098343194
0.7496224036994719	1.915739848841455
0.8496224036994718	2.223168327119018
0.9496224036994718	2.53838443779548
1.049622403699472	2.860823817692482
1.1000000078661387	3.0258526448227667
1000001.1000000079	3.0258526448227667
