-99999.99999999213	0
0.000000007866138629353259	0
0.003333341199471963	0.004203851978919103
0.008333341199471963	0.010816917896822265
0.01583334119947196	0.02123952762293832
0.02708334119947196	0.037695547508545715
0.043958341199471965	0.06380743284888142
0.06927084119947197	0.10546359443378793
0.10723959119947196	0.17230251248239178
0.16419271619947196	0.2801867219925185
0.24962240369947197	0.45530077538222125
0.34962240369947195	0.6762093856180624
0.44962240369947193	0.9110301314203761
0.5496224036994719	1.157569147574122
0.6496224036994719	1.4143082707226504
0.7496224036994719	1.6801359740227197
0.8496224036994718	1.9542161021390057
0.9496224036994718	2.2359114886330866
1.049622403699472	2.524742869751363
1.1000000078719594	2.6728371758904177
1000001.1000000079	2.6728371758904177
