-99999.99999999213	0
0.000000007866138629353259	0
0.003333341199471963	0.0036990349085504926
0.008333341199471963	0.009586634710509367
0.01583334119947196	0.01892814234177316
0.02708334119947196	0.03377721881910866
0.043958341199471965	0.05747187481208258
0.06927084119947197	0.09546889611046432
0.10723959119947196	0.156738432596135
0.16419271619947196	0.2560972656178877
0.24962240369947197	0.4181077594560924
0.34962240369947195	0.6232834761528895
0.44962240369947193	0.8420336991616645
0.5496224036994719	1.0722393646606476
0.6496224036994719	1.3124431654524782
0.7496224036994719	1.5615883459989515
0.8496224036994718	1.818890899396363
0.9496224036994718	2.083765677285265
1.049622403699472	2.355786332692833
1.1000000078661387	2.495433099209752
1000001.1000000079	2.495433099209752
