-99999.99999999213	0
0.000000007866138629353259	0
0.003333341199471963	0.0032194544380913024
0.008333341199471963	0.00841914283072415
0.01583334119947196	0.016736029687257504
0.02708334119947196	0.030049079493996093
0.043958341199471965	0.05142442058659266
0.06927084119947197	0.08589957644302154
0.10723959119947196	0.14179549920149404
0.16419271619947196	0.23291691792736716
0.24962240369947197	0.3822483117345212
0.34962240369947195	0.5721813163960454
0.44962240369947193	0.7753491685750062
0.5496224036994719	0.9896952111018676
0.6496224036994719	1.2138143883710852
0.7496224036994719	1.446694070794693
0.8496224036994718	1.687590080254388
0.9496224036994718	1.9359560436933143
1.049622403699472	2.191403851894421
1.1000000078719594	2.3226896531485
1000001.1000000079	2.3226896531485
