-99999.99999999213	0
0.000000007866138629353259	0
0.003333341199471963	0.0027983195246050513
0.008333341199471963	0.007445292240676952
0.01583334119947196	0.015076654389614455
0.02708334119947196	0.02771762295403832
0.043958341199471965	0.048846120520380655
0.06927084119947197	0.0835567297768192
0.10723959119947196	0.14050213171322132
0.16419271619947196	0.23369111461440661
0.24962240369947197	0.3862491790285397
0.34962240369947195	0.5798886309332885
0.44962240369947193	0.7862200350397451
0.5496224036994719	1.0063923079837993
0.6496224036994719	1.2373484730273037
0.7496224036994719	1.4787732981333117
0.8496224036994718	1.7276963074255491
0.9496224036994718	1.9824482157049592
1.049622403699472	2.2406317659243893
1.1000000078719594	2.352085341188271
1000001.1000000079	2.352085341188271
