-99999.99999999213	0
0.000000007866138629353259	0
0.003333341199471963	0.0000000000000000495978569300371
0.008333341199471963	0.00000000000000008776050485197765
0.01583334119947196	0
0.02708334119947196	0.0000000000000008000453170157157
0.043958341199471965	0.0000000000000013821515583487139
0.06927084119947197	0.0000000000000009320303999767617
0.10723959119947196	0.000000000000004657391051715628
0.16419271619947196	0.0000000000000128643217147768
0.24962240369947197	0.000000000000014907262492530396
0.34962240369947195	0.00000000000003209656070776814
0.44962240369947193	0.00000000000006119376372152224
0.5496224036994719	0.00000000000009521471379326028
0.6496224036994719	0.000000000000053381098448957534
0.7496224036994719	0.0000000000001201910156462655
0.8496224036994718	0.0000000000002460697213850644
0.9496224036994718	0.000000000000003992388615716496
1.049622403699472	0.00000000000016799124353374746
1.1000000078661387	0.00000000000007462959314792352
1000001.1000000079	0.00000000000007462959314792352
