-100000	0
0.0000000000000002220446049250313	0
0.0033333333333335556	0.00000000000000000000000000000003069450848867157
0.008333333333333555	0.00000000000000000000000000000003490748024201865
0.015833333333333553	0.000000000000000000000000000000030814879110195774
0.027083333333333553	0.00000000000000000000000000000004602972567085494
0.04395833333333356	0.00000000000000000000000000000006201494420926899
0.06927083333333356	0.00000000000000000000000000000000057777898331617076
0.10723958333333355	0.00000000000000000000000000000005768160183439771
0.16419270833333355	0.00000000000000000000000000000028542281775818835
0.24962239583333357	0.00000000000000000000000000000028041539990278154
0.34962239583333354	0.00000000000000012678776746477713
0.4496223958333335	0.00000000000000016042084944828473
0.5496223958333335	0.00000000000000020996291114940358
0.6496223958333335	0.00000000000000016073809870903147
0.7496223958333335	0.00000000000000023488009662642955
0.8496223958333334	0.0000000000000008067548698509769
0.9496223958333334	0.0000000000000009382787711581485
1.0496223958333335	0.0000000000000010906414610577633
1.1496223958333336	0.0000000000000011693786889718045
1.2496223958333337	0.0000000000000012243597388373964
1.3496223958333338	0.0000000000000011898538320658162
1.4496223958333339	0.000000000000001380011116683418
1.549622395833334	0.0000000000000014770614901386615
1.600000000005821	0.0000000000000011301786655515345
1000001.6	0.0000000000000011301786655515345
