-100000	0
0	0
0.0033333333333333335	0.000000000000000000000000000000024459310293717895
0.008333333333333333	0.0000000000000000000000000000000008666684749742561
0.01583333333333333	0.000000000000000000000000000000013288916616271927
0.02708333333333333	0.000000000000000000000000000000013144471870442885
0.043958333333333335	0.00000000000000000000000000000003110376860185386
0.06927083333333334	0.0000000000000000000000000000001237409989268799
0.10723958333333333	0.00000000000000000000000000000015638551148424355
0.16419270833333333	0.0000000000000000000000000000019844782146966078
0.24962239583333334	0.0000000000000000000000000000011278245754331653
0.3496223958333333	0.00000000000000012400989721581378
0.4496223958333333	0.00000000000000017023141607398265
0.5496223958333333	0.00000000000000008781976143981301
0.6496223958333333	0.00000000000000008141884303451112
0.7496223958333332	0.00000000000000020737309195703312
0.8496223958333332	0.0000000000000005158783500586582
0.9496223958333332	0.0000000000000005777933840404464
1.0496223958333333	0.0000000000000006814464010763732
1.1496223958333334	0.0000000000000006883305304446426
1.2496223958333335	0.0000000000000008315959130652081
1.3496223958333335	0.0000000000000009500182422494413
1.4496223958333336	0.000000000000000970864572021359
1.5496223958333337	0.000000000000001045264001056405
1.600000000005821	0.000000000000000881716208066347
1000001.6	0.000000000000000881716208066347
