-100003.35666894531	0
1.8373315429687498	0
1.8406648763020828	0
1.8456648763020826	0
1.853164876302083	0
1.8644148763020834	0
1.881289876302083	0.0000000000000000000000000000000002407412430484045
1.9066023763020832	0.000000000000000000000000000000000481482486096809
1.9445711263020833	0.0000000000000000000000000000000017333369499485123
2.001524251302083	0.000000000000000000000000000000005200010849845537
2.0869539388020835	0.0000000000000000000000000000000015407439555097887
2.186953938802083	0.000000000000000000000000000000003851859888774472
2.2869539388020828	0.000000000000000000000000000000004622231866529366
2.3869539388020824	0.000000000000000000000000000000019451892438311082
2.486953938802082	0.000000000000000000000000000000029274135154685985
2.5869539388020817	0.0000000000000000000000000000003297192064790948
2.6869539388020813	0.000000000000000000000000000001228358118530179
2.786953938802081	0.0000000000000000000000000000001355854680848614
2.8869539388020806	0.000000000000000000000000000000043140830754274083
2.9563310546874995	0.000000000000000000000000000000030814879110195774
1000002.9563310547	0.000000000000000000000000000000030814879110195774
