-100003.35666894531	0
1.5698193502660738	0
1.5731526835994067	0.000000030047692141611197
1.5781526835994066	0.0000004695716940225327
1.585652683599407	0.000003232807101874311
1.5969026835994073	0.00001625049941450065
1.613777683599407	0.00006997624308952355
1.6390901835994072	0.0002766287326933361
1.6770589335994073	0.0010425365040669077
1.734012058599407	0.003831873448106296
1.8194417460994066	0.01397506518786762
1.9194417460994062	0.03919291004448033
2.019441746099406	0.08210903521051768
2.1194417460994055	0.14272388706724962
2.219441746099405	0.22376869252577009
2.319441746099405	0.32434048222783424
2.4194417460994044	0.44378712105995277
2.519441746099404	0.5764580334889381
2.6194417460994037	0.7218470513293024
2.7194417460994034	0.879511925828136
2.819441746099403	1.0494246764730257
2.9194417460994027	1.2269326389155082
2.9563310546875003	1.2916921693643146
1000002.9563310547	1.2916921693643146
