-100003.35666894531	0
1.2939160156250002	0
1.2972493489583332	0.000000021693955674007622
1.302249348958333	0.00000033896805740640097
1.3097493489583334	0.000002324981905750901
1.3209993489583338	0.000011701049528150594
1.3378743489583336	0.00005060208516893539
1.3631868489583336	0.0002012043911363643
1.4011555989583337	0.0007641778410672003
1.4581087239583335	0.0028389989601142014
1.543538411458333	0.01047366594187346
1.6435384114583327	0.0299806679190047
1.7435384114583323	0.06307004653318662
1.843538411458332	0.11059493127086512
1.9435384114583316	0.17320394602508823
2.0435384114583313	0.2510539404543681
2.143538411458331	0.34392883345212727
2.2435384114583306	0.45137938589002485
2.34353841145833	0.5728421534249918
2.44353841145833	0.7077164529280907
2.5435384114583295	0.855405098067255
2.643538411458329	1.0153342199870885
2.7435384114583288	1.1869608299586993
2.8435384114583284	1.3697741884838264
2.943538411458328	1.5632932338359804
2.9563310546874986	1.5887986271373389
1000002.9563310547	1.5887986271373389
