-100003.35666894531	0
0.9762346379952405	0
0.9795679713285734	0.00000001460820492046484
0.9845679713285733	0.00000022825320188229963
0.9920679713285736	0.0000015685017540792439
1.003317971328574	0.00000792420404560042
1.0201929713285738	0.00003420829719077369
1.0455054713285739	0.00013602336190045886
1.083474221328574	0.0005171448749684353
1.1404273463285737	0.001925065494768479
1.2258570338285741	0.007140243094525212
1.3258570338285738	0.02085120358992232
1.4258570338285734	0.045641040317291805
1.525857033828573	0.0826553851934998
1.6258570338285727	0.13274526624703337
1.7258570338285724	0.19654471071917762
1.825857033828572	0.27427169716034633
1.9258570338285717	0.3659944455123442
2.0258570338285713	0.4716517572069342
2.125857033828571	0.5909553707501269
2.2258570338285706	0.7234799349875934
2.3258570338285702	0.8687356800156969
2.42585703382857	1.026213996790943
2.5258570338285695	1.1954118124097257
2.625857033828569	1.3758443273050958
2.725857033828569	1.5670496720329044
2.8258570338285685	1.768589994806917
2.925857033828568	1.9800502352075091
2.9563310546874995	2.046402204501368
1000002.9563310547	2.046402204501368
