-100000	0
0	0
0.0033333333333333335	0.000008597744379870614
0.008333333333333333	0.0001240468268845249
0.01583333333333333	0.0007881680765300613
0.02708333333333333	0.003557911554138317
0.043958333333333335	0.010900815613102272
0.06927083333333334	0.02718723502723304
0.10723958333333333	0.06042043500431589
0.16419270833333333	0.12494928431066109
0.24962239583333334	0.24508188524986244
0.3496223958333333	0.41173505217212014
0.4496223958333333	0.604227012118456
0.5496223958333333	0.8162118250525217
0.6496223958333333	1.0417624346088175
0.7496223958333332	1.1917897172490381
0.8496223958333332	1.2834366476128474
0.9496223958333332	1.3408539234987242
1.0496223958333333	1.373742720023673
1.1496223958333334	1.3880854331490633
1.2496223958333335	1.3894369895254342
1.3496223958333335	1.3832227969912212
1.4496223958333336	1.3673837190965343
1.5496223958333337	1.3583431989030237
1.6496223958333338	1.347100264136955
1.749622395833334	1.3370963424546585
1.849622395833334	1.3290383397146541
1.949622395833334	1.3219193864733203
2.049622395833334	1.3157636334200078
2.149622395833334	1.3098046238043322
2.249622395833334	1.3048264432802665
2.349622395833334	1.3001560835778112
2.4496223958333343	1.2965644927995736
2.5496223958333344	1.2933936688016294
2.6496223958333345	1.2908139849619846
2.7496223958333346	1.2887119083997896
2.8496223958333347	1.2870254122693083
2.9496223958333347	1.2856189950577739
3.049622395833335	1.2845328887099312
3.149622395833335	1.2840798892787206
3.249622395833335	1.2836330553432307
3.349622395833335	1.2832787579434224
3.449622395833335	1.283218022786649
3.5496223958333353	1.2836190465232233
3.6496223958333354	1.283722768528112
3.7496223958333355	1.2843433120114391
3.8496223958333355	1.284755480254849
3.9496223958333356	1.2854738012638243
4.049622395833335	1.2858826104301353
4.149622395833335	1.2864935412552578
4.249622395833335	1.2868993366099686
4.349622395833334	1.2876065742897014
4.449622395833334	1.2880090884364332
4.5496223958333335	1.2886106295412054
4.649622395833333	1.288910424588145
4.749622395833333	1.2896073457511918
4.849622395833332	1.2898058317811005
4.949622395833332	1.2903007416179322
5.049622395833332	1.290498218235133
5.149622395833331	1.2911870601455444
5.249622395833331	1.2914812222492176
5.349622395833331	1.292262488799258
5.44962239583333	1.2928454796936324
5.54962239583333	1.2938115051405628
5.64962239583333	1.2944835949811013
5.749622395833329	1.2952475639238779
5.849622395833329	1.2961963730996657
5.9496223958333285	1.2973260202152292
6.049622395833328	1.2982600466976715
6.149622395833328	1.2987807458078313
6.2496223958333275	1.2999247185965437
6.349622395833327	1.3005664103923014
6.449622395833327	1.3018403163420702
6.549622395833326	1.3027426514529674
6.649622395833326	1.3039063104770992
6.749622395833326	1.3049711837769287
6.849622395833325	1.3062898966996455
6.949622395833325	1.307248363344219
7.049622395833325	1.3087154527828255
7.149622395833324	1.3099109624920557
7.249622395833324	1.3112634203689377
7.3496223958333236	1.3125181683219818
7.449622395833323	1.3132650254753215
7.549622395833323	1.314499770466616
7.6496223958333225	1.3160461522300066
7.749622395833322	1.3172533473027557
7.849622395833322	1.3184486837672698
7.949622395833321	1.3198676478896223
8.049622395833321	1.3212700691876902
8.14962239583332	1.3225030336663304
8.24962239583332	1.3237233611571493
8.34962239583332	1.3251563148247563
8.44962239583332	1.3261268773321653
8.54962239583332	1.327015728834431
8.649622395833319	1.3281903750546455
8.749622395833319	1.3295699719489178
8.849622395833318	1.331218195290374
8.949622395833318	1.3323510532721516
9.049622395833318	1.3335425080519139
9.149622395833317	1.334928347441303
9.249622395833317	1.335956749698181
9.349622395833316	1.3370434142346497
9.449622395833316	1.338119626407502
9.549622395833316	1.3391192332315256
9.649622395833315	1.3393183181723674
9.65	1.3287743590752632
1000009.65	1.3287743590752632
