-100000	0
0.01790498047878053	0
0.021238313812113864	0.000009754337592875264
0.026238313812113865	0.00013710264108503004
0.03373831381211387	0.0008053897674279491
0.044988313812113864	0.0029714414789850842
0.061863313812113865	0.008167812742874581
0.08717581381211387	0.019269147749103974
0.12514456381211386	0.04164941851286045
0.18209768881211386	0.08520159818784878
0.2675273763121139	0.16787712836047142
0.36752737631211385	0.28529617629514736
0.46752737631211383	0.42054250918912256
0.5675273763121138	0.5705423242804126
0.6675273763121138	0.7330831845472399
0.7675273763121138	0.9064648949155871
0.8675273763121137	1.0893277878213248
0.9675273763121137	1.2805460409493332
1.0675273763121138	1.4791623631207529
1.167527376312114	1.6843494937794632
1.267527376312114	1.8953823605558373
1.367527376312114	2.1116167121718217
1.4675273763121142	2.335150171393143
1.5675273763121143	2.5710986362443395
1.6675273763121143	2.816667904003842
1.7675273763121144	3.067451233105517
1.8675273763121145	3.322011040553801
1.9675273763121146	3.5777118662478475
2.0675273763121145	3.838487739629009
2.1675273763121146	4.101766355367911
2.2675273763121147	4.367663611176951
2.3675273763121147	4.63594457690184
2.467527376312115	4.907199498773302
2.567527376312115	5.179872673406695
2.667527376312115	5.454809100789383
2.767527376312115	5.731342788139921
2.867527376312115	6.0096713980231975
2.9675273763121153	6.2891408636988135
3.0675273763121154	6.569428650896837
3.1675273763121155	6.850222216629171
3.2675273763121155	7.1320361227548155
3.3675273763121156	7.413222483966781
3.4675273763121157	7.691677195684536
3.567527376312116	7.974130216917628
3.667527376312116	8.247793541289672
3.767527376312116	8.50292283741597
3.867527376312116	8.76959369320452
3.967527376312116	9.023030211990399
4.067527376312116	9.278973151095165
4.1675273763121155	9.528286302618042
4.267527376312115	9.775249230069598
4.367527376312115	10.01781276737181
4.467527376312114	10.280275658227556
4.567527376312114	10.525506071748023
4.667527376312114	10.761766967293909
4.767527376312113	10.994803673143402
4.867527376312113	11.230159785418913
4.967527376312113	11.474438582527387
5.067527376312112	11.720882450759165
5.167527376312112	11.96636628096521
5.2675273763121115	12.22719906642138
5.367527376312111	12.47710702023246
5.467527376312111	12.737542752739866
5.5675273763121105	12.983826742376769
5.66752737631211	13.235494689839467
5.76752737631211	13.488753351815415
5.867527376312109	13.72163380629691
5.967527376312109	13.969077388968454
6.067527376312109	14.210654572973635
6.167527376312108	14.468756086554425
6.267527376312108	14.730198363915772
6.367527376312108	14.980307267564761
6.467527376312107	15.26782739641184
6.567527376312107	15.55651595426345
6.667527376312107	15.865332839752371
6.767527376312106	16.165751249552358
6.867527376312106	16.480998772670304
6.9675273763121055	16.800457894559003
7.067527376312105	17.126758109136176
7.167527376312105	17.462126831938168
7.267527376312104	17.80683171553016
7.367527376312104	18.16052354626519
7.467527376312104	18.52576624155172
7.567527376312103	18.90061231446647
7.667527376312103	19.282507396657685
7.767527376312103	19.676379460143348
7.867527376312102	20.07930431249599
7.967527376312102	20.49608110596843
8.067527376312102	20.92002835446607
8.167527376312101	21.358064870218957
8.2675273763121	21.807212725924252
8.3675273763121	22.265517820518188
8.4675273763121	22.738911004410117
8.5675273763121	23.22282936467428
8.6675273763121	23.721907164115784
8.767527376312099	24.22739935492324
8.867527376312099	24.74750349037213
8.967527376312098	25.277724809917807
9.067527376312098	25.82066969940433
9.167527376312098	26.370132056044856
9.267527376312097	26.931519413959755
9.367527376312097	27.49724590465254
9.467527376312097	28.071689936880613
9.567527376312096	28.648689091833592
9.65	29.106174088755214
1000009.65	29.106174088755214
