-100000	0
0.031409211938301596	0
0.03474254527163493	0.0000062603944837448315
0.03974254527163493	0.00008754587034644943
0.04724254527163493	0.0005140048120499069
0.05849254527163493	0.0020980219352105104
0.07536754527163493	0.006383501786520517
0.10068004527163493	0.01595351232040428
0.13864879527163493	0.035685121018631236
0.19560192027163492	0.07463146213297407
0.28103160777163494	0.14934988053664702
0.3810316077716349	0.2563424951386016
0.4810316077716349	0.38035008220716876
0.5810316077716349	0.5185732918395626
0.6810316077716349	0.6689824348802909
0.7810316077716348	0.8300249849123486
0.8810316077716348	1.0004484863513268
0.9810316077716348	1.1792089274161746
1.0810316077716349	1.3654126908648023
1.181031607771635	1.5582868658848066
1.281031607771635	1.75714656327416
1.3810316077716351	1.9613803477968097
1.4810316077716352	2.1704365778945744
1.5810316077716353	2.3838130682890335
1.6810316077716354	2.601049363031597
1.7810316077716355	2.8217208485394556
1.8810316077716356	3.0454339745561936
1.9810316077716357	3.2718225532173673
2.0810316077716355	3.500544082558121
2.1810316077716356	3.7312774333246974
2.2810316077716357	3.9637210943229975
2.381031607771636	4.197591017894064
2.481031607771636	4.432619384007751
2.581031607771636	4.668553104736267
2.681031607771636	4.905153049908117
2.781031607771636	5.142192965285284
2.8810316077716362	5.379459022817868
2.9810316077716363	5.616748909265795
3.0810316077716364	5.853871735474707
3.1810316077716365	6.090647309189833
3.2810316077716366	6.326906145149681
3.3810316077716367	6.562489092443266
3.481031607771637	6.7972473251152525
3.581031607771637	7.031042257940719
3.681031607771637	7.2637456074152515
3.781031607771637	7.495239499540891
3.881031607771637	7.725416657984564
3.9810316077716372	7.954180646287548
4.081031607771637	8.181446251751678
4.1810316077716365	8.407105017976598
4.281031607771636	8.631199949423403
4.381031607771636	8.85357784955959
4.4810316077716354	9.074238163682297
4.581031607771635	9.293159904927926
4.681031607771635	9.510337068838949
4.781031607771634	9.725780172862539
4.881031607771634	9.93951696402781
4.981031607771634	10.151594355216847
5.081031607771633	10.362079728594018
5.181031607771633	10.571062776359575
5.281031607771633	10.778657338357531
5.381031607771632	10.985004599836236
5.481031607771632	11.190274866393352
5.5810316077716315	11.39466873252698
5.681031607771631	11.598434893541253
5.781031607771631	11.80184471667359
5.8810316077716305	12.005227309889303
5.98103160777163	12.208959915575615
6.08103160777163	12.413477583580196
6.181031607771629	12.619281255969145
6.281031607771629	12.82694476184133
6.381031607771629	13.037136410843566
6.481031607771628	13.250611262720705
6.581031607771628	13.468247542859716
6.681031607771628	13.69110552747903
6.781031607771627	13.920147533862835
6.881031607771627	14.155935738413065
6.981031607771627	14.39894721229369
7.081031607771626	14.649606030317742
7.181031607771626	14.9082896126128
7.2810316077716255	15.175336940576031
7.381031607771625	15.451054623440323
7.481031607771625	15.735722681185507
7.581031607771624	16.029598437631584
7.681031607771624	16.33292050379868
7.781031607771624	16.645911969095682
7.881031607771623	16.968782180502817
7.981031607771623	17.30172953581739
8.081031607771623	17.64494446641629
8.181031607771622	17.998602950083278
8.281031607771622	18.36288383818807
8.381031607771622	18.737953256353208
8.481031607771621	19.1239732909869
8.58103160777162	19.521101284567177
8.68103160777162	19.929489330433242
8.78103160777162	20.34928499869127
8.88103160777162	20.780630371881397
8.98103160777162	21.22366232310794
9.081031607771619	21.678511413049225
9.181031607771619	22.145301347778922
9.281031607771618	22.624147635910983
9.381031607771618	23.115157228038147
9.481031607771618	23.618423128657007
9.581031607771617	24.134029820407502
9.65	24.49686185143154
1000009.65	24.49686185143154
