-100000	0
0.08684375832967639	0
0.09017709166300972	0.000002001098955945092
0.09517709166300972	0.000028667910352136852
0.10267709166300973	0.0001744151094013227
0.11392709166300972	0.0007554708835100291
0.1308020916630097	0.002726389827625907
0.15611459166300973	0.008667447004649219
0.19408334166300972	0.02301810018847437
0.2510364666630097	0.05320581716918238
0.33646615416300973	0.1131749530536382
0.4364661541630097	0.20090553208626283
0.5364661541630097	0.3040231988729459
0.6364661541630097	0.42014269575786684
0.7364661541630096	0.5475646120719305
0.8364661541630096	0.6849806144977864
0.9364661541630096	0.831332786989085
1.0364661541630096	0.9857352941841078
1.1364661541630097	1.1474262584440138
1.2364661541630098	1.3157369884117993
1.3364661541630098	1.4900706703942734
1.43646615416301	1.6698875380894416
1.53646615416301	1.8546939814443897
1.6364661541630101	2.0440343281189923
1.7364661541630102	2.237484718726963
1.8364661541630103	2.4346725741630473
1.9364661541630104	2.6351497093413707
2.0364661541630102	2.838635825419686
2.1364661541630103	3.044769590621546
2.2364661541630104	3.2532292606329833
2.3364661541630105	3.463706785037648
2.4364661541630106	3.675908681067158
2.5364661541630107	3.8895439483142447
2.6364661541630108	4.10434474421855
2.736466154163011	4.3200439805661
2.836466154163011	4.536385412798816
2.936466154163011	4.753124827393283
3.036466154163011	4.970010760398533
3.136466154163011	5.186821692677594
3.2364661541630113	5.40332833310913
3.3364661541630114	5.619312187493352
3.4364661541630115	5.834561648628236
3.5364661541630116	6.0488720612878275
3.6364661541630117	6.2620456651114775
3.7364661541630118	6.473891727615404
3.836466154163012	6.684226685485992
3.936466154163012	6.892874393437777
4.036466154163012	7.099666371582466
4.136466154163012	7.304442180346378
4.236466154163011	7.507049809843486
4.336466154163011	7.707346291366538
4.436466154163011	7.905198174735642
4.53646615416301	8.100482360951865
4.63646615416301	8.293086784631557
4.7364661541630095	8.48291147411117
4.836466154163009	8.669869507418746
4.936466154163009	8.853888396039046
5.0364661541630085	9.034911469918212
5.136466154163008	9.212899568552384
5.236466154163008	9.387833238112576
5.336466154163007	9.559714661227128
5.436466154163007	9.728570778582561
5.536466154163007	9.894456260976153
5.636466154163006	10.05745806883617
5.736466154163006	10.217699542410289
5.836466154163006	10.375346951352753
5.936466154163005	10.530616773348168
6.036466154163005	10.683784862512448
6.136466154163005	10.835197974002748
6.236466154163004	10.985293643769339
6.336466154163004	11.13461374555117
6.4364661541630035	11.283842482462768
6.536466154163003	11.433842763628972
6.636466154163003	11.585722715346845
6.736466154163002	11.740935430013586
6.836466154163002	11.900826806888636
6.936466154163002	12.066134947711685
7.036466154163001	12.23754499892377
7.136466154163001	12.415492923418746
7.236466154163001	12.600450218821276
7.336466154163	12.792804768586302
7.436466154163	12.992901182458208
7.536466154163	13.201047975077831
7.636466154162999	13.417526408108506
7.736466154162999	13.642594692451569
7.8364661541629985	13.876492988724653
7.936466154162998	14.119446350856265
8.036466154162998	14.371667356427597
8.136466154162997	14.633358786780313
8.236466154162997	14.904716224734818
8.336466154162997	15.185927620462444
8.436466154162996	15.477175469377185
8.536466154162996	15.778637295134349
8.636466154162996	16.090486492317527
8.736466154162995	16.412892287232545
8.836466154162995	16.746020348737773
8.936466154162995	17.090032325556674
9.036466154162994	17.44508606589516
9.136466154162994	17.81133380064146
9.236466154162994	18.18892367287271
9.336466154162993	18.57799653457692
9.436466154162993	18.97868549883144
9.536466154162992	19.39111425814784
9.636466154162992	19.815395034729512
9.65	19.8737327828409
1000009.65	19.8737327828409
