-100000	0
0.1412107481409297	0
0.14454408147426304	0.0000013256381680546089
0.14954408147426304	0.00001888750834136595
0.15704408147426305	0.00011438653921684835
0.16829408147426306	0.0004956658257859526
0.18516908147426306	0.0018003840708715791
0.21048158147426305	0.005862389890630927
0.24845033147426304	0.017302721059121156
0.30540345647426304	0.04332616259801152
0.39083314397426305	0.09651282291329354
0.49083314397426303	0.17542133585987887
0.590833143974263	0.2689155644801096
0.690833143974263	0.3747723214569801
0.790833143974263	0.49142478501566644
0.8908331439742629	0.617673522467738
0.9908331439742629	0.7525500057115357
1.090833143974263	0.895242378658752
1.190833143974263	1.0450505121516434
1.290833143974263	1.201357360973267
1.3908331439742632	1.3636095721841763
1.4908331439742633	1.5313038122055058
1.5908331439742633	1.7039764658005714
1.6908331439742634	1.8811968421485263
1.7908331439742635	2.062560973463845
1.8908331439742636	2.247687569053635
1.9908331439742637	2.4362141347803994
2.0908331439742636	2.6277947139904474
2.1908331439742637	2.822097303599865
2.2908331439742637	3.018802367422052
2.390833143974264	3.2176057752035625
2.490833143974264	3.418192307395121
2.590833143974264	3.6202866899907917
2.690833143974264	3.823600510690038
2.790833143974264	4.027857435991458
2.8908331439742643	4.232787769415833
2.9908331439742644	4.438127673904203
3.0908331439742645	4.643619130660509
3.1908331439742645	4.849011008518925
3.2908331439742646	5.054027616006301
3.3908331439742647	5.258502695324234
3.490833143974265	5.4621260989577
3.590833143974265	5.66468968203783
3.690833143974265	5.865966619510357
3.790833143974265	6.065735447163375
3.890833143974265	6.263780248235838
3.9908331439742653	6.459890933347296
4.090833143974265	6.6538636073430935
4.190833143974265	6.845500839691102
4.290833143974265	7.034612263358228
4.390833143974264	7.221015081664392
4.490833143974264	7.404534721337397
4.590833143974264	7.585005594088783
4.690833143974263	7.762271927430849
4.790833143974263	7.936188769372064
4.8908331439742625	8.106623126268337
4.990833143974262	8.27345532613247
5.090833143974262	8.436580439059778
5.190833143974261	8.595910371544285
5.290833143974261	8.751375644618847
5.390833143974261	8.90292620535785
5.49083314397426	9.05054454531282
5.59083314397426	9.194228695788588
5.69083314397426	9.334018006377464
5.790833143974259	9.4699877023847
5.890833143974259	9.602258823572887
5.990833143974259	9.731007307755624
6.090833143974258	9.856476306421584
6.190833143974258	9.978992760952304
6.2908331439742575	10.098990936189919
6.390833143974257	10.217046032448447
6.490833143974257	10.333926527397962
6.5908331439742565	10.450669567642345
6.690833143974256	10.56874514025574
6.790833143974256	10.689945672626283
6.890833143974255	10.815367997194949
6.990833143974255	10.94576451564125
7.090833143974255	11.081747127364789
7.190833143974254	11.223834184910075
7.290833143974254	11.372468484759747
7.390833143974254	11.528035596477578
7.490833143974253	11.690876978433826
7.590833143974253	11.861299511265054
7.6908331439742526	12.039582598021399
7.790833143974252	12.225983894608218
7.890833143974252	12.420743059637553
7.9908331439742515	12.624086083408367
8.090833143974251	12.836226238241371
8.19083314397425	13.057369026923523
8.29083314397425	13.287711950501755
8.39083314397425	13.527446219452186
8.49083314397425	13.77675769182098
8.59083314397425	14.035828130355071
8.690833143974249	14.304835546290331
8.790833143974249	14.583954592400863
8.890833143974248	14.873356786059142
8.990833143974248	15.173210667551402
9.090833143974248	15.483681242841143
9.190833143974247	15.80493458690806
9.290833143974247	16.137113701022603
9.390833143974247	16.48038415792684
9.490833143974246	16.834886285604217
9.590833143974246	17.20075666045502
9.65	17.422636487852227
1000009.65	17.422636487852227
