-100000	0
0.4757434692382816	0
0.47907680257161495	0.0000012579150810273096
0.48407680257161495	0.000012551124730394493
0.49157680257161496	0.00006255536081584693
0.5028268025716149	0.00023878509635573615
0.5197018025716149	0.0007975047663602104
0.5450143025716149	0.0024635851110754647
0.5829830525716149	0.007239593173334898
0.6399361775716149	0.02053223633988256
0.7253658650716149	0.05497842081966233
0.8253658650716149	0.1106764213236403
0.9253658650716149	0.17907470306853332
1.0253658650716149	0.258237804714885
1.125365865071615	0.34690369044097963
1.225365865071615	0.44413649923463794
1.3253658650716151	0.549188378281542
1.4253658650716152	0.6614305314977033
1.5253658650716153	0.780315620726731
1.6253658650716154	0.9053533542909629
1.7253658650716155	1.0360953859380237
1.8253658650716156	1.1721242376769234
1.9253658650716157	1.3130458010698989
2.0253658650716155	1.4584836469542142
2.1253658650716156	1.6080747805818671
2.2253658650716157	1.7614663397114487
2.325365865071616	1.918312968192949
2.425365865071616	2.0782750415812377
2.525365865071616	2.24103208617797
2.625365865071616	2.4062041184347134
2.725365865071616	2.5735057794538294
2.8253658650716162	2.7425901928077963
2.9253658650716163	2.913125895258113
3.0253658650716164	3.084780648857631
3.1253658650716165	3.2572229264999195
3.2253658650716166	3.430112453411324
3.3253658650716167	3.6031183307400174
3.4253658650716168	3.7758998871193645
3.525365865071617	3.9481167807553006
3.625365865071617	4.119426501757737
3.725365865071617	4.289484552582152
3.825365865071617	4.457944657936542
3.925365865071617	4.624458801556508
4.025365865071617	4.788677631802224
4.1253658650716165	4.950250609242208
4.225365865071616	5.108826505632464
4.325365865071616	5.264053708571249
4.4253658650716154	5.4155807828933495
4.525365865071615	5.563057132022987
4.625365865071615	5.706132903678088
4.725365865071614	5.844462043262362
4.825365865071614	5.977697116772563
4.925365865071614	6.105499396448588
5.025365865071613	6.22753190148595
5.125365865071613	6.343463565609389
5.225365865071613	6.452970171596916
5.325365865071612	6.555735598891512
5.425365865071612	6.65145328979879
5.5253658650716115	6.739827845291608
5.625365865071611	6.820576753614752
5.725365865071611	6.8934333495226925
5.8253658650716105	6.958148027973462
5.92536586507161	7.014492012258734
6.02536586507161	7.062255742505192
6.125365865071609	7.101226618553791
6.225365865071609	7.1307889162479645
6.325365865071609	7.151247456897896
6.425365865071608	7.1593420000227
6.525365865071608	7.1593420000227
6.625365865071608	7.1593420000227
6.725365865071607	7.1593420000227
6.825365865071607	7.1593420000227
6.925365865071607	7.1593420000227
7.025365865071606	7.1593420000227
7.125365865071606	7.1593420000227
7.2253658650716055	7.1593420000227
7.325365865071605	7.1593420000227
7.425365865071605	7.1593420000227
7.525365865071604	7.1593420000227
7.625365865071604	7.177721109845203
7.725365865071604	7.221444295676998
7.825365865071603	7.271345656881061
7.925365865071603	7.327641868046507
8.025365865071603	7.390557826597359
8.125365865071602	7.460316904915892
8.225365865071602	7.537137257791415
8.325365865071602	7.621232970641783
8.425365865071601	7.712813579309161
8.5253658650716	7.812084074788573
8.6253658650716	7.919245719304928
8.7253658650716	8.034496276960137
8.8253658650716	8.15802775644845
8.9253658650716	8.290029646728971
9.025365865071599	8.430683867226016
9.125365865071599	8.58017065125276
9.225365865071598	8.738656994761415
9.325365865071598	8.90630563936537
9.425365865071598	9.08326802617762
9.525365865071597	9.269682795389722
9.625365865071597	9.465676698040891
9.65	9.51544285488591
1000009.65	9.51544285488591
