-100000	0
0.6617131358074335	0
0.6650464691407668	0.0000014814247987415607
0.6700464691407668	0.000012875259838766778
0.6775464691407668	0.000058701542211285953
0.6887964691407668	0.0002110330460698718
0.7056714691407667	0.0006745083589082992
0.7309839691407667	0.0020198910566676396
0.7689527191407667	0.005816374380368496
0.8259058441407667	0.016329225181613317
0.9113355316407667	0.044995045735113065
1.0113355316407668	0.09593567438113217
1.111335531640767	0.16008161228564768
1.211335531640767	0.23517745590823175
1.311335531640767	0.31989566687201787
1.4113355316407672	0.41326203997839644
1.5113355316407673	0.5145111073355537
1.6113355316407674	0.6229921253422304
1.7113355316407675	0.7381770750657508
1.8113355316407675	0.8595341049402225
1.9113355316407676	0.9866125129178546
2.0113355316407677	1.1189816998565545
2.111335531640768	1.256229963250717
2.211335531640768	1.3979670114162759
2.311335531640768	1.5438085265842036
2.411335531640768	1.693381473800839
2.511335531640768	1.8463179817036206
2.6113355316407683	2.002253913031961
2.7113355316407683	2.160827093400217
2.8113355316407684	2.32167608323768
2.9113355316407685	2.4844392014452876
3.0113355316407686	2.6487600317657454
3.1113355316407687	2.814254200615792
3.211335531640769	2.9805747355487813
3.311335531640769	3.147344495688241
3.411335531640769	3.3141906976558624
3.511335531640769	3.4807371734573573
3.611335531640769	3.6466038805466816
3.7113355316407692	3.811407778144084
3.8113355316407693	3.9747624913060444
3.9113355316407694	4.136278118006171
4.0113355316407695	4.295561724203558
4.111335531640769	4.4522172700411655
4.211335531640769	4.605846808442745
4.311335531640768	4.75604870976114
4.411335531640768	4.902419850549581
4.511335531640768	5.044554688056448
4.611335531640767	5.182045333457675
4.711335531640767	5.314481640554593
4.811335531640767	5.44144974307066
4.911335531640766	5.562531521512971
5.011335531640766	5.6773019131201155
5.111335531640766	5.7853251414873545
5.211335531640765	5.886148278602539
5.311335531640765	5.979290236759378
5.4113355316407645	6.0642211254026614
5.511335531640764	6.1403256049774795
5.611335531640764	6.206816968486819
5.7113355316407635	6.262521328069501
5.811335531640763	6.305161381628145
5.911335531640763	6.331457660726016
6.011335531640762	6.344252848534866
6.111335531640762	6.348496302617805
6.211335531640762	6.348834102902788
6.311335531640761	6.348834102902788
6.411335531640761	6.348834102902788
6.511335531640761	6.348834102902788
6.61133553164076	6.348834102902788
6.71133553164076	6.348834102902788
6.8113355316407596	6.348834102902788
6.911335531640759	6.348834102902788
7.011335531640759	6.348834102902788
7.1113355316407585	6.348834102902788
7.211335531640758	6.348834102902788
7.311335531640758	6.348834102902788
7.411335531640757	6.348834102902788
7.511335531640757	6.348834102902788
7.611335531640757	6.349255682761338
7.711335531640756	6.35181564373639
7.811335531640756	6.356894501252679
7.911335531640756	6.365250440612529
8.011335531640755	6.37764013839202
8.111335531640755	6.3948306822681795
8.211335531640755	6.417610268790506
8.311335531640754	6.446796217564059
8.411335531640754	6.4830779899940465
8.511335531640754	6.526582943770459
8.611335531640753	6.57737695432973
8.711335531640753	6.6355819530018225
8.811335531640752	6.701357921475034
8.911335531640752	6.774884926972921
9.011335531640752	6.856353806668814
9.111335531640751	6.94595645761922
9.211335531640751	7.043873784984655
9.31133553164075	7.150269787133946
9.41133553164075	7.265282799000701
9.51133553164075	7.3890155726496225
9.61133553164075	7.521525768164662
9.65	7.575119291548508
1000009.65	7.575119291548508
