-100000	0
1.1952827055534296	0
1.198616038886763	0.0000011375768205989464
1.203616038886763	0.000009810513019546287
1.211116038886763	0.00004458497161739952
1.222366038886763	0.00015996546509475893
1.239241038886763	0.0005101510527518053
1.264553538886763	0.0015256009390353911
1.3025222888867631	0.004392143132262274
1.359475413886763	0.012349532515968481
1.444905101386763	0.03417278499956159
1.5449051013867632	0.07738804657804253
1.6449051013867633	0.14075215490143667
1.7449051013867634	0.21840959829328827
1.8449051013867634	0.30695694792863837
1.9449051013867635	0.40467601507889017
2.0449051013867634	0.5103632219636514
2.1449051013867635	0.6230794110031185
2.2449051013867636	0.742041139914005
2.3449051013867637	0.8665670309461894
2.4449051013867638	0.9960295690640145
2.544905101386764	1.1299067325835708
2.644905101386764	1.2676256339728373
2.744905101386764	1.408685053109554
2.844905101386764	1.5526174825386991
2.944905101386764	1.6989377357424311
3.0449051013867643	1.8471790480790566
3.1449051013867644	1.9968796224265817
3.2449051013867645	2.147579895068978
3.3449051013867646	2.2988201173973373
3.4449051013867646	2.450138231569005
3.5449051013867647	2.60106796065758
3.644905101386765	2.7511366276315665
3.744905101386765	2.8998630073574776
3.844905101386765	3.046754870820773
3.944905101386765	3.191306181523471
4.044905101386765	3.3329931377371538
4.144905101386764	3.4712795435038317
4.244905101386764	3.605565942646568
4.344905101386764	3.735269676422751
4.444905101386763	3.8597281090132323
4.544905101386763	3.9782273415021323
4.644905101386763	4.089975704730415
4.744905101386762	4.194077854050576
4.844905101386762	4.289502549834317
4.9449051013867615	4.375043249902393
5.044905101386761	4.449281326124599
5.144905101386761	4.510578917622337
5.2449051013867605	4.557153089426239
5.34490510138676	4.587317917801827
5.44490510138676	4.6015293730636495
5.544905101386759	4.605107421184523
5.644905101386759	4.605190400435345
5.744905101386759	4.605190400435345
5.844905101386758	4.605190400435345
5.944905101386758	4.605190400435345
6.044905101386758	4.605190400435345
6.144905101386757	4.605190400435345
6.244905101386757	4.605190400435345
6.344905101386757	4.605190400435345
6.444905101386756	4.605190400435345
6.544905101386756	4.605190400435345
6.6449051013867555	4.605190400435345
6.744905101386755	4.605190400435345
6.844905101386755	4.605190400435345
6.944905101386754	4.605190400435345
7.044905101386754	4.605190400435345
7.144905101386754	4.605190400435345
7.244905101386753	4.605190400435345
7.344905101386753	4.605190400435345
7.444905101386753	4.605190400435345
7.544905101386752	4.605190400435345
7.644905101386752	4.605190400435345
7.744905101386752	4.605190400435345
7.844905101386751	4.605190400435345
7.944905101386751	4.605190400435345
8.044905101386751	4.605190400435345
8.144905101386751	4.605190400435345
8.24490510138675	4.605190400435345
8.34490510138675	4.605190400435345
8.44490510138675	4.605190400435345
8.54490510138675	4.605190400435345
8.64490510138675	4.605190400435345
8.744905101386749	4.605190400435345
8.844905101386749	4.605190400435345
8.944905101386748	4.605190400435345
9.044905101386748	4.605190400435345
9.144905101386748	4.605190400435345
9.244905101386747	4.605302818879032
9.344905101386747	4.606364767459451
9.444905101386746	4.609496630310811
9.544905101386746	4.615781017424795
9.644905101386746	4.626209611134353
9.65	4.626868232865041
1000009.65	4.626868232865041
