-100000	0
1.5752795583538202	0
1.5786128916871536	0.0000010544593802429708
1.5836128916871535	0.000008952149974849402
1.5911128916871535	0.00004069491764691647
1.6023628916871535	0.00014587200705696622
1.6192378916871535	0.0004647508459653583
1.6445503916871536	0.001386086896402445
1.6825191416871537	0.003971588458947441
1.7394722666871536	0.011085689964266279
1.8249019541871536	0.0303530242894639
1.9249019541871537	0.06793645323975793
2.0249019541871536	0.12340015682779845
2.1249019541871537	0.19731051932095703
2.2249019541871538	0.2845399174634423
2.324901954187154	0.3813048893061899
2.424901954187154	0.4858012996785284
2.524901954187154	0.596743333946339
2.624901954187154	0.7131045973909657
2.724901954187154	0.8340127456285129
2.8249019541871543	0.9586820209859328
2.9249019541871544	1.086423233678601
3.0249019541871545	1.2165612538878967
3.1249019541871546	1.348458892762876
3.2249019541871546	1.481500859171897
3.3249019541871547	1.6150796824416334
3.424901954187155	1.748591887140666
3.524901954187155	1.8814301022214415
3.624901954187155	2.0129788583369033
3.724901954187155	2.142606467364519
3.824901954187155	2.2696615933274478
3.9249019541871553	2.393463182251659
4.024901954187155	2.5132951099939675
4.1249019541871546	2.6283964105255673
4.224901954187154	2.7379518198651356
4.324901954187154	2.8410806540468023
4.4249019541871535	2.936828465937823
4.524901954187153	3.0241566219977014
4.624901954187153	3.101944776188026
4.724901954187152	3.1690027427421597
4.824901954187152	3.2241093821803974
4.924901954187152	3.266090245219008
5.024901954187151	3.2940576696949737
5.124901954187151	3.309304085139136
5.224901954187151	3.3152200322231353
5.324816273912095	3.316100064074887
1000005.3248162739	3.316100064074887
