-100000	0
2.0771509248621003	0
2.0804842581954337	0.0000008031038276432426
2.0854842581954336	0.00000803893021957942
2.0929842581954334	0.000038502800569407104
2.1042342581954334	0.0001374118011999937
2.1211092581954336	0.00042722558563835166
2.1464217581954337	0.0012347634934444958
2.184390508195434	0.0034215555461531042
2.241343633195434	0.009229549350366207
2.326773320695434	0.024384702981332433
2.426773320695434	0.05286959357025997
2.526773320695434	0.09347325499929524
2.6267733206954342	0.14620044454617193
2.7267733206954343	0.21059647593611683
2.8267733206954344	0.2858457154928876
2.9267733206954345	0.3695542737832323
3.0267733206954346	0.45823054941950425
3.1267733206954347	0.5501952956275373
3.2267733206954348	0.6441635890256029
3.326773320695435	0.7390217984520077
3.426773320695435	0.8337471262389308
3.526773320695435	0.9273668231634629
3.626773320695435	1.0189295831390295
3.726773320695435	1.1074867246087354
3.8267733206954353	1.1920777405234786
3.9267733206954354	1.271720069647612
4.026773320695435	1.3453998007418804
4.126773320695435	1.4120695691483633
4.226773320695434	1.4706469049521431
4.326773320695434	1.5200201822443986
4.426773320695434	1.5591745711717526
4.526773320695433	1.5881139044960426
4.626773320695433	1.6076703848919507
4.7267733206954325	1.6191538229584639
4.826773320695432	1.624375800943432
4.926773320695432	1.6256589080041985
4.963453333599724	1.6256851971853432
1000004.9634533336	1.6256851971853432
