-100000	0
2.824242988036305	0
2.8275763213696385	0.0000002767361298137749
2.8325763213696384	0.0000027575575484026158
2.8400763213696383	0.00001365724909647358
2.8513263213696383	0.00005162803288265502
2.8682013213696385	0.00016965278534964193
2.8935138213696385	0.0005084564069775106
2.9314825713696386	0.0014162035990414044
2.988435696369639	0.0037330979599374385
3.073865383869639	0.009381316004255508
3.173865383869639	0.019064137375914326
3.273865383869639	0.03146375679998596
3.373865383869639	0.04574245686420556
3.473865383869639	0.06096055589977021
3.5738653838696393	0.07617091679102786
3.6738653838696393	0.0904931905185519
3.7738653838696394	0.10317560116141732
3.8738653838696395	0.11364701625821805
3.9738653838696396	0.12156282187982964
4.07386538386964	0.12684508934244693
4.173865383869639	0.12971907780312786
4.273865383869639	0.1307448121113982
4.34978350509755	0.13084223240682583
1000004.3497835051	0.13084223240682583
