-100000	0
0	0
0.0033333333333333335	0.00000000000000000000000000000802419452029498
0.008333333333333333	0.00000000000000000000000000000845560282783772
0.01583333333333333	0.000000000000000000000000000008874685183736383
0.02708333333333333	0.000000000000000000000000000004264779268851095
0.043958333333333335	0.00000000000000000000000000000029582283945787943
0.06927083333333334	0.000000000000000000000000000008184431891667997
0.10723958333333333	0.000000000000000000000000000008973292796889009
0.16419270833333333	0.000000000000000000000000000006310887241768095
0.24962239583333334	0.0000000000000000000000000000029582283945787943
0.3496223958333333	0.000000000000000000000000000007937912858786431
0.4496223958333333	0.00000000000000000000000000000009860761315262648
0.5496223958333333	0.000000000000000000000000000006212279628615468
0.6496223958333333	0.000000000000007640836727387381
0.7496223958333332	0.000000000000009329080480819034
0.8496223958333332	0.000000000000010806126570430657
0.9496223958333332	0.00000000000001276712176358453
1.0496223958333333	0.00000000000001470910736778119
1.1000000000058212	0.000000000000004820825220501922
1000001.1	0.000000000000004820825220501922
