-100000	0
0	0
0.0033333333333333335	0.019387999999997872
0.008333333333333333	0.04846999999999808
0.01583333333333333	0.0920929999999983
0.02708333333333333	0.15752749999999915
0.043958333333333335	0.25567925000000086
0.06927083333333334	0.40290687500000133
0.10723958333333333	0.6237483125000081
0.16419270833333333	0.9550104687500092
0.24962239583333334	1.451903703125007
0.3496223958333333	2.033543703125017
0.4496223958333333	2.6151837031250316
0.5496223958333333	3.1968237031250344
0.6496223958333333	3.77846370312506
0.7496223958333332	4.360103703125041
0.8496223958333332	4.941743703125043
0.9496223958333332	5.523383703125059
1.0496223958333333	6.105023703125069
1.1000000000058212	6.39803999999483
1000001.1	6.39803999999483
