-100000	0
0	0
0.0033333333333333335	0.019387999999997824
0.008333333333333333	0.048469999999997904
0.01583333333333333	0.09209299999999866
0.02708333333333333	0.15752749999999965
0.043958333333333335	0.25567925000000014
0.06927083333333334	0.40290687500000216
0.10723958333333333	0.6237483125000052
0.16419270833333333	0.9550104687500104
0.24962239583333334	1.4519037031250164
0.3496223958333333	2.0335437031250305
0.4496223958333333	2.6151837031250236
0.5496223958333333	3.1968237031250384
0.6496223958333333	3.7784637031250567
0.7496223958333332	4.360103703125047
0.8496223958333332	4.941743703125045
0.9496223958333332	5.523383703125059
1.0496223958333333	6.10502370312508
1.1000000000058212	6.398040000001862
1000001.1	6.398040000001862
