-100000	0
0	0
0.0033333333333333335	0.01938795670047118
0.008333333333333333	0.04846989199684803
0.01583333333333333	0.0920927954941765
0.02708333333333333	0.15752715198392322
0.043958333333333335	0.2556786895171288
0.06927083333333334	0.4029060021142034
0.10723958333333333	0.6237469948569916
0.16419270833333333	0.955008506853798
0.24962239583333334	1.4519008146264152
0.3496223958333333	2.033539874953739
0.4496223958333333	2.6151790408903315
0.5496223958333333	3.19681834696407
0.6496223958333333	3.7784577298857442
0.7496223958333332	4.360097218626344
0.8496223958333332	4.94173686103972
0.9496223958333332	5.5233766227873256
1.0496223958333333	6.1050165069383615
1.1000000000058212	6.398032874071365
1000001.1	6.398032874071365
