-100000	0
0	0
0.0033333333333333335	0.019387894335709893
0.008333333333333333	0.04846973643617103
0.01583333333333333	0.09209250092994403
0.02708333333333333	0.15752665069277505
0.043958333333333335	0.25567788213772036
0.06927083333333334	0.40290474460944964
0.10723958333333333	0.6237450678619206
0.16419270833333333	0.9550056350450337
0.24962239583333334	1.4518966805308164
0.3496223958333333	2.0335343604442895
0.4496223958333333	2.615172335010482
0.5496223958333333	3.196810621708714
0.6496223958333333	3.7784491797554023
0.7496223958333332	4.3600880378016305
0.8496223958333332	4.9417271715842155
0.9496223958333332	5.5233666046858785
1.0496223958333333	6.105006306358536
1.1000000000058212	6.398022539997022
1000001.1	6.398022539997022
