-100000	0
0	0
0.0033333333333333335	0.019387937684008545
0.008333333333333333	0.04846984457533336
0.01583333333333333	0.09209270573409223
0.02708333333333333	0.15752699932062733
0.043958333333333335	0.2556784438573415
0.06927083333333334	0.4029056200087765
0.10723958333333333	0.6237464052542148
0.16419270833333333	0.9550076303324391
0.24962239583333334	1.4518995739046134
0.3496223958333333	2.033538181050332
0.4496223958333333	2.615177032973039
0.5496223958333333	3.196816022849062
0.6496223958333333	3.778455208185413
0.7496223958333332	4.3600945587261775
0.8496223958333332	4.941734065382465
0.9496223958333332	5.52337375101453
1.0496223958333333	6.105013566446029
1.1000000000058212	6.3980297605796945
1000001.1	6.3980297605796945
