-100000	0
0	0
0.0033333333333333335	0.01938796245089298
0.008333333333333333	0.048469906334111405
0.01583333333333333	0.09209282262452007
0.02708333333333333	0.15752719810806118
0.043958333333333335	0.25567876369247244
0.06927083333333334	0.40290611738130805
0.10723958333333333	0.6237471698136412
0.16419270833333333	0.9550087496077841
0.24962239583333334	1.4519011857421793
0.3496223958333333	2.0335403835064354
0.4496223958333333	2.615179649568659
0.5496223958333333	3.196819033075515
0.6496223958333333	3.7784585578932215
0.7496223958333332	4.360098046344708
0.8496223958333332	4.941737733080106
0.9496223958333332	5.523377523824822
1.0496223958333333	6.1050174186153825
1.1000000000058212	6.398033795545898
1000001.1	6.398033795545898
