-100007.9815	0
0	0
0.0033333333333329662	0.007800428186501009
0.00833333333333286	0.0195607158813613
0.015833333333333144	0.037335365534807846
0.027083333333332682	0.06429938451922478
0.04395833333333332	0.10542519455067154
0.06927083333333339	0.16859997128206966
0.10723958333333261	0.2643431621607719
0.16419270833333233	0.4125378136828915
0.2496223958333319	0.6432978183337016
0.34962239583333155	0.9234092804377638
0.4496223958333312	1.2146884257520678
0.5496223958333308	1.5150918574772871
0.6496223958333305	1.8214267428496793
0.7496223958333301	2.130365589678177
0.8496223958333298	2.443888516655648
0.9496223958333294	2.7603461954824273
1.049622395833329	3.080717653992106
1.1496223958333287	3.4041257036074293
1.2496223958333283	3.7236786009421077
1.349622395833328	4.039449727014612
1.4496223958333276	4.351037474515229
1.5496223958333273	4.655573220361297
1.649622395833327	4.944450847597893
1.6685000000000008	4.996725266770731
1000001.6685	4.996725266770731
