-100002.5	0
4.287115234374999	0
4.290448567708332	0
4.295448567708332	0
4.302948567708333	0
4.314198567708333	0
4.331073567708333	0
4.356386067708333	0.00000000000000000000000000000000014444474582904269
4.394354817708333	0
4.451307942708333	0
4.536737630208332	0
4.636737630208332	0.00000000000000000000000000000001232595164407831
4.7367376302083315	0
4.836737630208331	0.000000000000000000000000000000021570415377137042
4.936737630208331	0.000000000000000000000000000000027733391199176196
5.03673763020833	0.000000000000000000000000000000007703719777548943
5.13673763020833	0
5.23673763020833	0.0000000000000000000000000000003697785493223493
5.336737630208329	0.0000000000000000000000000000001633188592840376
5.436737630208329	0.00000000000000000000000000000005777789833161708
5.536737630208329	0
5.636737630208328	0.00000000000000000000000000000030814879110195774
5.736737630208328	0.00000000000000000000000000000012942249226282225
5.836737630208328	0.00000000000000000000000000000009860761315262648
5.936737630208327	0.0000000000000000000000000000004683861624749758
6.036737630208327	0.0000000000000000000000000000002056893180605568
6.1367376302083265	0
6.236737630208326	0.00000000000000000000000000000009860761315262648
6.336737630208326	0.0000000000000000000000000000006024308866043273
6.4367376302083255	0
6.536737630208325	0.00000000000000000000000000000057931972727168054
6.636737630208325	0.0000000000000000000000000000000882075914529354
6.736737630208324	0.0000000000000000000000000000034778442935744705
6.836737630208324	0.0000000000000000000000000000009675872040601473
6.936737630208324	0.00000000000000000000000000000012557063237404778
7.036737630208323	0.0000000000000000000000000000009814538996597354
7.136737630208323	0.000000000000000000000000000003997460192570147
7.15	0.0000000000000000000000000000020830858278492343
1000007.15	0.0000000000000000000000000000020830858278492343
