-100002.5	0
3.8575744416087607	0
3.8609077749420937	0.000000017827444640890877
3.8659077749420936	0.0000002789100604205586
3.873407774942094	0.000001913849432352468
3.8846577749420943	0.00000958348914057181
3.901532774942094	0.000041018478018865525
3.926845274942094	0.00016079298641045038
3.9648140249420942	0.0005982276304732165
4.021767149942094	0.0021515730378975193
4.107196837442094	0.007469569302674017
4.207196837442094	0.018753110585551548
4.307196837442094	0.035317162859545614
4.407196837442093	0.05715210601263987
4.507196837442093	0.08453844918362939
4.607196837442093	0.11709650908187388
4.707196837442092	0.15484472413118652
4.807196837442092	0.19783562432669677
4.907196837442092	0.24566982725748615
5.007196837442091	0.29750687796140535
5.107196837442091	0.3534411897036389
5.2071968374420905	0.41419136802669165
5.30719683744209	0.4789357562689247
5.40719683744209	0.547174445932869
5.507196837442089	0.6171982528042976
5.607196837442089	0.6942072690769734
5.707196837442089	0.7683465456111193
5.807196837442088	0.8476808460627634
5.907196837442088	0.9282067996290234
6.007196837442088	1.0072444329545738
6.107196837442087	1.0881746130857564
6.207196837442087	1.1688399625636225
6.307196837442087	1.2520522310871047
6.407196837442086	1.3390056652904125
6.507196837442086	1.4288745002929857
6.6071968374420855	1.5208101162296046
6.707196837442085	1.6139441263972185
6.807196837442085	1.7079523456634573
6.9071968374420845	1.8054031932433063
7.007196837442084	1.9015605824684763
7.107196837442084	1.9891304534382201
7.149999999999999	2.027839989851509
1000007.15	2.027839989851509
