-100002.5	0
3.8130000000000006	0
3.8163333333333336	0.00011179604056340269
3.8213333333333335	0.0002884359929560263
3.8288333333333338	0.0005742016140623167
3.840083333333334	0.0010519544019509143
3.856958333333334	0.0018868718837208476
3.882270833333334	0.0034247499092277213
3.920239583333334	0.006375924006711664
3.977192708333334	0.012231220896226701
4.062622395833333	0.024160037754542413
4.162622395833333	0.04278017729910007
4.262622395833333	0.06624766264097515
4.362622395833332	0.09437933012887342
4.462622395833332	0.12699299983936968
4.562622395833332	0.16390734010108302
4.662622395833331	0.20494174830911874
4.762622395833331	0.24991627381793113
4.862622395833331	0.29865161390473133
4.96262239583333	0.35096921380944457
5.06262239583333	0.40669132122213386
5.1626223958333295	0.46564118091459894
5.262622395833329	0.527643286340928
5.362622395833329	0.5925238553322962
5.462622395833328	0.6601112082521611
5.562622395833328	0.7302363015585059
5.662622395833328	0.80273326718238
5.762622395833327	0.8774400788400767
5.862622395833327	0.9541940050928156
5.962622395833327	1.0328595914264862
6.062622395833326	1.113275561833273
6.162622395833326	1.1953093248480324
6.262622395833326	1.2788311147709817
6.362622395833325	1.3637204692446372
6.462622395833325	1.4498673542305816
6.5626223958333245	1.537172046474625
6.662622395833324	1.6255463908900103
6.762622395833324	1.7149146095202386
6.8626223958333235	1.8052130243131206
6.962622395833323	1.8963904859797336
7.062622395833323	1.9884085502594764
7.15	2.069477587573268
1000007.15	2.069477587573268
