-100002.5	0
0	0
0.0033333333333334103	0.00002180120692079715
0.008333333333333304	0.0000569178420068469
0.015833333333333144	0.00011527968482349482
0.027083333333333126	0.00021647391340504397
0.04395833333333332	0.0004018696133666956
0.06927083333333339	0.0007655567494565463
0.1072395833333335	0.0015386041740257197
0.16419270833333366	0.003330819262704378
0.24962239583333368	0.007874043234311366
0.34962239583333377	0.01697010038852552
0.44962239583333385	0.03131615559334404
0.5496223958333339	0.05146530618603426
0.649622395833334	0.07771845381767906
0.7496223958333341	0.11037037869923541
0.8496223958333342	0.14969703910650778
0.9496223958333343	0.19593843810401326
1.0496223958333344	0.2492780459905231
1.1496223958333345	0.3098189467357649
1.2496223958333346	0.377537028055607
1.3496223958333347	0.45213035565290555
1.4496223958333347	0.5332856636589335
1.5496223958333344	0.6210128434262217
1.649622395833334	0.7154289508921132
1.7496223958333337	0.8166053772255362
1.8496223958333333	0.9245690080993634
1.949622395833333	1.0393066498851011
2.0496223958333326	1.1607704502262959
2.1496223958333323	1.2888835795261615
2.249622395833332	1.42354576756196
2.3496223958333315	1.5646382918288977
2.449622395833331	1.7120283593878345
2.549622395833331	1.865572628516405
2.6496223958333305	2.0251202017423555
2.74962239583333	2.190514924807437
2.8496223958333298	2.361597215681949
2.9496223958333294	2.538205428188577
3.049622395833329	2.7201769159342666
3.1496223958333287	2.9073488118296327
3.2496223958333283	3.099558553951451
3.349622395833328	3.2966443008962756
3.4496223958333276	3.4984451904471046
3.5496223958333273	3.7048026260784725
3.649622395833327	3.9155547843824
3.7496223958333266	4.1305478318505875
3.849622395833326	4.281177524659355
3.949622395833326	4.31728381955177
4.0496223958333255	4.357166187913497
4.149622395833325	4.400672596458343
4.249622395833325	4.447652238440634
4.349622395833324	4.49795556034824
4.449622395833324	4.55143427951454
4.549622395833324	4.607941324064444
4.649622395833323	4.667330897533274
4.749622395833323	4.729458630835538
4.849622395833323	4.794181636746258
4.949622395833322	4.861358628738286
5.049622395833322	4.93085013103701
5.149622395833322	5.002518661259515
5.249622395833321	5.076229001445283
5.349622395833321	5.151848610713918
5.4496223958333205	5.229247855498136
5.549622395833321	5.308300189716871
5.649622395833321	5.3888831132481965
5.74962239583332	5.4708783794383535
5.84962239583332	5.554172105638021
5.94962239583332	5.638656003685331
6.049622395833319	5.724227763838062
6.149622395833319	5.810790959259899
6.249622395833319	5.8982565891352525
6.349622395833318	5.986543154320857
6.449622395833318	6.075576763027161
6.5496223958333175	6.165292578685844
6.649622395833317	6.255634245776097
6.749622395833317	6.346554740643692
6.8496223958333164	6.438016508616252
6.949622395833316	6.529991469326116
7.049622395833316	6.622461050697042
7.149622395833315	6.7154152560504565
7.15	6.715767172896436
1000007.15	6.715767172896436
