-100002.5	0
0	0
0.0033333333333334103	0.0005474844756300281
0.008333333333333304	0.0013790456877968143
0.015833333333333144	0.002649676391412898
0.027083333333333126	0.004608163349228977
0.04395833333333332	0.007664690073822007
0.06927083333333339	0.012519065935443307
0.1072395833333335	0.020415366834944222
0.16419270833333366	0.03367063817390397
0.24962239583333368	0.05682296869172659
0.34962239583333377	0.08910464094529082
0.44962239583333385	0.12722300434701517
0.5496223958333339	0.17142889129244793
0.649622395833334	0.22195270418908342
0.7496223958333341	0.2789892575104169
0.8496223958333342	0.3426808488781322
0.9496223958333343	0.41309899456283977
1.0496223958333344	0.4901842124101474
1.1496223958333345	0.5736241922257783
1.2496223958333346	0.6631501340422746
1.3496223958333347	0.7587898934181403
1.4496223958333347	0.860667401667009
1.5496223958333344	0.9688661350486664
1.649622395833334	1.0834293216128557
1.7496223958333337	1.2043630255222983
1.8496223958333333	1.3316402683284825
1.949622395833333	1.4652054625742534
2.0496223958333326	1.6049791161047344
2.1496223958333323	1.7508621197089567
2.249622395833332	1.902739795391227
2.3496223958333315	2.0604853021955956
2.449622395833331	2.223962533225262
2.549622395833331	2.393028565944137
2.6496223958333305	2.5675356030182255
2.74962239583333	2.7473325477975785
2.8496223958333298	2.932266244561252
2.9496223958333294	3.122182430364857
3.049622395833329	3.316926457797087
3.1496223958333287	3.516343872289898
3.2496223958333283	3.7202807905691078
3.349622395833328	3.928584232772056
3.4496223958333276	4.141102308987032
3.5496223958333273	4.3576843501417155
3.649622395833327	4.57818099594631
3.7496223958333266	4.802444295280901
3.849622395833326	4.961880480046849
3.949622395833326	5.006338931107813
4.0496223958333255	5.0541286682156725
4.149622395833325	5.105107496442017
4.249622395833325	5.159134658867042
4.349622395833324	5.216070778451224
4.449622395833324	5.275778048906185
4.549622395833324	5.338120274156261
4.649622395833323	5.402962761873793
4.749622395833323	5.470172575447657
4.849622395833323	5.5396186443849205
4.949622395833322	5.611171803084047
5.049622395833322	5.6847050961868355
5.149622395833322	5.7600938577008645
5.249622395833321	5.837216066757366
5.349622395833321	5.915952691958701
5.4496223958333205	5.996187599916462
5.549622395833321	6.077808472135322
5.649622395833321	6.160706893426692
5.74962239583332	6.244778433245509
5.84962239583332	6.3299239381657415
5.94962239583332	6.416049084099433
6.049622395833319	6.503065211192789
6.149622395833319	6.590890229105743
6.249622395833319	6.679448020263762
6.349622395833318	6.768670069858285
6.449622395833318	6.8584950325961165
6.5496223958333175	6.948869368869587
6.649622395833317	7.039747898165613
6.749622395833317	7.131093589266374
6.8496223958333164	7.222878099092853
6.949622395833316	7.315081673238786
7.049622395833316	7.407693143092978
7.149622395833315	7.500709083945397
7.15	7.50106108831145
1000007.15	7.50106108831145
