-100002.5	0
0	0
0.0033333333333334103	0.0019331512293097658
0.008333333333333304	0.0048450945462406745
0.015833333333333144	0.009240537985709495
0.027083333333333126	0.01589578351040043
0.04395833333333332	0.026018882177100362
0.06927083333333339	0.041521063342928544
0.1072395833333335	0.06549525661762551
0.16419270833333366	0.10309956597718672
0.24962239583333368	0.16326554998928844
0.34962239583333377	0.23952588864183805
0.44962239583333385	0.32215386090247694
0.5496223958333339	0.41110970082889536
0.649622395833334	0.5060382159541938
0.7496223958333341	0.6065605292391164
0.8496223958333342	0.7125353369302968
0.9496223958333343	0.8240771989284846
1.0496223958333344	0.941291759005537
1.1496223958333345	1.0642512607831165
1.2496223958333346	1.1929955453433867
1.3496223958333347	1.3275339716998442
1.4496223958333347	1.467848065866486
1.5496223958333344	1.6138945101757236
1.649622395833334	1.7656083617080474
1.7496223958333337	1.9229062503105483
1.8496223958333333	2.085689482247917
1.949622395833333	2.2538468655389963
2.0496223958333326	2.4272571291643574
2.1496223958333323	2.605792074179084
2.249622395833332	2.7893139881783524
2.3496223958333315	2.9776861791107443
2.449622395833331	3.1707653610907527
2.549622395833331	3.368407202622374
2.6496223958333305	3.5704663340302845
2.74962239583333	3.7767971018299655
2.8496223958333298	3.9872540827686023
2.9496223958333294	4.201692516028706
3.049622395833329	4.419968688081497
3.1496223958333287	4.64194025707096
3.2496223958333283	4.867466333812417
3.349622395833328	5.096407695527585
3.4496223958333276	5.328626895366991
3.5496223958333273	5.563988341005648
3.649622395833327	5.802358376469174
3.7496223958333266	6.043605178014945
3.849622395833326	6.220088528079426
3.949622395833326	6.292080663435101
4.0496223958333255	6.381049553727072
4.149622395833325	6.487112614641123
4.249622395833325	6.605011248271493
4.349622395833324	6.704715169474571
4.449622395833324	6.8020991159070885
4.549622395833324	6.895549134025421
4.649622395833323	6.983932545659838
4.749622395833323	7.072582269674175
4.849622395833323	7.155336018094003
4.949622395833322	7.236929440476993
5.049622395833322	7.316126502388952
5.149622395833322	7.392285085038441
5.249622395833321	7.463899849484385
5.349622395833321	7.5311865927887265
5.4496223958333205	7.596444132372265
5.549622395833321	8.146907772004791
5.649622395833321	8.22718662128596
5.74962239583332	8.305088281875266
5.84962239583332	8.382242822582521
5.94962239583332	8.455783145993506
6.049622395833319	8.529338173258163
6.149622395833319	8.600246774953524
6.249622395833319	8.672062094489693
6.349622395833318	8.737773578568584
6.449622395833318	8.802990935978192
6.5496223958333175	8.862921606970772
6.649622395833317	8.924470632704862
6.749622395833317	8.982251426197529
6.8496223958333164	9.041097085381352
6.949622395833316	9.096896392605776
7.049622395833316	9.152433419481934
7.149622395833315	9.207717653671262
7.15	9.21587034173759
1000007.15	9.21587034173759
