-100002.5	0
0	0
0.0033333333333334103	0.0026208084927125995
0.008333333333333304	0.006565291681065406
0.015833333333333144	0.01251190699167227
0.027083333333333126	0.02149918817083893
0.04395833333333332	0.035131982507240735
0.06927083333333339	0.05592379965659278
0.1072395833333335	0.08788528980000504
0.16419270833333366	0.137574456001697
0.24962239583333368	0.2160235462764503
0.34962239583333377	0.3135226647043956
0.44962239583333385	0.41667565056828304
0.5496223958333339	0.5251422017982207
0.649622395833334	0.6389421665584875
0.7496223958333341	0.7581906717573097
0.8496223958333342	0.8829729288422612
0.9496223958333343	1.0133441816800384
1.0496223958333344	1.1493306871650122
1.1496223958333345	1.2909314822013938
1.2496223958333346	1.4381206090891032
1.3496223958333347	1.5908496989912513
1.4496223958333347	1.7490507238013473
1.5496223958333344	1.9126387030768606
1.649622395833334	2.081514042266057
1.7496223958333337	2.2555670914900876
1.8496223958333333	2.4346760578232023
1.949622395833333	2.6187133788004147
2.0496223958333326	2.807545306617742
2.1496223958333323	3.001033796304905
2.249622395833332	3.1990378329320626
2.3496223958333315	3.4014145070099047
2.449622395833331	3.6080198759239397
2.549622395833331	3.8187096961352527
2.6496223958333305	4.033340085569119
2.74962239583333	4.251767871574706
2.8496223958333298	4.473851037563656
2.9496223958333294	4.699449125258222
3.049622395833329	4.928423225729919
3.1496223958333287	5.160636368189437
3.2496223958333283	5.395953589730223
3.349622395833328	5.634241959688507
3.4496223958333276	5.875370757602835
3.5496223958333273	6.119211474860345
3.649622395833327	6.365637861348478
3.7496223958333266	6.614525902603827
3.849622395833326	6.831914905360079
3.949622395833326	6.992963629594474
4.0496223958333255	7.156116104537782
4.149622395833325	7.321257620092366
4.249622395833325	7.488276096318064
4.349622395833324	7.657061721774546
4.449622395833324	7.8275073559227915
4.549622395833324	7.999508333233276
4.649622395833323	8.172962705827443
4.749622395833323	8.347771295550729
4.849622395833323	8.523837624446513
4.949622395833322	8.701068447456215
5.049622395833322	8.87937350050805
5.149622395833322	9.058665855314402
5.249622395833321	9.238862029043808
5.349622395833321	9.419882198422188
5.4496223958333205	9.60165039065636
5.549622395833321	9.78409470457334
5.649622395833321	9.967147539708355
5.74962239583332	10.15074584428379
5.84962239583332	10.334831299861353
5.94962239583332	10.519350655732914
6.049622395833319	10.704256518558138
6.149622395833319	10.889504336163194
6.249622395833319	11.07505921742011
6.349622395833318	11.260889542352366
6.449622395833318	11.4469703414967
6.5496223958333175	11.633282817557653
6.649622395833317	11.819814606334967
6.749622395833317	12.006559357783136
6.8496223958333164	12.19351756395358
6.949622395833316	12.380695412985643
7.049622395833316	12.568106042548116
7.149622395833315	12.755767608554152
7.15	12.756476728816272
1000007.15	12.756476728816272
