-100002.5	0
0	0
0.0033333333333334103	0.0033278090018812197
0.008333333333333304	0.008332135975445885
0.015833333333333144	0.015866861674445062
0.027083333333333126	0.027231991703681457
0.04395833333333332	0.0444199396171201
0.06927083333333339	0.07051192878872628
0.1072395833333335	0.11032988101130484
0.16419270833333366	0.17153146239587214
0.24962239583333368	0.26650380155683695
0.34962239583333377	0.38249028397926743
0.44962239583333385	0.5037789742839864
0.5496223958333339	0.6304591217477514
0.649622395833334	0.7625926788053642
0.7496223958333341	0.9002147222700497
0.8496223958333342	1.043334006702836
0.9496223958333343	1.1919372735666731
1.0496223958333344	1.3459858072826931
1.1496223958333345	1.5054231088903456
1.2496223958333346	1.6701745354388249
1.3496223958333347	1.8401501982002464
1.4496223958333347	2.01524740853509
1.5496223958333344	2.195352738523287
1.649622395833334	2.380343995012003
1.7496223958333337	2.5700921242112043
1.8496223958333333	2.7644626601290936
1.949622395833333	2.9633171807510466
2.0496223958333326	3.166514585799182
2.1496223958333323	3.3739119705147247
2.249622395833332	3.5853655829857503
2.3496223958333315	3.800731549111926
2.449622395833331	4.0198663119310005
2.549622395833331	4.242627425175389
2.6496223958333305	4.468873515992556
2.74962239583333	4.698465023472738
2.8496223958333298	4.931264152185325
2.9496223958333294	5.167135175044744
3.049622395833329	5.4059446202067525
3.1496223958333287	5.647561259836267
3.2496223958333283	5.89185632731833
3.349622395833328	6.1387035269794215
3.4496223958333276	6.387979012710128
3.5496223958333273	6.639561584522111
3.649622395833327	6.893332478401748
3.7496223958333266	7.149175692187804
3.849622395833326	7.373138529401819
3.949622395833326	7.540388463728393
4.0496223958333255	7.7093780341741205
4.149622395833325	7.880001866015683
4.249622395833325	8.05215699692614
4.349622395833324	8.225743537013907
4.449622395833324	8.400664108287522
4.549622395833324	8.57682446693103
4.649622395833323	8.75413312406189
4.749622395833323	8.932501749560098
4.849622395833323	9.111845103678224
4.949622395833322	9.292081215488798
5.049622395833322	9.473131532897009
5.149622395833322	9.654920962937789
5.249622395833321	9.83737811357285
5.349622395833321	10.020435452076923
5.4496223958333205	10.204029339667478
5.549622395833321	10.38810050657227
5.649622395833321	10.572593818794797
5.74962239583332	10.757458918714565
5.84962239583332	10.942650022331021
5.94962239583332	11.128126361879408
6.049622395833319	11.313852274161702
6.149622395833319	11.499797313343624
6.249622395833319	11.685936483008398
6.349622395833318	11.872250424071565
6.449622395833318	12.058725223600943
6.5496223958333175	12.245353016774454
6.649622395833317	12.432131489616726
6.749622395833317	12.619064055525332
6.8496223958333164	12.806160363656048
6.949622395833316	12.993434959841014
7.049622395833316	13.18090902159586
7.149622395833315	13.36860782884742
7.15	13.369317047251053
1000007.15	13.369317047251053
