-100002.5	0
0	0
0.0033333333333334103	0.003938855217047869
0.008333333333333304	0.009880771322390623
0.015833333333333144	0.018867198010721845
0.027083333333333126	0.032515119501346466
0.04395833333333332	0.05338033560064825
0.06927083333333339	0.08514517289678729
0.1072395833333335	0.13278100325118705
0.16419270833333366	0.20640032115429832
0.24962239583333368	0.3212346828853851
0.34962239583333377	0.4624568195926685
0.44962239583333385	0.6092602590795138
0.5496223958333339	0.7640481779277105
0.649622395833334	0.9244017168758071
0.7496223958333341	1.0923794698204037
0.8496223958333342	1.2671263627176346
0.9496223958333343	1.446781873035481
1.0496223958333344	1.6334246230287919
1.1496223958333345	1.8193220114694437
1.2496223958333346	2.009379532002613
1.3496223958333347	2.2033434220817543
1.4496223958333347	2.399000519125074
1.5496223958333344	2.6000727188877986
1.649622395833334	2.8041708596693207
1.7496223958333337	3.0177683771648405
1.8496223958333333	3.237324775529226
1.949622395833333	3.459957840687465
2.0496223958333326	3.6919387038165565
2.1496223958333323	3.931220365795121
2.249622395833332	4.174975617696781
2.3496223958333315	4.4262988403894825
2.449622395833331	4.684300746740695
2.549622395833331	4.944220301588841
2.6496223958333305	5.209498724075545
2.74962239583333	5.47581166692531
2.8496223958333298	5.745734505116533
2.9496223958333294	6.017857478193975
3.049622395833329	6.296900015537234
3.1496223958333287	6.575606610550099
3.2496223958333283	6.859533068035189
3.349622395833328	7.14375513362642
3.4496223958333276	7.430722515569599
3.5496223958333273	7.718352186815418
3.649622395833327	8.002022086445146
3.7496223958333266	8.286567513061335
3.849622395833326	8.50802484464457
3.949622395833326	8.691102366384278
4.0496223958333255	8.862373322911534
4.149622395833325	9.042363325013639
4.249622395833325	9.220476428333415
4.349622395833324	9.390254515822146
4.449622395833324	9.587217533576622
4.549622395833324	9.783458847099931
4.649622395833323	9.990917855872997
4.749622395833323	10.204806669439824
4.849622395833323	10.401526306824215
4.949622395833322	10.607236729208664
5.049622395833322	10.810164403161046
5.149622395833322	11.002350498948188
5.249622395833321	11.215697939808496
5.349622395833321	11.409827229799026
5.4496223958333205	11.61576041083448
5.549622395833321	11.824779031143697
5.649622395833321	12.033099670124312
5.74962239583332	12.235795745771432
5.84962239583332	12.448636100737104
5.94962239583332	12.66863402378992
6.049622395833319	12.882116731262139
6.149622395833319	13.097152057593648
6.249622395833319	13.31014584108852
6.349622395833318	13.51519890705444
6.449622395833318	13.719560483459754
6.5496223958333175	13.920548014519452
6.649622395833317	14.125689113572298
6.749622395833317	14.329486460478519
6.8496223958333164	14.531464716770664
6.949622395833316	14.730266961443292
7.049622395833316	14.925947659670506
7.149622395833315	15.119353087231612
7.15	15.106481480364495
1000007.15	15.106481480364495
