-100002.5	0
0	0
0.0033333333333334103	0
0.008333333333333304	0
0.015833333333333144	0
0.027083333333333126	0
0.04395833333333332	0
0.06927083333333339	0.000000000000000000000000000000021570415377137042
0.1072395833333335	0.00000000000000000000000000000002465190328815662
0.16419270833333366	0.00000000000000000000000000000004930380657631324
0.24962239583333368	0
0.34962239583333377	0.0000000000000000000000000000002711709361697228
0.44962239583333385	0.0000000000000000000000000000001640892312617925
0.5496223958333339	0
0.649622395833334	0.0000000000000000000000000000007518830502887769
0.7496223958333341	0.00000000000000000000000000000005238529448733282
0.8496223958333342	0.00000000000000000000000000000012942249226282225
0.9496223958333343	0.0000000000000000000000000000008917055642512902
1.0496223958333344	0.0000000000000000000000000000021693674893577825
1.1496223958333345	0.000000000000000000000000000005595982046411552
1.2496223958333346	0
1.3496223958333347	0.00000000000000000000000000000028965986363584027
1.4496223958333347	0.0000000000000000000000000000057192415628523356
1.5496223958333344	0.000000000000000000000000000005095240260870871
1.649622395833334	0
1.7496223958333337	0.000000000000000000000000000007346267179870672
1.8496223958333333	0.000000000000000000000000000006193790701149351
1.949622395833333	0.000000000000000000000000000003673133589935336
2.0496223958333326	0.0000000000000000000000000000002465190328815662
2.1496223958333323	0.000000000000000000000000000010945445059941539
2.249622395833332	0.0000000000000000000000000000045852540115971304
2.3496223958333315	0.00000000000000000000000000000313695469341793
2.449622395833331	0.000000000000000000000000000021644371087001511
2.549622395833331	0.0000000000000000000000000000054727225299707694
2.6496223958333305	0.000000000000000000000000000011191964092823104
2.74962239583333	0.000000000000000000000000000015062312909063694
2.8496223958333298	0.00000000000000000000000000009515634669228455
2.9496223958333294	0.00000000000000000000000000000002465190328815662
3.049622395833329	0.000000000000000000000000000013829717744655863
3.1496223958333287	0.000000000000000000000000000010353799381025779
3.2496223958333283	0.00000000000000000000000000005408627581421562
3.349622395833328	0.0000000000000000000000000000012572470676959876
3.4496223958333276	0.00000000000000000000000000010945445059941539
3.5496223958333273	0.000000000000000000000000000007296963373294359
3.649622395833327	0.000000000000000000000000000011965417558489018
3.7496223958333266	0.00000000000000000000000000010616342151044648
3.849622395833326	0.0000000000000000000000000000007233792871118457
3.949622395833326	0.0000000000000000000000000000010846837446788912
4.0496223958333255	0.0000000000000000000000000000002630820304032964
4.149622395833325	0.0000000000000000000000000000021816934410018608
4.249622395833325	0.000000000000000000000000000008110476181803528
4.349622395833324	0.00000000000000000000000000004703583147380283
4.449622395833324	0
4.549622395833324	0.000000000000000000000000000002881191196803305
4.649622395833323	0.000000000000000000000000000037951605112117115
4.749622395833323	0.000000000000000000000000000006501939492251308
4.849622395833323	0.00000000000000000000000000002747454621465055
4.949622395833322	0.00000000000000000000000000001866149078913456
5.049622395833322	0.00000000000000000000000000002720029379056981
5.149622395833322	0.0000000000000000000000000000033526588471893
5.249622395833321	0.00000000000000000000000000002406025760924086
5.349622395833321	0.000000000000000000000000000041809627976713626
5.4496223958333205	0.0000000000000000000000000000512736477234325
5.549622395833321	0.00000000000000000000000000004886007231712642
5.649622395833321	0.00000000000000000000000000008983153558204272
5.74962239583332	0.000000000000000000000000000009947042976771196
5.84962239583332	0.00000000000000000000000000002755158341242604
5.94962239583332	0.000000000000000000000000000040429121392576855
6.049622395833319	0.00000000000000000000000000006547545513334398
6.149622395833319	0.000000000000000000000000000032080407676652626
6.249622395833319	0.0000000000000000000000000000049981733916737545
6.349622395833318	0.00000000000000000000000000010152886369227304
6.449622395833318	0.000000000000000000000000000035313851460284357
6.5496223958333175	0.000000000000000000000000000027659435489311726
6.649622395833317	0.00000000000000000000000000005154096679971345
6.749622395833317	0.00000000000000000000000000006007668831323768
6.8496223958333164	0.0000000000000000000000000000024898422321038185
6.949622395833316	0.00000000000000000000000000010544851631508994
7.049622395833316	0.0000000000000000000000000000096959017120231
7.149622395833315	0.00000000000000000000000000018912940202673758
7.15	0.00000000000000000000000000010255191767873153
1000007.15	0.00000000000000000000000000010255191767873153
