-100007.25	0
0.17097167303312588	0
0.17430500636645885	0.000000025378233172552406
0.17930500636645874	0.0000003952740610148023
0.18680500636645903	0.000002694130981295315
0.19805500636645945	0.000013432512184972997
0.2149300063664592	0.0000571521353660074
0.24024250636645927	0.00022160471927969424
0.2782112563664594	0.0008111180124486002
0.3351643813664591	0.002852004405925349
0.42059406886645867	0.009718426164114946
0.5205940688664583	0.025298069919622114
0.620594068866458	0.049173295001944346
0.7205940688664576	0.08105363706659703
0.8205940688664572	0.12066516741417864
0.9205940688664569	0.16774875598464456
1.0205940688664565	0.22205836396752576
1.1205940688664562	0.28335977302520704
1.2205940688664558	0.35142953790386233
1.3205940688664555	0.4260540883263659
1.4205940688664551	0.5070290213453613
1.5205940688664548	0.5941583427618202
1.6205940688664544	0.6872543525495469
1.720594068866454	0.7861369589269444
1.8205940688664537	0.8906310438576874
1.9205940688664533	1.000571636285764
2.020594068866453	1.1157976608082694
2.1205940688664526	1.2361546740850424
2.2205940688664523	1.361494787232927
2.320594068866452	1.491672048807071
2.399990234375	1.5983832091540875
1000002.3999902344	1.5983832091540875
