-100007.25	0
0	0
0.0033333333333329662	0.005382956375974891
0.00833333333333286	0.013473594940876143
0.015833333333333144	0.02564597622682835
0.02708333333333357	0.043986300158915206
0.04395833333333332	0.07167971354573964
0.06927083333333339	0.11362821085218379
0.1072395833333335	0.1774583725352348
0.16419270833333321	0.27520815312807084
0.2496223958333328	0.42622005157269677
0.34962239583333243	0.6094339823077217
0.4496223958333321	0.7993082154429721
0.5496223958333317	0.9955504888596051
0.6496223958333314	1.1978831972301278
0.749622395833331	1.406043043452061
0.8496223958333307	1.6197787391217555
0.9496223958333303	1.838851496205134
1.04962239583333	2.063033450630553
1.1496223958333296	2.2921076015944015
1.2496223958333292	2.525866864688388
1.3496223958333289	2.764113471486762
1.4496223958333285	3.006659084489468
1.5496223958333282	3.2533235419581357
1.6496223958333278	3.5039353186565934
1.7496223958333275	3.758330703068185
1.849622395833327	4.016353401524159
1.9496223958333267	4.277854865334215
2.0496223958333264	4.542693405185652
2.149622395833326	4.810734102552203
2.2496223958333257	5.081848955095189
2.3496223958333253	5.355916401429805
2.399990234375	5.495039382746349
1000002.3999902344	5.495039382746349
