-100007.25	0
0	0
0.0033333333333329662	0.005854185303528665
0.00833333333333286	0.014651039322512526
0.015833333333333144	0.027881415839554974
0.02708333333333357	0.04780577617286776
0.04395833333333332	0.077868968826197
0.06927083333333339	0.12335739107856729
0.1072395833333335	0.19246502324454515
0.16419270833333321	0.29805918594000125
0.2496223958333328	0.4606814474958622
0.34962239583333243	0.6572568624134955
0.4496223958333321	0.8602552878172995
0.5496223958333317	1.0693932634422165
0.6496223958333314	1.2844007253678427
0.749622395833331	1.5050201153147902
0.8496223958333307	1.7310056051286908
0.9496223958333303	1.9621224536797268
1.04962239583333	2.19814663304746
1.1496223958333296	2.438863987793599
1.2496223958333292	2.684069780730741
1.3496223958333289	2.9335689288922127
1.4496223958333285	3.1871746011885826
1.5496223958333282	3.4447090922075683
1.6496223958333278	3.7060023453324873
1.7496223958333275	3.9708929442169305
1.849622395833327	4.239226630864323
1.9496223958333267	4.510857116582963
2.0496223958333264	4.785645578056947
2.149622395833326	5.063459990560023
2.2496223958333257	5.34417568841693
2.3496223958333253	5.627674929181975
2.399990234375	5.771485951249859
1000002.3999902344	5.771485951249859
