-100007.25	0
0	0
0.0033333333333329662	0.0063281230695997545
0.00833333333333286	0.015924798782956433
0.015833333333333144	0.030555102139849657
0.02708333333333357	0.0530144542954991
0.04395833333333332	0.0874127611764637
0.06927083333333339	0.13898976159321041
0.1072395833333335	0.21670055114199022
0.16419270833333321	0.3366029005452334
0.2496223958333328	0.523838188215615
0.34962239583333243	0.7491965233285781
0.4496223958333321	0.9840439698807616
0.5496223958333317	1.2257816886776454
0.6496223958333314	1.473910448450881
0.749622395833331	1.7282103384353307
0.8496223958333307	1.9874508763807994
0.9496223958333303	2.253813594851213
1.04962239583333	2.5271764476493632
1.1496223958333296	2.8061192073946715
1.2496223958333292	3.0879186201055857
1.3496223958333289	3.37636400464705
1.4496223958333285	3.666499518032667
1.5496223958333282	3.9577151946645954
1.6496223958333278	4.253175474080591
1.7496223958333275	4.552859059968727
1.849622395833327	4.850122323102983
1.9496223958333267	5.1578168897341
2.0496223958333264	5.466779345979339
2.149622395833326	5.771986135913902
2.2496223958333257	6.0800793406149864
2.3496223958333253	6.384321058351424
2.399990234375	6.511395735064139
1000002.3999902344	6.511395735064139
