-100007.25	0
0	0
0.0033333333333329662	0
0.00833333333333286	0.0000000000000000000000000000000007703719777548943
0.015833333333333144	0.00000000000000000000000000000000057777898331617076
0.02708333333333357	0.0000000000000000000000000000000007703719777548943
0.04395833333333332	0
0.06927083333333339	0.000000000000000000000000000000009244463733058732
0.1072395833333335	0.000000000000000000000000000000003611118645726067
0.16419270833333321	0.000000000000000000000000000000009244463733058732
0.2496223958333328	0.00000000000000000000000000000002465190328815662
0.34962239583333243	0.000000000000000000000000000000040059342843254506
0.4496223958333321	0.0000000000000000000000000000002588449845256445
0.5496223958333317	0.00000000000000000000000000000002465190328815662
0.6496223958333314	0.0000000000000000000000000000002834968878138011
0.749622395833331	0.0000000000000000000000000000009860761315262648
0.8496223958333307	0.0000000000000000000000000000002465190328815662
0.9496223958333303	0.0000000000000000000000000000013805065841367707
1.04962239583333	0.0000000000000000000000000000019721522630525295
1.1496223958333296	0.0000000000000000000000000000001150502400528325
1.2496223958333292	0.000000000000000000000000000003730911488266953
1.3496223958333289	0.000000000000000000000000000001348150961071065
1.4496223958333285	0.000000000000000000000000000017943504105867
1.5496223958333282	0.00000000000000000000000000000009706686919711669
1.6496223958333278	0.000000000000000000000000000005884101166091882
1.7496223958333275	0.000000000000000000000000000005061343893849655
1.849622395833327	0.000000000000000000000000000003908867415128334
1.9496223958333267	0.0000000000000000000000000000011216615996111262
2.0496223958333264	0.00000000000000000000000000000006471124613141112
2.149622395833326	0.00000000000000000000000000003470987982972452
2.2496223958333257	0.000000000000000000000000000007481852647955534
2.3496223958333253	0.0000000000000000000000000000026131017485446016
2.399990234375	0
1000002.3999902344	0
