-100007.25	0
0	0
0.0033333333333329662	0.00002072644309428762
0.00833333333333286	0.00005714952658052767
0.015833333333333144	0.00012496104118215226
0.02708333333333357	0.00026025167407765635
0.04395833333333332	0.000551706642811993
0.06927083333333339	0.0012310414241533247
0.1072395833333335	0.0029347068198168342
0.16419270833333321	0.00747976643038277
0.2496223958333328	0.01985266224081046
0.34962239583333243	0.04292290417267585
0.4496223958333321	0.07490173138954818
0.5496223958333317	0.11544105567331055
0.6496223958333314	0.16421415858373803
0.749622395833331	0.22091324875693852
0.8496223958333307	0.28524750673032234
0.9496223958333303	0.35694139229581395
1.04962239583333	0.43573330026575735
1.1496223958333296	0.5213744621917926
1.2496223958333292	0.6136279167318826
1.3496223958333289	0.7122679122484716
1.4496223958333285	0.8170781040955962
1.5496223958333282	0.9278529502435655
1.6496223958333278	1.0443950976607688
1.7496223958333275	1.1665158814338603
1.849622395833327	1.2940346228290676
1.9496223958333267	1.4267782148711246
2.0496223958333264	1.5645807095168331
2.149622395833326	1.7072829436235815
2.2496223958333257	1.8547322305001088
2.3496223958333253	2.0067820726958647
2.399990234375	2.0850640895200314
1000002.3999902344	2.0850640895200314
