-100007.25	0
0	0
0.0033333333333329662	0.0005359826884670064
0.00833333333333286	0.001361281591322635
0.015833333333333144	0.0026471670556963357
0.02708333333333357	0.004684058837933179
0.04395833333333332	0.007979028444079984
0.06927083333333339	0.013459662200280439
0.1072395833333335	0.02287504407930035
0.16419270833333321	0.03963876083130034
0.2496223958333328	0.07056737694375186
0.34962239583333243	0.1152827541887582
0.4496223958333321	0.1688137976966992
0.5496223958333317	0.23080040870906043
0.6496223958333314	0.30090425843233537
0.749622395833331	0.3788066013525889
0.8496223958333307	0.4642064192407787
0.9496223958333303	0.5568189051979112
1.04962239583333	0.6563740884944276
1.1496223958333296	0.7626151041254923
1.2496223958333292	0.8752988991517435
1.3496223958333289	0.9941936225152425
1.4496223958333285	1.119078377397463
1.5496223958333282	1.2497424833200663
1.6496223958333278	1.3859848940207686
1.7496223958333275	1.5276136105844778
1.849622395833327	1.6744451651074244
1.9496223958333267	1.8263040696806665
2.0496223958333264	1.9830224985483509
2.149622395833326	2.1444398401012448
2.2496223958333257	2.3104023150853656
2.3496223958333253	2.4807627089562168
2.399990234375	2.568190363080295
1000002.3999902344	2.568190363080295
