-100007.25	0
0	0
0.0033333333333329662	0.0012467529325539287
0.00833333333333286	0.0031377979567165687
0.015833333333333144	0.006021505829250584
0.02708333333333357	0.010452291385235192
0.04395833333333332	0.01733464778819216
0.06927083333333339	0.02818544895387093
0.1072395833333335	0.04563251331939872
0.16419270833333321	0.07438973563091839
0.2496223958333328	0.12318846818177695
0.34962239583333243	0.18863672135758144
0.4496223958333321	0.26269909379897355
0.5496223958333317	0.3450133219793216
0.6496223958333314	0.4352391083895137
0.749622395833331	0.5330559484773217
0.8496223958333307	0.6381614644432998
0.9496223958333303	0.7502697895839388
1.04962239583333	0.8691102253053321
1.1496223958333296	0.9944255332659535
1.2496223958333292	1.1259726330424196
1.3496223958333289	1.2635198833878138
1.4496223958333285	1.4068468416044488
1.5496223958333282	1.5557435110903461
1.6496223958333278	1.7100097068655904
1.7496223958333275	1.8694544230443104
1.849622395833327	2.033895285191403
1.9496223958333267	2.203158072826841
2.0496223958333264	2.3770763223761224
2.149622395833326	2.5554908292507728
2.2496223958333257	2.7382491699898925
2.3496223958333253	2.925205736818578
2.399990234375	3.0209173225482937
1000002.3999902344	3.0209173225482937
