-100007.25	0
0	0
0.0033333333333329662	0.0019333123781365789
0.00833333333333286	0.0048536747100969444
0.015833333333333144	0.00927967248864374
0.02708333333333357	0.01602121467610264
0.04395833333333332	0.02636277609868104
0.06927083333333339	0.042386649083363606
0.1072395833333335	0.06755907661094665
0.16419270833333321	0.10782752048415528
0.2496223958333328	0.17372347993084875
0.34962239583333243	0.25893043583915976
0.4496223958333321	0.35248274255042267
0.5496223958333317	0.4540236279833239
0.6496223958333314	0.5632178783321723
0.749622395833331	0.6797499342226309
0.8496223958333307	0.8033221075463313
0.9496223958333303	0.933653085638968
1.04962239583333	1.0704754030704844
1.1496223958333296	1.2135382083984025
1.2496223958333292	1.3626016555068579
1.3496223958333289	1.5174382644943036
1.4496223958333285	1.6778315643947899
1.5496223958333282	1.8435754119153753
1.6496223958333278	2.0144732474768663
1.7496223958333275	2.190337654866962
1.849622395833327	2.37098974093396
1.9496223958333267	2.556258633677388
2.0496223958333264	2.74598107644623
2.149622395833326	2.940000828939811
2.2496223958333257	3.1381687539673373
2.3496223958333253	3.3403417563200923
2.399990234375	3.443645222337042
1000002.3999902344	3.443645222337042
