-100007.25	0
0	0
0.0033333333333329662	0.003820376900274574
0.00833333333333286	0.009568907143619798
0.015833333333333144	0.018232066325931964
0.02708333333333357	0.03131740986738755
0.04395833333333332	0.051148314273904594
0.06927083333333339	0.08134737648051367
0.1072395833333335	0.12765187841669706
0.16419270833333321	0.19933011936927883
0.2496223958333328	0.31170954265894163
0.34962239583333243	0.4504015915645501
0.4496223958333321	0.5964807446092403
0.5496223958333317	0.7496298250917957
0.6496223958333314	0.9095496262453517
0.749622395833331	1.0759602018768624
0.8496223958333307	1.2485939973649935
0.9496223958333303	1.4271994536409123
1.04962239583333	1.6115373064536354
1.1496223958333296	1.801380778039281
1.2496223958333292	1.996514454529159
1.3496223958333289	2.196732942907572
1.4496223958333285	2.401840594003623
1.5496223958333282	2.6116505337062312
1.6496223958333278	2.8259846828667943
1.7496223958333275	3.0446731037228005
1.849622395833327	3.267553117111505
1.9496223958333267	3.49446894847588
2.0496223958333264	3.7252714596142504
2.149622395833326	3.95981755782105
2.2496223958333257	4.197970761969342
2.3496223958333253	4.439600166963943
2.399990234375	4.562580150439647
1000002.3999902344	4.562580150439647
