-100007.25	0
0	0
0.0033333333333329662	0.004375203179528585
0.00833333333333286	0.010955294917674186
0.015833333333333144	0.020864260582986724
0.02708333333333357	0.03581495317525227
0.04395833333333332	0.0584366763548962
0.06927083333333339	0.09280464915498926
0.1072395833333335	0.14532548458798236
0.16419270833333321	0.2262459640013484
0.2496223958333328	0.35230901993621716
0.34962239583333243	0.5067541850213645
0.4496223958333321	0.6683128894950151
0.5496223958333317	0.8366791012636483
0.6496223958333314	1.011564138728151
0.749622395833331	1.1926942681207053
0.8496223958333307	1.3798108489542684
0.9496223958333303	1.572668924544899
1.04962239583333	1.771035414138553
1.1496223958333296	1.9746891880053152
1.2496223958333292	2.1834199571661683
1.3496223958333289	2.3970273729504266
1.4496223958333285	2.6153194497641885
1.5496223958333282	2.838113725007765
1.6496223958333278	3.0652366372124575
1.7496223958333275	3.296520674207537
1.849622395833327	3.53180715257218
1.9496223958333267	3.7709436594294727
2.0496223958333264	4.013785059210111
2.149622395833326	4.26019159588739
2.2496223958333257	4.510029721957403
2.3496223958333253	4.763171728813039
2.399990234375	4.891886227260993
1000002.3999902344	4.891886227260993
