-99999.99520388842	0
0.00479611158370985	0
0.008129444917043184	0.00000000000000003530765199640544
0.013129444917043183	0.00000000000000007683382243326117
0.02062944491704318	0.0000000000000004267495167195266
0.031879444917043184	0.00000000000000021826913624664088
0.048754444917043185	0.0000000000000009300738287773755
0.07406694491704319	0.0000000000000015179036136256576
0.11203569491704318	0.0000000000000023996482908980796
0.16898881991704318	0.000000000000003722265306806714
0.2544185074170432	0.000000000000005706190830669665
0.35441850741704317	0.000000000000006422785070969806
0.45441850741704315	0.000000000000008280617477403884
0.5544185074170431	0.000000000000010138449883837958
0.6544185074170431	0.000000000000010496747003988025
0.7544185074170431	0.000000000000012122350359617845
0.8544185074170431	0.000000000000017675940491032708
0.954418507417043	0.000000000000019766001948271034
1.0544185074170431	0.000000000000021856063405509373
1.1047961115895304	0.000000000000007636328764435794
1000001.1047961116	0.000000000000007636328764435794
