-99999.99520388842	0
0.004021405607922635	0
0.0073547389412559686	0.006343198771909492
0.012354738941255968	0.019422963259972365
0.019854738941255966	0.03977987314413963
0.03110473894125597	0.07065926637212087
0.04797973894125597	0.116987049367113
0.07329223894125597	0.18647875293062638
0.11126098894125597	0.2907164016775978
0.16821411394125596	0.4470730253411631
0.253643801441256	0.6816082813283664
0.35364380144125596	0.9561449051022944
0.45364380144125593	1.2306822229738121
0.5536438014412559	1.5052201686162796
0.6536438014412559	1.779758118579038
0.7536438014412559	2.0542963143532145
0.8536438014412558	2.3288346825382815
0.9536438014412558	2.6033732409931853
1.053643801441256	2.8779121394616105
1.1047961115895304	3.0183538291524186
1000001.1047961116	3.0183538291524186
