-99999.99520388842	0
0	0
0.0033333333333333335	0.0001368162710296368
0.008333333333333333	0.010097806481318793
0.01583333333333333	0.03143347327502239
0.027083333333333334	0.06390745908350705
0.043958333333333335	0.11331123056502036
0.06927083333333334	0.1890807393427114
0.10723958333333333	0.30465094214482136
0.16419270833333333	0.4788322835170425
0.24962239583333334	0.7433532005166101
0.3496223958333333	1.0478837764407767
0.4496223958333333	1.3505848058365624
0.5496223958333333	1.6559449728695463
0.6496223958333333	1.9495478586770731
0.7496223958333332	2.248498677689049
0.8496223958333332	2.5530688468120077
0.9496223958333332	2.853690235840813
1.0496223958333333	3.1418942716403473
1.1047961115837097	3.2695710968375513
1000001.1047961116	3.2695710968375513
