-99999.99520388842	0
0.003970506548881536	0
0.00730383988221487	0.00000000000000000000000000000035880074863934204
0.01230383988221487	0.00000000000000000000000000000012942249226282225
0.019803839882214867	0.0000000000000000000000000000000824298016197737
0.03105383988221487	0.00000000000000000000000000000014791141972893971
0.04792883988221487	0.0000000000000000000000000000002465190328815662
0.07324133988221487	0.00000000000000000000000000000035745259767827097
0.11121008988221487	0.00000000000000000000000000000030814879110195774
0.16816321488221486	0.00000000000000002801432102229601
0.2535929023822149	0.000000000000000016243530973852842
0.35359290238221486	0.0000000000000000000000000000006656013887802287
0.45359290238221484	0
0.5535929023822148	0.00000000000000000000000000000007395570986446986
0.6535929023822148	0.000000000000000000000000000001035379938102578
0.7535929023822148	0.00000000000000000000000000000004930380657631324
0.8535929023822147	0.00000000000000000000000000000004930380657631324
0.9535929023822147	0.00000000000000000000000000000488107685105501
1.0535929023822148	0.0000000000000000000000000000036854595415794145
1.1047961115837097	0.0000000000000000000000000000004930380657631324
1000001.1047961116	0.0000000000000000000000000000004930380657631324
