-100001.1	0
0	0
0.0033333333333334103	0.00000000000000003742816104679453
0.008333333333333304	0.00000000000000009363936393892868
0.015833333333333366	0.00000000000000017785163612149744
0.027083333333333348	0.00000000000000030516839861344737
0.04395833333333332	0.0000000000000004965395119897003
0.06927083333333339	0.00000000000000078536358459141625
0.1072395833333335	0.0000000000000012225763492030127
0.16419270833333344	0.00000000000000188734297146572
0.24962239583333345	0.0000000000000029046247243867314
0.34962239583333354	0.000000000000003999472713910945
0.44962239583333363	0.000000000000005380670970569495
0.5496223958333337	0.000000000000006668346225299874
0.6496223958333338	0.000000000000008426283455557497
0.7496223958333339	0.000000000000009343000998038663
0.849622395833334	0.0000000000000114777554341381
0.9496223958333339	0.000000000000013084220637881172
1.049622395833334	0.000000000000014744505317926042
1.149622395833334	0.00000000000001508952759662825
1.2496223958333341	0.000000000000018226533106921287
1.3496223958333342	0.00000000000004362554483648491
1.4496223958333343	0.00000000000004701491735908213
1.5496223958333344	0.00000000000005042594332078322
1.6496223958333345	0.000000000000053858622721588146
1.7496223958333346	0.00000000000005731295556149696
1.8496223958333347	0.00000000000006078894184050964
1.9496223958333347	0.00000000000006428658155862613
2.049622395833335	0.00000000000006780587471584648
2.149622395833335	0.00000000000007134682131217074
2.249622395833335	0.00000000000007366440460740802
2.349622395833335	0.00000000000007849367482213074
2.449622395833335	0.00000000000008209958173576653
2.5496223958333353	0.00000000000008549073553509265
2.6496223958333354	0.00000000000009401626144267863
2.7496223958333355	0.00000000000009401626144267863
2.8496223958333355	0.00000000000009401626144267863
2.9496223958333356	0.00000000000009401626144267863
3.0496223958333353	0.00000000000009401626144267863
3.149622395833335	0.00000000000009401626144267863
3.2496223958333346	0.00000000000009401626144267863
3.349622395833334	0.00000000000009401626144267863
3.449622395833334	0.00000000000009401626144267863
3.5496223958333335	0.00000000000009401626144267863
3.649622395833333	0.00000000000009401626144267863
3.749622395833333	0.00000000000009401626144267863
3.8496223958333324	0.00000000000009401626144267863
3.949622395833332	0.00000000000009401626144267863
4.049622395833332	0.00000000000009401626144267863
4.149622395833331	0.00000000000009401626144267863
4.249622395833331	0.00000000000009401626144267863
4.349622395833331	0.00000000000009401626144267863
4.44962239583333	0.00000000000009401626144267863
4.54962239583333	0.00000000000009401626144267863
4.64962239583333	0.00000000000009401626144267863
4.749622395833329	0.00000000000009401626144267863
4.849622395833329	0.00000000000009401626144267863
4.9496223958333285	0.00000000000009401626144267863
5.049622395833328	0.00000000000009401626144267863
5.149622395833328	0.00000000000009401626144267863
5.2496223958333275	0.00000000000009401626144267863
5.349622395833327	0.00000000000009401626144267863
5.449622395833327	0.00000000000009401626144267863
5.549622395833326	0.00000000000009401626144267863
5.649622395833326	0.00000000000009401626144267863
5.749622395833326	0.00000000000009401626144267863
5.849622395833325	0.00000000000009401626144267863
5.949622395833325	0.00000000000009401626144267863
6.049622395833325	0.00000000000009401626144267863
6.149622395833324	0.00000000000009401626144267863
6.249622395833324	0.00000000000009401626144267863
6.3496223958333236	0.00000000000009401626144267863
6.449622395833323	0.00000000000009401626144267863
6.549622395833323	0.00000000000009401626144267863
6.6496223958333225	0.00000000000009401626144267863
6.749622395833322	0.00000000000009401626144267863
6.849622395833322	0.00000000000009401626144267863
6.949622395833321	0.00000000000009401626144267863
7.049622395833321	0.00000000000009401626144267863
7.149622395833321	0.00000000000009401626144267863
7.24962239583332	0.00000000000009401626144267863
7.34962239583332	0.00000000000009401626144267863
7.44962239583332	0.00000000000009401626144267863
7.549622395833319	0.00000000000009401626144267863
7.649622395833319	0.00000000000009401626144267863
7.749622395833319	0.00000000000009401626144267863
7.849622395833318	0.00000000000009401626144267863
7.949622395833318	0.00000000000009401626144267863
8.049622395833318	0.00000000000009401626144267863
8.149622395833317	0.00000000000009401626144267863
8.249622395833317	0.00000000000009401626144267863
8.349622395833316	0.00000000000015809378505755174
8.449622395833316	0.00000000000015257334192760195
8.549622395833316	0.00000000000014754235289351841
8.649622395833315	0.00000000000014300081795530066
8.749622395833315	0.00000000000013894873711294905
8.849622395833315	0.00000000000013538611036646345
8.949622395833314	0.00000000000013231293771584398
9.049622395833314	0.00000000000012972921916109046
9.149622395833314	0.0000000000001276349547022032
9.249622395833313	0.00000000000012603014433918178
9.349622395833313	0.00000000000012491478807202653
9.449622395833313	0.00000000000012428888590073722
9.549622395833312	0.00000000000012415243782531412
9.649622395833312	0.0000000000001245054438457569
9.749622395833311	0.0000000000001253479039620659
9.849622395833311	0.00000000000012667981817424079
9.94962239583331	0.00000000000012850118648228187
10.04962239583331	0.00000000000013081200888618902
10.14962239583331	0.0000000000001336122853859622
10.24962239583331	0.0000000000001369020159816013
10.34962239583331	0.0000000000001406812006731066
10.449622395833309	0.0000000000001449498394604779
10.549622395833309	0.00000000000014970793234371527
10.649622395833308	0.00000000000015495547932281868
10.749622395833308	0.00000000000016069248039778825
10.805	0.0000000000000956091586853623
1000010.805	0.0000000000000956091586853623
