-100001.1	0
-0.000000000008730793865652231	0
0.0033333333246026164	0.03255999991963485
0.00833333332460251	0.08139999991963441
0.015833333324602572	0.15465999991963503
0.027083333324602554	0.264549999919638
0.04395833332460253	0.429384999919639
0.0692708333246026	0.6766374999196423
0.1072395833246027	1.0475162499196482
0.16419270832460264	1.6038343749196533
0.24962239582460266	2.4383115624196665
0.34962239582460275	3.4151115624196757
0.44962239582460284	4.3919115624196925
0.5496223958246029	5.368711562419702
0.649622395824603	6.345511562419716
0.7496223958246031	7.322311562419728
0.8496223958246032	8.299111562419744
0.9496223958246031	9.27591156241975
1.0496223958246031	10.252711562419773
1.1496223958246032	11.229511562419777
1.2496223958246033	12.206311562419792
1.3496223958246034	13.183111562419805
1.4496223958246035	14.159911562419817
1.5496223958246036	15.136711562419835
1.6496223958246037	16.113511562419838
1.7496223958246038	17.090311562419856
1.8496223958246039	18.067111562419864
1.949622395824604	19.043911562419876
2.049622395824604	20.020711562419905
2.149622395824604	20.99751156241991
2.249622395824604	21.97431156241994
2.3496223958246043	22.95111156241992
2.4496223958246044	23.927911562419947
2.5496223958246045	24.90471156241997
2.6496223958246046	25.4944800000155
2.7496223958246047	25.4944800000155
2.8496223958246047	25.4944800000155
2.949622395824605	25.4944800000155
3.0496223958246045	25.4944800000155
3.149622395824604	25.4944800000155
3.2496223958246038	25.4944800000155
3.3496223958246034	25.4944800000155
3.449622395824603	25.4944800000155
3.5496223958246027	25.4944800000155
3.6496223958246023	25.4944800000155
3.749622395824602	25.4944800000155
3.8496223958246016	25.4944800000155
3.9496223958246013	25.4944800000155
4.049622395824601	25.4944800000155
4.149622395824601	25.4944800000155
4.2496223958246	25.4944800000155
4.3496223958246	25.4944800000155
4.4496223958245995	25.4944800000155
4.549622395824599	25.4944800000155
4.649622395824599	25.4944800000155
4.749622395824598	25.4944800000155
4.849622395824598	25.4944800000155
4.949622395824598	25.4944800000155
5.049622395824597	25.4944800000155
5.149622395824597	25.4944800000155
5.249622395824597	25.4944800000155
5.349622395824596	25.4944800000155
5.449622395824596	25.4944800000155
5.549622395824596	25.4944800000155
5.649622395824595	25.4944800000155
5.749622395824595	25.4944800000155
5.8496223958245945	25.4944800000155
5.949622395824594	25.4944800000155
6.049622395824594	25.4944800000155
6.1496223958245935	25.4944800000155
6.249622395824593	25.4944800000155
6.349622395824593	25.4944800000155
6.449622395824592	25.4944800000155
6.549622395824592	25.4944800000155
6.649622395824592	25.4944800000155
6.749622395824591	25.4944800000155
6.849622395824591	25.4944800000155
6.949622395824591	25.4944800000155
7.04962239582459	25.4944800000155
7.14962239582459	25.4944800000155
7.24962239582459	25.4944800000155
7.349622395824589	25.4944800000155
7.449622395824589	25.4944800000155
7.5496223958245885	25.4944800000155
7.649622395824588	25.4944800000155
7.749622395824588	25.4944800000155
7.849622395824587	25.4944800000155
7.949622395824587	25.4944800000155
8.049622395824587	25.4944800000155
8.149622395824586	25.4944800000155
8.249622395824586	25.4944800000155
8.349622395824586	26.467591562430062
8.449622395824585	27.44439156243006
8.549622395824585	28.42119156243008
8.649622395824585	29.397991562430082
8.749622395824584	30.3747915624301
8.849622395824584	31.35159156243011
8.949622395824584	32.328391562430106
9.049622395824583	33.30519156243011
9.149622395824583	34.28199156243015
9.249622395824582	35.25879156243015
9.349622395824582	36.23559156243014
9.449622395824582	37.21239156243019
9.549622395824581	38.189191562430146
9.649622395824581	39.16599156243018
9.74962239582458	40.14279156243021
9.84962239582458	41.11959156243017
9.94962239582458	42.09639156243023
10.04962239582458	43.07319156243021
10.14962239582458	44.04999156243022
10.249622395824579	45.02679156243023
10.349622395824579	46.00359156243022
10.449622395824578	46.98039156243024
10.549622395824578	47.95719156243025
10.649622395824577	48.933991562430236
10.749622395824577	49.91079156243029
10.805	50.45172000001582
1000010.805	50.45172000001582
