-100001.1	0
-0.000000000008730793865652231	0
0.0033333333246026164	0.000000000000000119882650519798
0.00833333332460251	0.0000000000000002608839727160408
0.015833333324602572	0.0000000000000005703149494255514
0.027083333324602554	0.0000000000000009762428052963989
0.04395833332460253	0.0000000000000015887259997387476
0.0692708333246026	0.0000000000000025110669397689373
0.1072395833246027	0.000000000000003913719486538499
0.16419270832460264	0.000000000000006016404505970197
0.24962239582460266	0.000000000000009290306784751043
0.34962239582460275	0.000000000000012987282974029052
0.44962239582460284	0.000000000000017013650109305877
0.5496223958246029	0.0000000000000210282318077267
0.649622395824603	0.00000000000002512672396712201
0.7496223958246031	0.00000000000002979690712734106
0.8496223958246032	0.00000000000003357543966883615
0.9496223958246031	0.000000000000038708445986403006
1.0496223958246031	0.000000000000042359797214448215
1.1496223958246032	0.000000000000046990391713196815
1.2496223958246033	0.00000000000004710806383762612
1.3496223958246034	0.00000000000005629742171236659
1.4496223958246035	0.00000000000006093543783736634
1.5496223958246036	0.00000000000006060649108660362
1.6496223958246037	0.0000000000000709235671919597
1.7496223958246038	0.00000000000007600891783703662
1.8496223958246039	0.00000000000008114498666488621
1.949622395824604	0.00000000000008604297398794012
2.049622395824604	0.00000000000009490893370324303
2.149622395824604	0.00000000000009706687510365151
2.249622395824604	0.00000000000010254539856831213
2.3496223958246043	0.00000000000010763939120594
2.4496223958246044	0.00000000000011324827166287621
2.5496223958246045	0.00000000000012458381628343278
2.6496223958246046	0.00000000000012471776395967211
2.7496223958246047	0.00000000000007092960143120093
2.8496223958246047	0.00000000000008751018821072985
2.949622395824605	0.00000000000008705142805769685
3.0496223958246045	0.00000000000009931137593333
3.149622395824604	0.00000000000010490870115145906
3.2496223958246038	0.00000000000010047599350339673
3.3496223958246034	0.00000000000010776539101153693
3.449622395824603	0.00000000000011327633968729714
3.5496223958246027	0.0000000000001287844096411856
3.6496223958246023	0.0000000000001351249386679199
3.749622395824602	0.0000000000001294097646732729
3.8496223958246016	0.0000000000001482519190065515
3.9496223958246013	0.00000000000015503837031844893
4.049622395824601	0.00000000000013489931944880679
4.149622395824601	0.00000000000015557650931538133
4.2496223958246	0.00000000000014647515037680162
4.3496223958246	0.00000000000015177395110513304
4.4496223958245995	0.00000000000019120023830375166
4.549622395824599	0.00000000000019887853418597526
4.649622395824599	0.00000000000018793934030121466
4.749622395824598	0.00000000000019702014138990847
4.849622395824598	0.00000000000022280526640297269
4.949622395824598	0.00000000000021189855081411153
5.049622395824597	0.00000000000021953723028859324
5.149622395824597	0.00000000000024806976547545943
5.249622395824597	0.00000000000025678854668973045
5.349622395824596	0.0000000000002656559686657225
5.449622395824596	0.00000000000018536728309127955
5.549622395824596	0.00000000000018679976323040567
5.649622395824595	0.00000000000018973665730569228
5.749622395824595	0.00000000000019232407519935642
5.8496223958245945	0.00000000000019717995622039386
5.949622395824594	0.00000000000020068420467504618
6.049622395824594	0.00000000000020424239991928662
6.1496223958245935	0.00000000000020785454195311556
6.249622395824593	0.00000000000019182374470156954
6.349622395824593	0.00000000000021524066638953893
6.449622395824592	0.00000000000019911620384068248
6.549622395824592	0.00000000000020288007833218346
6.649622395824592	0.0000000000002267244539660869
6.749622395824591	0.00000000000021064311715907403
6.849622395824591	0.0000000000002346500462983941
6.949622395824591	0.00000000000023869376264893044
7.04962239582459	0.00000000000024279142578905506
7.14962239582459	0.0000000000002469430357187681
7.24962239582459	0.00000000000025114859243806953
7.349622395824589	0.000000000000235814552390857
7.449622395824589	0.00000000000024028429641402444
7.5496223958245885	0.0000000000002448324703851548
7.649622395824588	0.0000000000002685102872111596
7.749622395824588	0.0000000000002541641081713046
7.849622395824587	0.00000000000027751481533523495
7.949622395824587	0.0000000000002638094657493063
8.049622395824587	0.0000000000002867351306176638
8.149622395824586	0.00000000000029142620844326094
8.249622395824586	0.000000000000260088363067872
8.349622395824586	0.00000000000026273653366533787
8.449622395824585	0.00000000000026537980000920467
8.549622395824585	0.00000000000026801816209947253
8.649622395824585	0.00000000000027065161993614144
8.749622395824584	0.0000000000002732801735192116
8.849622395824584	0.0000000000002759038228486826
8.949622395824584	0.0000000000002785225679245547
9.049622395824583	0.00000000000028113640874682807
9.149622395824583	0.0000000000002837453453155025
9.249622395824582	0.00000000000028634937763057786
9.349622395824582	0.0000000000002889485056920543
9.449622395824582	0.0000000000002915427294999319
9.549622395824581	0.00000000000029413204905421066
9.649622395824581	0.00000000000029671646435489017
9.74962239582458	0.0000000000002992959754019709
9.84962239582458	0.00000000000030187058219545294
9.94962239582458	0.0000000000003044402847353358
10.04962239582458	0.0000000000003070050830216198
10.14962239582458	0.00000000000030956497705430476
10.249622395824579	0.0000000000003121199668333909
10.349622395824579	0.0000000000003146700523588783
10.449622395824578	0.0000000000003172152336307666
10.549622395824578	0.000000000000319755510649056
10.649622395824577	0.0000000000003222908834137465
10.749622395824577	0.0000000000003248213519248381
10.805	0.0000000000003690497537201412
1000010.805	0.0000000000003690497537201412
