-100001.6	0
2.684314453125001	0
2.687647786458334	0
2.692647786458334	0.000000000000000000000000000000000001504632769052528
2.7001477864583343	0.000000000000000000000000000000000006018531076210112
2.7113977864583347	0.000000000000000000000000000000000012037062152420224
2.7282727864583345	0
2.7535852864583346	0.00000000000000000000000000000000036111186457260672
2.7915540364583347	0.00000000000000000000000000000000003611118645726067
2.8485071614583344	0.00000000000000000000000000000000067407548053553255
2.933936848958334	0.00000000000000000000000000000001232595164407831
3.0339368489583336	0.000000000000000000000000000000016948183510607676
3.1339368489583332	0.00000000000000000000000000000010245947304140095
3.233936848958333	0.00000000000000000000000000000007703719777548943
3.3339368489583325	0
3.433936848958332	0.0000000000000000000000000000001355854680848614
3.533936848958332	0.0000000000000000000000000000003143117669239969
3.6339368489583315	0.00000000000000000000000000000029582283945787943
3.733936848958331	0.00000000000000011207015948769473
3.8339368489583308	0.0000000000000003085520458238127
3.9339368489583304	0.00000000000000009554645252618591
4.03393684895833	0.0000000000000002483858421273011
4.13393684895833	0.0000000000000012932186404351686
4.233936848958329	0.0000000000000004175104560600806
4.333936848958329	0.0000000000000005229017066520293
4.433936848958329	0.0000000000000006433577204193065
4.533936848958328	0.0000000000000007745985762887845
4.633936848958328	0.0000000000000009262916971040825
4.733936848958328	0.0000000000000003736649418523929
4.833936848958327	0.0000000000000003736649418523929
4.933936848958327	0.0000000000000003736649418523929
5.0339368489583265	0.0000000000000004683946963346839
5.133936848958326	0.0000000000000005786950037399356
5.233936848958326	0.0000000000000007010707043858484
5.333936848958325	0.0000000000000008598055572391969
5.433936848958325	0.0000000000000010081500407290323
5.533936848958325	0.0000000000000011191757061725614
5.633936848958324	0.0000000000000012473993594709984
5.733936848958324	0.00000000000000134592717115931
5.833936848958324	0.000000000000001198038430242753
5.933936848958323	0.0000000000000010353423578699972
6.033936848958323	0.0000000000000010866864442895215
6.133936848958323	0.0000000000000011362039038717002
6.233936848958322	0.000000000000001180741636577976
6.333936848958322	0.0000000000000012239329495483422
6.4339368489583215	0.0000000000000012655017329828622
6.533936848958321	0.0000000000000012626875237927654
6.633936848958321	0.0000000000000012564952927665295
6.7339368489583205	0.0000000000000012550946696104952
6.83393684895832	0.0000000000000012552116217835986
6.93393684895832	0.0000000000000012569391124158333
7.033936848958319	0.0000000000000012587774329181245
7.133936848958319	0.000000000000001262454890822194
7.233936848958319	0.0000000000000012674534511123928
7.333936848958318	0.000000000000001269402369452702
7.433936848958318	0.000000000000001275585957258059
7.533936848958318	0.0000000000000012826513394648596
7.633936848958317	0.0000000000000012923838687823764
7.733936848958317	0.0000000000000012992302420135272
7.8339368489583165	0.0000000000000013122989912628324
7.933936848958316	0.0000000000000013270473622763106
8.033936848958316	0.0000000000000013438668225309005
8.05	0.0000000000000012723911289772554
1000008.05	0.0000000000000012723911289772554
