-100001.6	0
2.3909547333833667	0
2.3942880667167	0.000000017634529327819264
2.3992880667167	0.00000027566772681554454
2.4067880667167003	0.0000018984420094813095
2.4180380667167007	0.000009546820566441828
2.4349130667167005	0.000041007123046474325
2.4602255667167006	0.00016143204071335774
2.4981943167167007	0.0006047680783330991
2.5551474417167004	0.002201007952356957
2.6405771292167	0.007880834906015977
2.7405771292166996	0.021940001629157557
2.8405771292166992	0.04547025328230307
2.940577129216699	0.0786974114223499
3.0405771292166985	0.12214150698765866
3.140577129216698	0.17550012992344105
3.240577129216698	0.2379636500448894
3.3405771292166975	0.31074250591718827
3.440577129216697	0.39396606693460473
3.5405771292166968	0.4881797720055714
3.6405771292166964	0.5944394141676465
3.740577129216696	0.7146867984610108
3.8405771292166957	0.8407695866301269
3.9405771292166953	0.9731899608410112
4.040577129216695	1.1121030270093963
4.140577129216695	1.2651494866627502
4.240577129216694	1.417167984347223
4.340577129216694	1.574954407479343
4.440577129216694	1.7379499955037074
4.540577129216693	1.905167424843293
4.640577129216693	2.078135599108932
4.7405771292166925	2.199255178715082
4.840577129216692	2.202192298105859
4.940577129216692	2.2044208420405926
5.040577129216691	2.2135971531562015
5.140577129216691	2.226304960550345
5.240577129216691	2.2433601900200135
5.34057712921669	2.266832400136082
5.44057712921669	2.2945762623885493
5.54057712921669	2.327243736739977
5.640577129216689	2.364515274324461
5.740577129216689	2.4076692850190744
5.840577129216689	2.4561933706231405
5.940577129216688	2.50834909819212
6.040577129216688	2.56262308299068
6.1405771292166875	2.6217088572911655
6.240577129216687	2.683722366436712
6.340577129216687	2.7496755348092656
6.4405771292166865	2.8155576232561743
6.540577129216686	2.8919100812418006
6.640577129216686	2.9683495125968915
6.740577129216685	3.0469001585378854
6.840577129216685	3.126478951540412
6.940577129216685	3.2060630408413635
7.040577129216684	3.285645175582119
7.140577129216684	3.3668773401944057
7.240577129216684	3.451906192874603
7.340577129216683	3.5400215316253596
7.440577129216683	3.629745182660178
7.5405771292166826	3.7208193733847597
7.640577129216682	3.811545321454023
7.740577129216682	3.903742649129933
7.8405771292166815	3.9965565961325997
7.940577129216681	4.0946288806284565
8.04057712921668	4.192162805716544
8.05	4.200113424712365
1000008.05	4.200113424712365
