-100001.6	0
2.0658570337227626	0
2.069190367056096	0.00000001377883123147057
2.074190367056096	0.00000021529423799163855
2.081690367056096	0.0000014767031783845153
2.0929403670560958	0.000007394970667172279
2.109815367056096	0.00003182121094503989
2.135127867056096	0.0001256734233171517
2.173096617056096	0.0004721608913678293
2.2300497420560963	0.001728176833910694
2.3154794295560963	0.006248501572175058
2.415479429556096	0.017715187193367902
2.5154794295560956	0.0378630831569188
2.6154794295560952	0.06707046770651773
2.715479429556095	0.10527753729441526
2.8154794295560945	0.15211789204913664
2.915479429556094	0.20744188809790073
3.015479429556094	0.2713177411533154
3.1154794295560935	0.3437620368507254
3.215479429556093	0.42472642608564054
3.3154794295560928	0.5141098659577351
3.4154794295560924	0.6117713161423457
3.515479429556092	0.7175412222746501
3.6154794295560917	0.8312309069273329
3.7154794295560913	0.9526399209456066
3.815479429556091	1.081561172003984
3.9154794295560906	1.217784761790703
4.01547942955609	1.3611004060773282
4.11547942955609	1.511299070612828
4.21547942955609	1.6681739169776595
4.315479429556089	1.8315209190155743
4.415479429556089	2.0011387117289177
4.5154794295560885	2.176829252545758
4.615479429556088	2.3583970647786994
4.715479429556088	2.5410212107092915
4.815479429556087	2.5469029518171773
4.915479429556087	2.5580549248489053
5.015479429556087	2.574326010530596
5.115479429556086	2.595531203389276
5.215479429556086	2.6214867907059802
5.315479429556086	2.652010149156289
5.415479429556085	2.686919572180019
5.515479429556085	2.7260341183066465
5.615479429556085	2.769173539522482
5.715479429556084	2.8161582146565407
5.815479429556084	2.8668092259733147
5.9154794295560835	2.92094843045916
6.015479429556083	2.9783985837635614
6.115479429556083	3.038983550387763
6.2154794295560825	3.102528663612584
6.315479429556082	3.1688611953671497
6.415479429556083	3.2378107759798658
6.515479429556082	3.309209993976856
6.615479429556082	3.3828949345863464
6.715479429556082	3.458705934402906
6.815479429556081	3.5364885082173547
6.915479429556081	3.616094361684318
7.0154794295560805	3.697382125703949
7.11547942955608	3.780218042136108
7.21547942955608	3.864477081247656
7.315479429556079	3.9500441435926468
7.415479429556079	4.036814718153016
7.515479429556079	4.124695056527697
7.615479429556078	4.213603363983625
7.715479429556078	4.303470423043718
7.815479429556078	4.394239029349292
7.915479429556077	4.485864825933958
8.015479429556077	4.57831521869839
8.05	4.610416685756119
1000008.05	4.610416685756119
