-100001.6	0
0	0
0.0033333333333334103	0.0026241255081176666
0.008333333333333304	0.006573158522217652
0.015833333333333366	0.012526602286395532
0.027083333333333348	0.021519111860159177
0.04395833333333332	0.03515385625698662
0.06927083333333339	0.05590442689383867
0.1072395833333335	0.08774230109315952
0.16419270833333344	0.13670659427211296
0.24962239583333345	0.21337760698758054
0.34962239583333354	0.30972836726612896
0.4496223958333334	0.4099562907302981
0.5496223958333335	0.5115071057962854
0.6496223958333336	0.6148196260594938
0.7496223958333337	0.7198756462081541
0.8496223958333338	0.8293226351121532
0.9496223958333339	0.883017050829946
1.049622395833334	0.883017050829946
1.149622395833334	0.883017050829946
1.2496223958333341	0.883017050829946
1.3496223958333342	0.8867965662372
1.4496223958333343	0.8907840001169018
1.5496223958333344	0.8960322092132097
1.6496223958333345	0.9043709251307157
1.7496223958333346	0.9168644522844566
1.8496223958333347	0.937074801289002
1.9496223958333347	0.9646537556697554
2.049622395833335	0.9990452315164924
2.149622395833335	1.041157829485526
2.249622395833335	1.0915613372880226
2.349622395833335	1.1490734403615341
2.4496223958333347	1.2147452348929253
2.5496223958333344	1.2874044789605565
2.649622395833334	1.3672932207555595
2.7496223958333337	1.4548587271450475
2.8496223958333333	1.5493896431077219
2.949622395833333	1.6513775857656505
3.0496223958333326	1.7605880611043074
3.1496223958333323	1.8767876139182929
3.249622395833332	1.9999226865349005
3.3496223958333315	2.129895385110413
3.449622395833331	2.2670921033371765
3.549622395833331	2.4107436630542023
3.6496223958333305	2.5606426458836027
3.74962239583333	2.7169574357574295
3.8496223958333298	2.879603766043632
3.9496223958333294	3.047964905440659
4.049622395833329	3.2218774639416994
4.149622395833329	3.401661191083497
4.249622395833328	3.5869024053195804
4.349622395833328	3.777390683679567
4.449622395833328	3.972767735279697
4.549622395833327	4.173196999952824
4.649622395833327	4.378399792688714
4.749622395833327	4.519745200217524
4.849622395833326	4.546974535259634
4.949622395833326	4.578418698051917
5.0496223958333255	4.613915040419533
5.149622395833325	4.65340526049159
5.249622395833325	4.6966138476973684
5.349622395833324	4.743402512887839
5.449622395833324	4.793634101237604
5.549622395833324	4.8470985895514564
5.649622395833323	4.903703113448455
5.749622395833323	4.963369266186023
5.849622395833323	5.025841650213388
5.949622395833322	5.090858353242682
6.049622395833322	5.158262528245433
6.149622395833322	5.22837271791345
6.249622395833321	5.300872756158499
6.349622395833321	5.375227783125968
6.449622395833321	5.451476487274334
6.549622395833321	5.529433946666552
6.649622395833321	5.6089149975399835
6.74962239583332	5.6900466399045175
6.84962239583332	5.773178065828024
6.94962239583332	5.8572858830422305
7.049622395833319	5.942377955050269
7.149622395833319	6.028681551117651
7.249622395833319	6.115716126547028
7.349622395833318	6.203836586657338
7.449622395833318	6.292871360399917
7.5496223958333175	6.382708426836272
7.649622395833317	6.472876539684178
7.749622395833317	6.563977322915307
7.8496223958333164	6.6557401224212835
7.949622395833316	6.748143909443413
8.049622395833316	6.840994093113934
8.05	6.841286006880486
1000008.05	6.841286006880486
