-100001.6	0
0	0
0.0033333333333334103	0.0032627963718997407
0.008333333333333304	0.008163735731412335
0.015833333333333366	0.015530599256332099
0.027083333333333348	0.02661440764360712
0.04395833333333332	0.04331782792052026
0.06927083333333339	0.06854555126554074
0.1072395833333335	0.10677772613955483
0.16419270833333344	0.1650074219495393
0.24962239583333345	0.2543600781575209
0.34962239583333354	0.36210186374589215
0.4496223958333334	0.47341485655458787
0.5496223958333335	0.5885046968862735
0.6496223958333336	0.7075171063530221
0.7496223958333337	0.8306048302999344
0.8496223958333338	0.9579488225321003
0.9496223958333339	1.0242521157176787
1.049622395833334	1.0265680844991578
1.149622395833334	1.0316505380256868
1.2496223958333341	1.0407449479982063
1.3496223958333342	1.0550890037791396
1.4496223958333343	1.075236055933715
1.5496223958333344	1.101487130032476
1.6496223958333345	1.1341371151902782
1.7496223958333346	1.1734619833328122
1.8496223958333347	1.2197019008914263
1.9496223958333347	1.273040373669816
2.049622395833335	1.3335806525986065
2.149622395833335	1.401298802031931
2.249622395833335	1.4758926337015008
2.349622395833335	1.5570480891015341
2.4496223958333347	1.644775268963474
2.5496223958333344	1.7391913754444808
2.649622395833334	1.8403677969869512
2.7496223958333337	1.9483314265771987
2.8496223958333333	2.0630690679668713
2.949622395833333	2.184532867510757
3.0496223958333326	2.312645996810628
3.1496223958333323	2.447308184743294
3.249622395833332	2.5884007068190846
3.3496223958333315	2.7357907722363892
3.449622395833331	2.8893350427226365
3.549622395833331	3.0488826138696346
3.6496223958333305	3.2142773365950017
3.74962239583333	3.3853596270411277
3.8496223958333298	3.5619678368181313
3.9496223958333294	3.743939324563818
4.049622395833329	3.931111220323255
4.149622395833329	4.123320960188146
4.249622395833328	4.320406706817867
4.349622395833328	4.522207595979985
4.449622395833328	4.728565484634956
4.549622395833327	4.939317188878463
4.649622395833327	5.154310235197225
4.749622395833327	5.304939929466295
4.849622395833326	5.341046225032292
4.949622395833326	5.380928592363807
5.0496223958333255	5.424435000789017
5.149622395833325	5.4714146438605535
5.249622395833325	5.521717964969373
5.349622395833324	5.575196682685111
5.449622395833324	5.6317037261511675
5.549622395833324	5.6910933014142016
5.649622395833323	5.753221038478207
5.749622395833323	5.8179440442459445
5.849622395833323	5.885121036237997
5.949622395833322	5.954612538536697
6.049622395833322	6.0262810687592046
6.149622395833322	6.099991408436948
6.249622395833321	6.1756110172638286
6.349622395833321	6.253010261604043
6.449622395833321	6.332062597377811
6.549622395833321	6.412645522216628
6.649622395833321	6.494640790866162
6.74962239583332	6.577934518131789
6.84962239583332	6.662418415941534
6.94962239583332	6.7479901760755965
7.049622395833319	6.834553371497389
7.149622395833319	6.922019001207762
7.249622395833319	7.010305566372228
7.349622395833318	7.099339174883986
7.449622395833318	7.189054990541895
7.5496223958333175	7.279396657631348
7.649622395833317	7.3703171524353195
7.749622395833317	7.461778920405487
7.8496223958333164	7.553753881115059
7.949622395833316	7.646223462482394
8.049622395833316	7.739177667833868
8.05	7.739529584679814
1000008.05	7.739529584679814
