-100001.6	0
0	0
0.0033333333333334103	0.003907829867117497
0.008333333333333304	0.009777717513988423
0.015833333333333366	0.018600797371355834
0.027083333333333348	0.031876247616572935
0.04395833333333332	0.05188052276385386
0.06927083333333339	0.08208924243691197
0.1072395833333335	0.12785150392386638
0.16419270833333344	0.19749366133641283
0.24962239583333345	0.30419773057741956
0.34962239583333354	0.4325703895151676
0.4496223958333334	0.5647996235076348
0.5496223958333335	0.7010318639906546
0.6496223958333336	0.841438014797408
0.7496223958333337	0.9862113395049347
0.8496223958333338	1.1355651401043647
0.9496223958333339	1.2213357743450681
1.049622395833334	1.2427278380364846
1.149622395833334	1.2694330084114314
1.2496223958333341	1.3017133247606218
1.3496223958333342	1.3398299589614382
1.4496223958333343	1.3840343852304127
1.5496223958333344	1.4345569364837063
1.6496223958333345	1.4915924544553372
1.7496223958333346	1.5552834424407775
1.8496223958333347	1.6257012159409616
1.9496223958333347	1.702786629214164
2.049622395833335	1.7862270431401455
2.149622395833335	1.8757529053922337
2.249622395833335	1.9713926657679404
2.349622395833335	2.0732701748718854
2.4496223958333347	2.1814689090958086
2.5496223958333344	2.2960320963952885
2.649622395833334	2.4169658026850334
2.7496223958333337	2.544243044811265
2.8496223958333333	2.6778082390089386
2.949622395833333	2.8175818928866776
3.0496223958333326	2.9634648979228535
3.1496223958333323	3.11534257360559
3.249622395833332	3.27308807877317
3.3496223958333315	3.4365653096134374
3.449622395833331	3.6056313456412963
3.549622395833331	3.7801383842606575
3.6496223958333305	3.959935328948455
3.74962239583333	4.144869026139301
3.8496223958333298	4.334785213330332
3.9496223958333294	4.5295292391637965
4.049622395833329	4.728946651643294
4.149622395833329	4.932883571058464
4.249622395833328	5.141187011911629
4.349622395833328	5.353705088724041
4.449622395833328	5.570287130078137
4.549622395833327	5.790783778962981
4.649622395833327	6.015047080252192
4.749622395833327	6.1744832678109125
4.849622395833326	6.2189417176025605
4.949622395833326	6.266731456286104
5.0496223958333255	6.317710282522877
5.149622395833325	6.371737452086055
5.249622395833325	6.428673570120624
5.349622395833324	6.488380838321052
5.449622395833324	6.550723063248847
5.549622395833324	6.615565554098995
5.649622395833323	6.682775367642626
5.749622395833323	6.752221436584941
5.849622395833323	6.823774595287299
5.949622395833322	6.897307888044727
6.049622395833322	6.972696649536682
6.149622395833322	7.049818858592449
6.249622395833321	7.1285554837874106
6.349622395833321	7.208790392970824
6.449622395833321	7.29041126767931
6.549622395833321	7.373309689507487
6.649622395833321	7.4573812291800605
6.74962239583332	7.54252673397411
6.84962239583332	7.628651879742663
6.94962239583332	7.715668006542395
7.049622395833319	7.803493024611648
7.149622395833319	7.892050819187217
7.249622395833319	7.981272868781156
7.349622395833318	8.071097831506094
7.449622395833318	8.161472167779594
7.5496223958333175	8.252350697073515
7.649622395833317	8.343696388115818
7.749622395833317	8.435480897941158
7.8496223958333164	8.52768447206183
7.949622395833316	8.620295941879899
8.049622395833316	8.713311882730684
8.05	8.713663887096757
1000008.05	8.713663887096757
