-100001.6	0
0	0
0.0033333333333334103	0.004527833969122606
0.008333333333333304	0.011327272374707186
0.015833333333333366	0.0215437326074839
0.027083333333333348	0.03690740175085425
0.04395833333333332	0.06004074951227631
0.06927083333333339	0.09493926034279955
0.1072395833333335	0.14773978329855794
0.16419270833333344	0.22796659036450223
0.24962239583333345	0.350664154861105
0.34962239583333354	0.4979904935582573
0.4496223958333334	0.6494662342424471
0.5496223958333335	0.8052752823326392
0.6496223958333336	0.9656243107660847
0.7496223958333337	1.1307296036134338
0.8496223958333338	1.3008240968808185
0.9496223958333339	1.4077534613291385
1.049622395833334	1.4507199839036524
1.149622395833334	1.4993982865159334
1.2496223958333341	1.554014537069132
1.3496223958333342	1.6147705490699933
1.4496223958333343	1.6818300294221675
1.5496223958333344	1.755302983360018
1.6496223958333345	1.8352277743011167
1.7496223958333346	1.9214419600223196
1.8496223958333347	2.0135882073952147
1.9496223958333347	2.1114431321023437
2.049622395833335	2.215078889804003
2.149622395833335	2.32461540855162
2.249622395833335	2.4401354313333616
2.349622395833335	2.5616855331393262
2.4496223958333347	2.689278457266967
2.5496223958333344	2.822896323618262
2.649622395833334	2.9624942498859537
2.7496223958333337	3.108004170499928
2.8496223958333333	3.259338580016861
2.949622395833333	3.4163940952350322
3.0496223958333326	3.579054580801136
3.1496223958333323	3.7471938749467304
3.249622395833332	3.920678150057247
3.3496223958333315	4.099367892294525
3.449622395833331	4.283119538354931
3.549622395833331	4.471786779166955
3.6496223958333305	4.6652216105144415
3.74962239583333	4.863275209177978
3.8496223958333298	5.065798598721635
3.9496223958333294	5.27264310678913
4.049622395833329	5.483660785983283
4.149622395833329	5.698704701956678
4.249622395833328	5.917629164419728
4.349622395833328	6.1402898618131845
4.449622395833328	6.366543941814151
4.549622395833327	6.596250188571587
4.649622395833327	6.829269015850715
4.749622395833327	6.9970151110152194
4.849622395833326	7.049346725091936
4.949622395833326	7.104582090220368
5.0496223958333255	7.162588208764579
5.149622395833325	7.223234062090736
5.249622395833325	7.286390314792545
5.349622395833324	7.351929383703396
5.449622395833324	7.419725697754526
5.549622395833324	7.489655610919307
5.649622395833323	7.561597519412947
5.749622395833323	7.635432036822186
5.849622395833323	7.711042068583385
5.949622395833322	7.788313070668721
6.049622395833322	7.867133089920669
6.149622395833322	7.947393284283292
6.249622395833321	8.028987759697637
6.349622395833321	8.111814146852389
6.449622395833321	8.195773954348772
6.549622395833321	8.280772377814674
6.649622395833321	8.366719533211901
6.74962239583332	8.453529814159825
6.84962239583332	8.541123103764264
6.94962239583332	8.629424713104092
7.049622395833319	8.718365666505717
7.149622395833319	8.80788366734606
7.249622395833319	8.89792252555788
7.349622395833318	8.98843348550084
7.449622395833318	9.079374605830631
7.5496223958333175	9.170711689368355
7.649622395833317	9.262418007444776
7.749622395833317	9.354474624157106
7.8496223958333164	9.446870388451668
7.949622395833316	9.53960191656211
8.049622395833316	9.632672727145327
8.05	9.633024821875857
1000008.05	9.633024821875857
