-100001.6	0
0	0
0.0033333333333334103	0.005080864172838966
0.008333333333333304	0.012710391425856324
0.015833333333333366	0.024173224098792197
0.027083333333333348	0.04140928445058617
0.04395833333333332	0.06735780043661582
0.06927083333333339	0.10649398559998348
0.1072395833333335	0.16568544577769542
0.16419270833333344	0.25558306965013694
0.24962239583333345	0.3929919955853882
0.34962239583333354	0.5578827416183462
0.4496223958333334	0.7273315519661114
0.5496223958333335	0.9015583567504434
0.6496223958333336	1.0807960250046935
0.7496223958333337	1.265285435665878
0.8496223958333338	1.4552692465868133
0.9496223958333339	1.5825892269024302
1.049622395833334	1.6464240654884643
1.149622395833334	1.7163991084965007
1.2496223958333341	1.7926594023149642
1.3496223958333342	1.8752872663649571
1.4496223958333343	1.9642433592755237
1.5496223958333344	2.0591726193306688
1.6496223958333345	2.1596945238058938
1.7496223958333346	2.2656693327218473
1.8496223958333347	2.3772111916771053
1.9496223958333347	2.4944257539286676
2.049622395833335	2.617385261690344
2.149622395833335	2.7461295491539275
2.249622395833335	2.8806679769864747
2.349622395833335	3.0209820721187115
2.4496223958333347	3.1670285171628194
2.5496223958333344	3.3187423686299833
2.649622395833334	3.476040258523473
2.7496223958333337	3.6388234915285613
2.8496223958333333	3.8069808761029047
2.949622395833333	3.9803911398974203
3.0496223958333326	4.158925698827404
3.1496223958333323	4.342447999320857
3.249622395833332	4.5308201906423475
3.3496223958333315	4.723899374105146
3.449622395833331	4.921541214459068
3.549622395833331	5.123600347545652
3.6496223958333305	5.329931116278782
3.74962239583333	5.540388096523438
3.8496223958333298	5.754826529582174
3.9496223958333294	5.973102700850078
4.049622395833329	6.19507427619025
4.149622395833329	6.420600354284712
4.249622395833328	6.649541715885179
4.349622395833328	6.881760915767699
4.449622395833328	7.117122363152367
4.549622395833327	7.355492398299449
4.649622395833327	7.596739197779464
4.749622395833327	7.38239596299528
4.849622395833326	7.642677358352194
4.949622395833326	8.35594648310156
5.0496223958333255	8.60145889642822
5.149622395833325	8.635369263602978
5.249622395833325	8.81951262960488
5.349622395833324	9.004587027879747
5.449622395833324	9.191728498344009
5.549622395833324	9.378707788979423
5.649622395833323	9.56695084451661
5.749622395833323	9.753211147841501
5.849622395833323	9.940156471160863
5.949622395833322	10.123109261397975
6.049622395833322	10.26887395736591
6.149622395833322	10.421364740978435
6.249622395833321	10.582022183371828
6.349622395833321	10.754433491772097
6.449622395833321	10.864939457392204
6.549622395833321	10.975970562629016
6.649622395833321	11.08276516779208
6.74962239583332	11.189475912554661
6.84962239583332	11.290889675560669
6.94962239583332	11.393550064898157
7.049622395833319	11.491209009073835
7.149622395833319	11.591071267667504
7.249622395833319	11.679451792663615
7.349622395833318	11.76801472661094
7.449622395833318	11.849691391569785
7.5496223958333175	11.934291213048144
7.649622395833317	12.012655812277833
7.749622395833317	12.092686255166603
7.8496223958333164	12.170284903315087
7.949622395833316	12.245752642998376
8.049622395833316	12.320181373469751
8.05	11.405353748965632
1000008.05	11.405353748965632
