-100001.6	0
0	0
0.0033333333333334103	0.005609130781152265
0.008333333333333304	0.01403181202354095
0.015833333333333366	0.026686089779195572
0.027083333333333348	0.0457132245200201
0.04395833333333332	0.07435725195134385
0.06927083333333339	0.11755761484993774
0.1072395833333335	0.18289203393002884
0.16419270833333344	0.28211771170585803
0.24962239583333345	0.4337915024434822
0.34962239583333354	0.6158327377274202
0.4496223958333334	0.802963713689487
0.5496223958333335	0.9954434626538616
0.6496223958333336	1.1935331770867639
0.7496223958333337	1.3974855555657943
0.8496223958333338	1.6075310010699961
0.9496223958333339	1.7554657371116307
1.049622395833334	1.8403797221172211
1.149622395833334	1.931740874663048
1.2496223958333341	2.029240238783841
1.3496223958333342	2.1323932959061254
1.4496223958333343	2.2408598273701505
1.5496223958333344	2.354659791975023
1.6496223958333345	2.4739082986475123
1.7496223958333346	2.598690555985826
1.8496223958333347	2.729061807648357
1.9496223958333347	2.8650483156557796
2.049622395833335	3.006649112790698
2.149622395833335	3.15383823860709
2.249622395833335	3.3065673280880485
2.349622395833335	3.4647683506989444
2.4496223958333347	3.628356330535155
2.5496223958333344	3.797231875437984
2.649622395833334	3.971284714155702
2.7496223958333337	4.150393670803119
2.8496223958333333	4.334430988277174
2.949622395833333	4.52326291538889
3.0496223958333326	4.71675140225678
3.1496223958333323	4.914755438722822
3.249622395833332	5.117132114038607
3.3496223958333315	5.323737483532766
3.449622395833331	5.53442730653806
3.549622395833331	5.74905769989342
3.6496223958333305	5.967485486250235
3.74962239583333	6.18956865197555
3.8496223958333298	6.415166736236435
3.9496223958333294	6.644140837529581
4.049622395833329	6.876353981200434
4.149622395833329	7.111671202877627
4.249622395833328	7.349959571439555
4.349622395833328	7.5910883693318
4.449622395833328	7.834929086999196
4.549622395833327	8.081355474226756
4.649622395833327	8.330243515767561
4.749622395833327	8.598314251326833
4.849622395833326	8.897752975400858
4.949622395833326	9.199295448952489
5.0496223958333255	9.502826960474506
5.149622395833325	9.808235435151268
5.249622395833325	10.115411060756607
5.349622395833324	10.424246695980212
5.449622395833324	10.734637672844748
5.549622395833324	11.046482044109933
5.649622395833323	11.359680617458878
5.749622395833323	11.67413696060111
5.849622395833323	11.989757783445395
5.949622395833322	12.30645283887588
6.049622395833322	12.624135194712572
6.149622395833322	12.942721368266664
6.249622395833321	13.262131537338147
6.349622395833321	13.582289729545064
6.449622395833321	13.903124043310356
6.549622395833321	14.224566878445385
6.649622395833321	14.546555182925557
6.74962239583332	14.869030638204176
6.84962239583332	15.191939994015451
6.94962239583332	15.51523595089182
7.049622395833319	15.83887367421163
7.149622395833319	16.162818555389208
7.249622395833319	16.487038880193268
7.349622395833318	16.81150967944745
7.449622395833318	17.13621215551256
7.5496223958333175	17.461133944289855
7.649622395833317	17.786268695903964
7.749622395833317	18.111616902119582
7.8496223958333164	18.437184751133085
7.949622395833316	18.76298538068343
8.049622395833316	19.08903694667163
8.05	19.090268633340017
1000008.05	19.090268633340017
