-100001.6	0
0	0
0.0033333333333334103	0.006710377845840132
0.008333333333333304	0.016812267262169223
0.015833333333333366	0.0320460436906875
0.027083333333333348	0.05508302063203752
0.04395833333333332	0.09001895007645629
0.06927083333333339	0.14328377059714129
0.1072395833333335	0.22424414598866105
0.16419270833333344	0.34795825897501953
0.24962239583333345	0.5399399433938695
0.34962239583333354	0.772448911206975
0.4496223958333334	1.013144636086296
0.5496223958333335	1.262576595550096
0.6496223958333336	1.5207344200624133
0.7496223958333337	1.7795871897634836
0.8496223958333338	2.037611832605002
0.9496223958333339	2.226616160338687
1.049622395833334	2.3516994409617484
1.149622395833334	2.485202467162972
1.2496223958333341	2.6266387104507873
1.3496223958333342	2.774977616587849
1.4496223958333343	2.92872540075864
1.5496223958333344	3.0846705860498496
1.6496223958333345	3.2492833449725382
1.7496223958333346	3.420679256557777
1.8496223958333347	3.5994542620811933
1.9496223958333347	3.7836959922510687
2.049622395833335	3.9733446237832624
2.149622395833335	4.161690024283994
2.249622395833335	4.362053344359375
2.349622395833335	4.585232185144879
2.4496223958333347	4.791490255459455
2.5496223958333344	5.002290542263212
2.649622395833334	5.221205346744459
2.7496223958333337	5.443744306354183
2.8496223958333333	5.668902252668251
2.949622395833333	5.898013824229433
3.0496223958333326	6.128139982031715
3.1496223958333323	6.366184799049365
3.249622395833332	6.608171567881644
3.3496223958333315	6.852642547611607
3.449622395833331	7.104511321169968
3.549622395833331	7.361354026990701
3.6496223958333305	7.622765892713989
3.74962239583333	7.888601784022146
3.8496223958333298	8.157439707720215
3.9496223958333294	8.42562149345158
4.049622395833329	8.696769352654156
4.149622395833329	8.970794220242958
4.249622395833328	9.247846033154294
4.349622395833328	9.530132643220012
4.449622395833328	9.814640567433312
4.549622395833327	10.100369988837295
4.649622395833327	10.390889298908107
4.749622395833327	10.699940574052963
4.849622395833326	11.042429677771555
4.949622395833326	11.386641308516417
5.0496223958333255	11.732508783261434
5.149622395833325	12.08332577582747
5.249622395833325	12.433923047692042
5.349622395833324	12.789799981105531
5.449622395833324	13.147310096909663
5.549622395833324	13.50716114690031
5.649622395833323	13.865253192675247
5.749622395833323	14.227909112410154
5.849622395833323	14.594484308655494
5.949622395833322	14.957824717856374
6.049622395833322	15.325838083170508
6.149622395833322	15.695623041687657
6.249622395833321	16.06676821625001
6.349622395833321	16.43570126478298
6.449622395833321	16.8057881357384
6.549622395833321	17.176052286502742
6.649622395833321	17.550359457857873
6.74962239583332	17.915111420174668
6.84962239583332	18.28408218441218
6.94962239583332	18.649458458956275
7.049622395833319	19.005293590308945
7.149622395833319	19.36756612542459
7.249622395833319	19.730272859205556
7.349622395833318	20.09341089105211
7.449622395833318	20.453944396519343
7.5496223958333175	20.812520633095343
7.649622395833317	21.17379450645802
7.749622395833317	21.524668960189995
7.8496223958333164	21.86911280335596
7.949622395833316	22.20896583614403
8.049622395833316	22.541962111487344
8.05	22.526006550087146
1000008.05	22.526006550087146
