-100001.6	0
0	0
0.0033333333333334103	0
0.008333333333333304	0
0.015833333333333366	0
0.027083333333333348	0
0.04395833333333332	0.0000000000000001523507693824017
0.06927083333333339	0.0000000000000000788727326002201
0.1072395833333335	0
0.16419270833333344	0.0000000000000003533974118942405
0.24962239583333345	0.0000000000000007638175815655036
0.34962239583333354	0.00000000000000033360126766061963
0.4496223958333334	0.0000000000000003994390542301908
0.5496223958333335	0.0000000000000018084768809221937
0.6496223958333336	0.0000000000000034414923596318546
0.7496223958333337	0.000000000000006734086976807109
0.8496223958333338	0.000000000000006374567937796087
0.9496223958333339	0.0000000000000047959526974783435
1.049622395833334	0.0000000000000010657672661062982
1.149622395833334	0.0000000000000005328836330531491
1.2496223958333341	0.000000000000004795952697478346
1.3496223958333342	0.0000000000000010657672661062992
1.4496223958333343	0.000000000000000532883633053149
1.5496223958333344	0.0000000000000005328836330531485
1.6496223958333345	0.000000000000003730185431372045
1.7496223958333346	0.000000000000008526138128850384
1.8496223958333347	0.000000000000011190556294116166
1.9496223958333347	0.000000000000007993254495797241
2.049622395833335	0.000000000000004263069064425195
2.149622395833335	0.0000000000000058617199635846945
2.249622395833335	0.000000000000005861719963584672
2.349622395833335	0
2.4496223958333347	0.0000000000000031973017983189037
2.5496223958333344	0.000000000000005861719963584644
2.649622395833334	0.0000000000000010657672661062962
2.7496223958333337	0.0000000000000015986508991594516
2.8496223958333333	0.000000000000012256323560222434
2.949622395833333	0.0000000000000010657672661063014
3.0496223958333326	0.0000000000000021315345322125818
3.1496223958333323	0.000000000000009059021761903557
3.249622395833332	0.00000000000000852613812885041
3.3496223958333315	0.0000000000000031973017983189033
3.449622395833331	0.00000000000000852613812885041
3.549622395833331	0.000000000000011723439927169353
3.6496223958333305	0.000000000000006394603596637797
3.74962239583333	0.000000000000005861719963584691
3.8496223958333298	0.000000000000004263069064425217
3.9496223958333294	0.000000000000007993254495797259
4.049622395833329	0.000000000000012789207193275681
4.149622395833329	0.000000000000009591905394956794
4.249622395833328	0.000000000000009059021761903688
4.349622395833328	0.0000000000000021315345322125964
4.449622395833328	0.00000000000001438785809243507
4.549622395833327	0.0000000000000005328836330531496
4.649622395833327	0.000000000000010657672661063042
4.749622395833327	0.000000000000010124789028009912
4.849622395833326	0.000000000000003197301798318927
4.949622395833326	0.000000000000003730185431372046
5.0496223958333255	0.000000000000012256323560222292
5.149622395833325	0.000000000000009591905394956859
5.249622395833325	0.000000000000011190556294116174
5.349622395833324	0.000000000000000532883633053157
5.449622395833324	0.000000000000022913996221285168
5.549622395833324	0.000000000000011190556294116324
5.649622395833323	0.000000000000009591905394956799
5.749622395833323	0.000000000000008526138128850523
5.849622395833323	0.00000000000000373018543137204
5.949622395833322	0.0000000000000026644181652657995
6.049622395833322	0.000000000000003730185431372084
6.149622395833322	0.000000000000006927487229691176
6.249622395833321	0.000000000000003197301798318996
6.349622395833321	0.000000000000011190556294116286
6.449622395833321	0.00000000000002611129801960446
6.549622395833321	0.00000000000000426306906442531
6.649622395833321	0.0000000000000026644181652658607
6.74962239583332	0.000000000000009591905394956892
6.84962239583332	0.0000000000000031973017983189727
6.94962239583332	0.000000000000011723439927169577
7.049622395833319	0.000000000000028242832551816167
7.149622395833319	0.0000000000000005328836330531616
7.249622395833319	0.000000000000025578414386552264
7.349622395833318	0.000000000000012256323560222167
7.449622395833318	0.00000000000001492074172548848
7.5496223958333175	0.000000000000004263069064425428
7.649622395833317	0.00000000000001172343992716958
7.749622395833317	0.000000000000008526138128850979
7.8496223958333164	0.0000000000000063946035966382
7.949622395833316	0.000000000000026644181652657278
8.049622395833316	0.000000000000014920741725488336
8.05	0.0000000000000005328836330531568
1000008.05	0.0000000000000005328836330531568
