-100000	0
0	0
0.0033333333333333335	0.000000000000000496432524717693
0.008333333333333333	0.00000000000000124108131179427
0.01583333333333333	0.000000000000002358054492409152
0.02708333333333333	0.000000000000004033514263331467
0.043958333333333335	0.00000000000000654670391971494
0.06927083333333334	0.000000000000010316488404290157
0.10723958333333333	0.000000000000015971165131152962
0.16419270833333333	0.0000000000000244531802214472
0.24962239583333334	0.000000000000037176202856888535
0.3496223958333333	0.000000000000052069178598420235
0.4496223958333333	0.00000000000006696215433995191
0.5496223958333333	0.00000000000008185513008148364
0.6496223958333333	0.00000000000009674810582301532
0.7496223958333332	0.00000000000011164108156454701
0.8496223958333332	0.0000000000001265340573060787
0.9496223958333332	0.00000000000014142703304761043
1.0496223958333333	0.00000000000015632000878914213
1.1000000000058208	0.00000000000004095568328924829
1000001.1	0.00000000000004095568328924829
