-100000	0
0	0
0.0033333333333333335	0.019388000000000242
0.008333333333333333	0.048470000000000256
0.01583333333333333	0.0920930000000011
0.02708333333333333	0.15752750000000176
0.043958333333333335	0.2556792500000029
0.06927083333333334	0.40290691559320485
0.10723958333333333	0.6237483125000076
0.16419270833333333	0.9550104687500114
0.24962239583333334	1.4519037031250193
0.3496223958333333	2.0335437031250256
0.4496223958333333	2.615183703125028
0.5496223958333333	3.1968237031250433
0.6496223958333333	3.778463703125047
0.7496223958333332	4.360103703125054
0.8496223958333332	4.9417437031250575
0.9496223958333332	5.523383703125057
1.0496223958333333	6.10502370312507
1.1000000000058208	6.398040000001126
1000001.1	6.398040000001126
