-100000	0
0	0
0.0033333333333333335	0.01938800000000038
0.008333333333333333	0.04847000000000043
0.01583333333333333	0.09209300000000088
0.02708333333333333	0.1575275000000016
0.043958333333333335	0.25567925000000297
0.06927083333333334	0.402906971854331
0.10723958333333333	0.623748312500007
0.16419270833333333	0.9550104687500128
0.24962239583333334	1.4519037031250182
0.3496223958333333	2.0335437031250243
0.4496223958333333	2.615183703125039
0.5496223958333333	3.196823703125041
0.6496223958333333	3.7784637031250417
0.7496223958333332	4.360103703125047
0.8496223958333332	4.941743703125063
0.9496223958333332	5.523383703125071
1.0496223958333333	6.10502370312508
1.1000000000058208	6.39804000000248
1000001.1	6.39804000000248
