-100000	0
0	0
0.0033333333333333335	0.019388000000000398
0.008333333333333333	0.048470000000000554
0.01583333333333333	0.09209300000000127
0.02708333333333333	0.15752750000000162
0.043958333333333335	0.2556792500000032
0.06927083333333334	0.4029068750000051
0.10723958333333333	0.6237483125000083
0.16419270833333333	0.9550104687500132
0.24962239583333334	1.4519037031250206
0.3496223958333333	2.0335437031250274
0.4496223958333333	2.615183703125042
0.5496223958333333	3.1968237031250384
0.6496223958333333	3.7784637031250528
0.7496223958333332	4.360103703125059
0.8496223958333332	4.941743703125068
0.9496223958333332	5.523383703125069
1.0496223958333333	6.105023703125063
1.1000000000058208	6.3980399999988675
1000001.1	6.3980399999988675
