-100000	0
0	0
0.0033333333333333335	0.019388000000000395
0.008333333333333333	0.048470000000000436
0.01583333333333333	0.0920930000000013
0.02708333333333333	0.15752750000000182
0.043958333333333335	0.2556792500000029
0.06927083333333334	0.402906875000005
0.10723958333333333	0.6237487627715002
0.16419270833333333	0.9550104687500122
0.24962239583333334	1.4519037031250188
0.3496223958333333	2.0335437031250274
0.4496223958333333	2.615183703125032
0.5496223958333333	3.1968237031250473
0.6496223958333333	3.77846370312505
0.7496223958333332	4.360103703125042
0.8496223958333332	4.941743703125065
0.9496223958333332	5.5233837031250514
1.0496223958333333	6.105023703125066
1.1000000000058208	6.398039999998221
1000001.1	6.398039999998221
