-100000	0
0	0
0.0033333333333333335	0.01938800000000042
0.008333333333333333	0.04847000000000054
0.01583333333333333	0.09209300000000109
0.02708333333333333	0.15752750000000207
0.043958333333333335	0.2556792500000035
0.06927083333333334	0.40290687500000494
0.10723958333333333	0.6237483125000076
0.16419270833333333	0.9550104687500128
0.24962239583333334	1.4519037031250188
0.3496223958333333	2.0335437031250168
0.4496223958333333	2.6151837031250276
0.5496223958333333	3.196823703125037
0.6496223958333333	3.778463703125043
0.7496223958333332	4.360103703125054
0.8496223958333332	4.94174370312506
0.9496223958333332	5.523383703125059
1.0496223958333333	6.1050237031250925
1.1000000000058208	6.3980399999979065
1000001.1	6.3980399999979065
