-100000	0
0	0
0.0033333333333333335	0.019388000000000412
0.008333333333333333	0.04847000000000061
0.01583333333333333	0.0920930000000012
0.02708333333333333	0.15752750000000235
0.043958333333333335	0.2556792500000033
0.06927083333333334	0.4029068750000048
0.10723958333333333	0.6237483125000072
0.16419270833333333	0.9550104687500132
0.24962239583333334	1.451903703125019
0.3496223958333333	2.033543703125029
0.4496223958333333	2.6151837031250373
0.5496223958333333	3.196823703125046
0.6496223958333333	3.778463703125047
0.7496223958333332	4.360103703125052
0.8496223958333332	4.941743703125059
0.9496223958333332	5.523383703125064
1.0496223958333333	6.105023703125072
1.1000000000058208	6.39803999999759
1000001.1	6.39803999999759
