-100000	0
0	0
0.0033333333333333335	0.019388000000000447
0.008333333333333333	0.048470000000000436
0.01583333333333333	0.09209300000000101
0.02708333333333333	0.15752750000000132
0.043958333333333335	0.25567925000000313
0.06927083333333334	0.40290687500000605
0.10723958333333333	0.623748312500008
0.16419270833333333	0.9550104687500122
0.24962239583333334	1.4519037031250215
0.3496223958333333	2.033543703125023
0.4496223958333333	2.615183703125031
0.5496223958333333	3.196823703125037
0.6496223958333333	3.778463703125039
0.7496223958333332	4.360103703125056
0.8496223958333332	4.941743703125063
0.9496223958333332	5.523383703125073
1.0496223958333333	6.105023703125066
1.1000000000058208	6.398039999998863
1000001.1	6.398039999998863
