-100000	0
0	0
0.0033333333333333335	0.019388000000000388
0.008333333333333333	0.04847000000000044
0.01583333333333333	0.09209300000000148
0.02708333333333333	0.15752750000000232
0.043958333333333335	0.2556792500000036
0.06927083333333334	0.40290687500000516
0.10723958333333333	0.6237483125000081
0.16419270833333333	0.9550104687500114
0.24962239583333334	1.4519037031250221
0.3496223958333333	2.0335437031250283
0.4496223958333333	2.6151837031250293
0.5496223958333333	3.196823703125041
0.6496223958333333	3.778463703125052
0.7496223958333332	4.360103703125053
0.8496223958333332	4.941743703125061
0.9496223958333332	5.523383703125074
1.0496223958333333	6.105023703125074
1.1000000000058208	6.3980399999999475
1000001.1	6.3980399999999475
