-100000	0
0	0
0.0033333333333333335	0.019388000000000405
0.008333333333333333	0.04847000000000047
0.01583333333333333	0.09209300000000128
0.02708333333333333	0.15752750000000176
0.043958333333333335	0.25567925000000286
0.06927083333333334	0.4029068750000044
0.10723958333333333	0.6237483125000071
0.16419270833333333	0.9550104687500118
0.24962239583333334	1.4519037031250193
0.3496223958333333	2.033543703125026
0.4496223958333333	2.6151837031250325
0.5496223958333333	3.196823703125047
0.6496223958333333	3.7784637031250425
0.7496223958333332	4.360103703125047
0.8496223958333332	4.941743703125063
0.9496223958333332	5.523383703125056
1.0496223958333333	6.105023703125084
1.1000000000058208	6.398040000000017
1000001.1	6.398040000000017
