-100000	0
0	0
0.0033333333333333335	0.019388000000000436
0.008333333333333333	0.04847000000000055
0.01583333333333333	0.09209300000000126
0.02708333333333333	0.15752750000000224
0.043958333333333335	0.25567925000000385
0.06927083333333334	0.40290687500000544
0.10723958333333333	0.6237483125000082
0.16419270833333333	0.9550104687500119
0.24962239583333334	1.4519037031250193
0.3496223958333333	2.0335437031250283
0.4496223958333333	2.615183703125031
0.5496223958333333	3.1968237031250344
0.6496223958333333	3.77846370312505
0.7496223958333332	4.360103703125054
0.8496223958333332	4.941743703125046
0.9496223958333332	5.523383703125053
1.0496223958333333	6.105023703125068
1.1000000000058208	6.398039999999698
1000001.1	6.398039999999698
