-100000	0
0	0
0.0033333333333333335	0.019388000000000436
0.008333333333333333	0.04847000000000058
0.01583333333333333	0.09209300000000091
0.02708333333333333	0.15752750000000204
0.043958333333333335	0.2556792500000028
0.06927083333333334	0.402906875000005
0.10723958333333333	0.6237483125000095
0.16419270833333333	0.955010468750014
0.24962239583333334	1.451903703125015
0.3496223958333333	2.033543703125033
0.4496223958333333	2.61518370312503
0.5496223958333333	3.1968237031250424
0.6496223958333333	3.7784637031250425
0.7496223958333332	4.360103703125056
0.8496223958333332	4.941743703125071
0.9496223958333332	5.5233837031250665
1.0496223958333333	6.1050237031250765
1.1000000000058208	6.398039999999372
1000001.1	6.398039999999372
