-100000	0
0	0
0.0033333333333333335	0.0193878924067254
0.008333333333333333	0.04846973170448581
0.01583333333333333	0.09209249219776997
0.02708333333333333	0.15752663641554795
0.043958333333333335	0.2556778605603137
0.06927083333333334	0.40290473030023893
0.10723958333333333	0.6237450355242263
0.16419270833333333	0.9550056055035077
0.24962239583333334	1.4518965820521825
0.3496223958333333	2.0335342844645745
0.4496223958333333	2.6151723850351125
0.5496223958333333	3.196810589387847
0.6496223958333333	3.7784492333728354
0.7496223958333332	4.360088165171856
0.8496223958333332	4.941727454622799
0.9496223958333332	5.523366990508027
1.0496223958333333	6.105006852033637
1.1000000000058208	6.3980233049709305
1000001.1	6.3980233049709305
