-100000	0
0	0
0.0033333333333333335	0.01938800000000044
0.008333333333333333	0.04847000000000046
0.01583333333333333	0.0920930000000011
0.02708333333333333	0.15752750000000196
0.043958333333333335	0.25567925000000263
0.06927083333333334	0.402906875000005
0.10723958333333333	0.6237483125000075
0.16419270833333333	0.9550104687500109
0.24962239583333334	1.4519037031250202
0.3496223958333333	2.0335437031250216
0.4496223958333333	2.6151837031250267
0.5496223958333333	3.1968237031250486
0.6496223958333333	3.778463703125043
0.7496223958333332	4.3601037031250565
0.8496223958333332	4.941743703125064
0.9496223958333332	5.523383703125071
1.0496223958333333	6.10502370312508
1.1000000000058208	6.398039999998853
1000001.1	6.398039999998853
