-100000	0
0	0
0.0033333333333333335	0.019388000000000544
0.008333333333333333	0.04847000000000071
0.01583333333333333	0.09209300000000159
0.02708333333333333	0.1575275000000022
0.043958333333333335	0.2556792500000034
0.06927083333333334	0.4029068750000057
0.10723958333333333	0.6237483125000066
0.16419270833333333	0.9550104687500132
0.24962239583333334	1.4519037031250215
0.3496223958333333	2.033543703125025
0.4496223958333333	2.615183703125037
0.5496223958333333	3.1968237031250446
0.6496223958333333	3.7784637031250528
0.7496223958333332	4.360103703125054
0.8496223958333332	4.941743703125061
0.9496223958333332	5.523383703125072
1.0496223958333333	6.1050237031250685
1.1000000000058208	6.3980399999987
1000001.1	6.3980399999987
