-100000	0
0	0
0.0033333333333333335	0.019388000000000433
0.008333333333333333	0.04847000000000053
0.01583333333333333	0.09209300000000124
0.02708333333333333	0.15752750000000132
0.043958333333333335	0.2556792500000027
0.06927083333333334	0.40290687500000427
0.10723958333333333	0.6237483125000091
0.16419270833333333	0.9550104687500116
0.24962239583333334	1.4519037031250173
0.3496223958333333	2.033543703125024
0.4496223958333333	2.6151837031250373
0.5496223958333333	3.196823703125045
0.6496223958333333	3.7784637031250368
0.7496223958333332	4.360103703125046
0.8496223958333332	4.94174370312505
0.9496223958333332	5.523383703125063
1.0496223958333333	6.10502370312508
1.1000000000058208	6.398039999999821
1000001.1	6.398039999999821
