-100000	0
0	0
0.0033333333333333335	0.01938800000000023
0.008333333333333333	0.04847000000000033
0.01583333333333333	0.09209300000000088
0.02708333333333333	0.15752750000000157
0.043958333333333335	0.25567925000000297
0.06927083333333334	0.40290687500000494
0.10723958333333333	0.6237483125000066
0.16419270833333333	0.9550104687500119
0.24962239583333334	1.4519037031250142
0.3496223958333333	2.033543703125027
0.4496223958333333	2.615183703125034
0.5496223958333333	3.1968237031250397
0.6496223958333333	3.7784637031250448
0.7496223958333332	4.360103703125059
0.8496223958333332	4.94174370312506
0.9496223958333332	5.523383703125061
1.0496223958333333	6.105025540680433
1.1000000000058208	6.398039999999621
1000001.1	6.398039999999621
