-100000	0
0.0000000000000002220446049250313	0
0.0033333333333335556	0.019387997385701978
0.008333333333333555	0.048469997385702034
0.015833333333333553	0.09209299738570269
0.027083333333333553	0.15752749738570354
0.04395833333333356	0.2556792473857045
0.06927083333333356	0.4029068723857067
0.10723958333333355	0.6237483098857086
0.16419270833333355	0.9550104661357128
0.24962239583333357	1.451903700510719
0.34962239583333354	2.033543700510726
0.4496223958333335	2.615183700510733
0.5496223958333335	3.19682370051074
0.6496223958333335	3.7784637005107498
0.7496223958333335	4.360103700510753
0.8496223958333334	4.941743700510765
0.9496223958333334	5.5233837005107675
1.0496223958333335	6.105023700510776
1.1000000000058208	6.398039997386499
1000001.1	6.398039997386499
