-100000	0
0.0000000000000002220446049250313	0
0.0033333333333335556	0.019387995952975502
0.008333333333333555	0.04846999595297558
0.015833333333333553	0.09209299595297633
0.027083333333333553	0.157527495952977
0.04395833333333356	0.2556792459529781
0.06927083333333356	0.4029068709529802
0.10723958333333355	0.6237483084529826
0.16419270833333355	0.955010464702987
0.24962239583333357	1.4519036990779925
0.34962239583333354	2.033543699078
0.4496223958333335	2.615183699078007
0.5496223958333335	3.196823699078013
0.6496223958333335	3.7784636990780225
0.7496223958333335	4.360103699078026
0.8496223958333334	4.941743699078038
0.9496223958333334	5.5233836990780425
1.0496223958333335	6.105023699078048
1.1000000000058208	6.398039995953699
1000001.1	6.398039995953699
