-100000	0
0.0000000000000002220446049250313	0
0.0033333333333335556	0.019387994271553372
0.008333333333333555	0.048469994271553456
0.015833333333333553	0.09209299427155417
0.027083333333333553	0.157527494271555
0.04395833333333356	0.2556792442715561
0.06927083333333356	0.40290686927155794
0.10723958333333355	0.6237483067715608
0.16419270833333355	0.9550104630215646
0.24962239583333357	1.4519036973965693
0.34962239583333354	2.033543697396578
0.4496223958333335	2.6151836973965863
0.5496223958333335	3.1968236973965913
0.6496223958333335	3.778463697396599
0.7496223958333335	4.360103697396607
0.8496223958333334	4.941743697396613
0.9496223958333334	5.523383697396623
1.0496223958333335	6.1050236973966205
1.1000000000058208	6.398039994272194
1000001.1	6.398039994272194
