-100000	0
0.0000000000000002220446049250313	0
0.0033333333333335556	0.019387989177815094
0.008333333333333555	0.04846998917781513
0.015833333333333553	0.09209298917781587
0.027083333333333553	0.15752748917781662
0.04395833333333356	0.2556792391778179
0.06927083333333356	0.40290686417781973
0.10723958333333355	0.6237483016778222
0.16419270833333355	0.9550104579278259
0.24962239583333357	1.451903692302832
0.34962239583333354	2.0335436923028385
0.4496223958333335	2.6151836923028484
0.5496223958333335	3.196823692302854
0.6496223958333335	3.778463692302863
0.7496223958333335	4.360103692302867
0.8496223958333334	4.9417436923028735
0.9496223958333334	5.52338369230288
1.0496223958333335	6.105023692302889
1.1000000000058208	6.398039989178214
1000001.1	6.398039989178214
