-100000	0
0.0000000000000004440892098500626	0
0.0033333333333337776	0.019387987863198848
0.008333333333333777	0.048469987863198935
0.015833333333333775	0.09209298786319962
0.027083333333333775	0.15752748786320026
0.04395833333333378	0.25567923786320146
0.06927083333333378	0.40290686286320365
0.10723958333333378	0.623748300363206
0.16419270833333377	0.9550104566132099
0.2496223958333338	1.451903690988216
0.34962239583333377	2.033543690988224
0.44962239583333374	2.6151836909882316
0.5496223958333337	3.1968236909882406
0.6496223958333337	3.778463690988245
0.7496223958333337	4.360103690988249
0.8496223958333337	4.9417436909882575
0.9496223958333336	5.523383690988271
1.0496223958333337	6.105023690988271
1.1000000000058208	6.398039987859081
1000001.1	6.398039987859081
