-100000	0
0.0000000000000004440892098500626	0
0.0033333333333337776	0.019387987003023004
0.008333333333333777	0.04846998700302314
0.015833333333333775	0.0920929870030238
0.027083333333333775	0.15752748700302444
0.04395833333333378	0.25567923700302564
0.06927083333333378	0.40290686200302767
0.10723958333333378	0.6237482995030293
0.16419270833333377	0.9550104557530346
0.2496223958333338	1.451903690128041
0.34962239583333377	2.033543690128047
0.44962239583333374	2.615183690128055
0.5496223958333337	3.1968236901280607
0.6496223958333337	3.7784636901280666
0.7496223958333337	4.360103690128074
0.8496223958333337	4.941743690128089
0.9496223958333336	5.5233836901280915
1.0496223958333337	6.1050236901281005
1.1000000000058208	6.398039986999443
1000001.1	6.398039986999443
