-100001.1	0
0	0
0.0033333333333334103	0.000000000000000016761856396825607
0.008333333333333304	0.00000000000000004184896441807694
0.015833333333333366	0
0.027083333333333348	0
0.04395833333333332	0.00000000000000021866071806983745
0.06927083333333339	0.0000000000000003422290013096096
0.1072395833333335	0.0000000000000005243708343553093
0.16419270833333344	0
0.24962239583333345	0
0.34962239583333354	0
0.44962239583333363	0
0.5496223958333337	0.0000000000000023625984969479647
0.6496223958333338	0.000000000000002705651982145903
0.7496223958333339	0.0000000000000030219807118289793
0.849622395833334	0
0.9496223958333339	0.000000000000003574463904650556
1.049622395833334	0.000000000000003810618367789054
1.149622395833334	0.000000000000004020048075412695
1.2496223958333341	0.0000000000000042027530275214726
1.3496223958333342	0.000000000000004358733224115394
1.4496223958333343	0
1.5496223958333344	0.000000000000004590519350758655
1.6496223958333345	0
1.7496223958333346	0.000000000000004715406455342481
1.8496223958333347	0.000000000000004737762874362103
1.9496223958333347	0.0000000000000047333945378668674
2.049622395833335	0.000000000000004702301445856771
2.149622395833335	0.000000000000004644483598331818
2.249622395833335	0.000000000000004559940995291997
2.349622395833335	0.0000000000000044486736367373264
2.449622395833335	0.000000000000000000000000000001035379938102578
2.5496223958333353	0.0000000000000000000000000000036854595415794145
2.6496223958333354	0.0000000000000000000000000000015777218104420236
2.7496223958333355	0.00000000000000000000000000001479114197289397
2.8496223958333355	0.0000000000000000000000000000003944304526105059
2.9496223958333356	0.0000000000000000000000000000011832913578315177
3.0496223958333353	0.000000000000000000000000000004338734978715565
3.149622395833335	0.00000000000000000000000000000867746995743113
3.2496223958333346	0.0000000000000000000000000000031554436208840472
3.349622395833334	0.0000000000000000000000000000055220263365470826
3.449622395833334	0.0000000000000000000000000000023665827156630354
3.5496223958333335	0.000000000000000000000000000009466330862652142
3.649622395833333	0.000000000000000000000000000003944304526105059
3.749622395833333	0.0000000000000000000000000000011832913578315177
3.8496223958333324	0.0000000000000000000000000000031554436208840472
3.949622395833332	0.0000000000000000000000000000015777218104420236
4.049622395833332	0.0000000000000000000000000000059164567891575885
4.149622395833331	0.000000000000000000000000000003549874073494553
4.249622395833331	0
4.349622395833331	0
4.44962239583333	0.0000000000000000000000000000003944304526105059
4.54962239583333	0.0000000000000000000000000000019721522630525295
4.64962239583333	0.000000000000000000000000000008283039504820624
4.749622395833329	0.0000000000000000000000000000019721522630525295
4.849622395833329	0.0000000000000000000000000000027610131682735413
4.9496223958333285	0.000000000000000000000000000004338734978715565
5.049622395833328	0
5.149622395833328	0.0000000000000000000000000000009860761315262648
5.2496223958333275	0.000000000000000000000000000006310887241768095
5.349622395833327	0.000000000000000000000000000002070759876205156
5.449622395833327	0.000000000000000000000000000005275507303665517
5.549622395833326	0
5.649622395833326	0.0000000000000000000000000000015777218104420236
5.749622395833326	0.0000000000000000000000000000031554436208840472
5.849622395833325	0.000000000000000000000000000011044052673094165
5.949622395833325	0.0000000000000000000000000000015777218104420236
6.049622395833325	0.000000000000000000000000000006310887241768095
6.149622395833324	0.0000000000000000000000000000015777218104420236
6.249622395833324	0.000000000000000000000000000006310887241768095
6.3496223958333236	0.000000000000000000000000000004733165431326071
6.449622395833323	0.000000000000000000000000000004733165431326071
6.549622395833323	0.0000000000000000000000000000015777218104420236
6.6496223958333225	0
6.749622395833322	0.000000000000000000000000000007888609052210118
6.849622395833322	0.000000000000000000000000000004733165431326071
6.949622395833321	0
7.049622395833321	0.000000000000000000000000000004733165431326071
7.149622395833321	0.000000000000000000000000000006310887241768095
7.24962239583332	0.0000000000000000000000000000015777218104420236
7.34962239583332	0
7.44962239583332	0.0000000000000000000000000000031554436208840472
7.549622395833319	0.0000000000000000000000000000031554436208840472
7.649622395833319	0.0000000000000000000000000000015777218104420236
7.749622395833319	0.000000000000000000000000000004733165431326071
7.849622395833318	0.000000000000000000000000000014199496293978212
7.949622395833318	0.0000000000000000000000000000015777218104420236
8.049622395833318	0.000000000000000000000000000004733165431326071
8.149622395833317	0
8.249622395833317	0.000000000000000000000000000006310887241768095
8.349622395833316	0.0000000000000000000000000000031554436208840472
8.449622395833316	0.000000000000000000000000000007888609052210118
8.549622395833316	0.000000000000000000000000000007888609052210118
8.649622395833315	0
8.749622395833315	0.000000000000000000000000000007888609052210118
8.849622395833315	0.000000000000000000000000000009466330862652142
8.949622395833314	0.000000000000000000000000000004733165431326071
9.049622395833314	0.0000000000000000000000000000031554436208840472
9.149622395833314	0.000000000000000000000000000004733165431326071
9.249622395833313	0.000000000000000000000000000015777218104420236
9.349622395833313	0.0000000000000000000000000000015777218104420236
9.449622395833313	0.000000000000000000000000000009466330862652142
9.549622395833312	0.000000000000000000000000000003944304526105059
9.649622395833312	0.000000000000000000000000000007099748146989106
9.749622395833311	0.0000000000000000000000000000007888609052210118
9.849622395833311	0.0000000000000000000000000000055220263365470826
9.94962239583331	0.0000000000000000000000000000023665827156630354
10.04962239583331	0.0000000000000000000000000000023665827156630354
10.14962239583331	0.000000000000000000000000000014988357199199224
10.24962239583331	0
10.34962239583331	0
10.449622395833309	0.000000000000000000000000000014593926746588718
10.549622395833309	0.000000000000000000000000000018932661725304283
10.649622395833308	0.0000000000000000000000000000021693674893577825
10.749622395833308	0.0000000000000000000000000000021200636827814692
10.805	0
1000010.805	0
