-100001.1	0
-0.000000000008730793865652231	0
0.0033333333246026164	0.02157777078143631
0.00833333332460251	0.05395250811881621
0.015833333324602572	0.1025329427606965
0.027083333324602554	0.17544532757296966
0.04395833332460253	0.26164136841498725
0.0692708333246026	0.41246327204216227
0.1072395833246027	0.6389616576815209
0.16419270832460264	1.0684017240199175
0.24962239582460266	1.6292731621699417
0.34962239582460275	2.290450786655508
0.44962239582460284	2.9553862032379876
0.5496223958246029	3.6245324463713864
0.649622395824603	4.29780509484723
0.7496223958246031	4.975119727457033
0.8496223958246032	5.656391922992329
0.9496223958246031	5.932285462743538
1.0496223958246031	7.030471318005435
1.1496223958246032	7.271566374550491
1.2496223958246033	8.41936791021873
1.3496223958246034	8.639441891310778
1.4496223958246035	9.82240632996437
1.5496223958246036	10.034721011857709
1.6496223958246037	11.238911207574509
1.7496223958246038	11.952002515057583
1.8496223958246039	12.668207173381315
1.949622395824604	13.387440761337286
2.049622395824604	14.10961885771697
2.149622395824604	14.83465704131191
2.249622395824604	15.562470890913614
2.3496223958246043	15.866053508578073
2.4496223958246044	16.981070686298505
2.5496223958246045	17.71330633088613
2.6496223958246046	18.686500632813434
2.7496223958246047	19.728653620523694
2.8496223958246047	20.728414577859375
2.949622395824605	21.711418094962344
3.0496223958246045	22.69703218687234
3.149622395824604	23.685249429184143
3.2496223958246038	24.676062397492498
3.3496223958246034	25.669463667392197
3.449622395824603	26.665445814477962
3.5496223958246027	27.664001414344586
3.6496223958246023	28.665123042586806
3.749622395824602	29.668633425878657
3.8496223958246016	30.672234532363394
3.9496223958246013	31.675204981347484
4.049622395824601	32.67754641816293
4.149622395824601	33.679260488141765
4.2496223958246	34.68034883661599
4.3496223958246	35.68081310891766
4.4496223958245995	36.68065495037873
4.549622395824599	37.67987600633129
4.649622395824599	38.6784779221073
4.749622395824598	39.67646234303874
4.849622395824598	40.673830914457746
4.949622395824598	41.67058528169623
5.049622395824597	42.66672709008628
5.149622395824597	43.66225798495993
5.249622395824597	44.65717961164906
5.349622395824596	45.65149361548583
5.449622395824596	46.64520164180218
5.549622395824596	47.6323942064788
5.649622395824595	48.6311796362876
5.749622395824595	49.62969307018323
5.8496223958245945	50.62793242484695
5.949622395824594	51.62589561695997
6.049622395824594	52.62358056320349
6.1496223958245935	53.62098518025873
6.249622395824593	54.61810738480699
6.349622395824593	55.61494509352936
6.449622395824592	56.611496223107125
6.549622395824592	57.6077586902215
6.649622395824592	58.60373041155369
6.749622395824591	59.599409303784945
6.849622395824591	60.594793283596445
6.949622395824591	61.58988026766945
7.04962239582459	62.58466817268509
7.14962239582459	63.57915491532472
7.24962239582459	64.57333841226946
7.349622395824589	65.56721658020054
7.449622395824589	66.56078733579923
7.5496223958245885	67.55404859574668
7.649622395824588	68.54699827672415
7.749622395824588	69.53963429541282
7.849622395824587	70.53195456849396
7.949622395824587	71.5239570126488
8.049622395824587	72.51563954455847
8.149622395824586	73.50700008090429
8.249622395824586	74.4980365383674
8.349622395824586	75.48874683362907
8.449622395824585	76.47912888337045
8.549622395824585	77.46918060427286
8.649622395824585	78.45889991301745
8.749622395824584	79.4482847262855
8.849622395824584	80.43733296075814
8.949622395824584	81.42604253311663
9.049622395824583	82.4144113600422
9.149622395824583	83.40243735821606
9.249622395824582	84.3901184443194
9.349622395824582	85.37745253503347
9.449622395824582	86.3644375470395
9.549622395824581	87.35107139701874
9.649622395824581	88.33735200165229
9.74962239582458	89.32327727762151
9.84962239582458	90.34988245698617
9.94962239582458	91.30444221256705
10.04962239582458	92.25856649686997
10.14962239582458	93.21226593313612
10.249622395824579	94.1655511446067
10.349622395824579	95.11843275452289
10.449622395824578	96.07092138612586
10.549622395824578	97.02302766265684
10.649622395824577	97.97476220735696
10.749622395824577	98.92613564346748
10.805	99.84094649297552
1000010.805	99.84094649297552
