-100001.1	0
-0.000000000008730793865652231	0
0.0033333333246026164	0.022793541606949047
0.00833333332460251	0.056983854106948076
0.015833333324602572	0.10826932285694806
0.027083333324602554	0.18519752598194758
0.04395833332460253	0.3005898306694466
0.0692708333246026	0.4736782877006958
0.1072395833246027	0.7333109732475697
0.16419270832460264	1.122760001567879
0.24962239582460266	1.7069335440483446
0.34962239582460275	2.390739794048338
0.44962239582460284	3.0745460440483354
0.5496223958246029	3.758352294048331
0.649622395824603	4.442158544048327
0.7496223958246031	5.125964794048323
0.8496223958246032	5.809771044048321
0.9496223958246031	6.493577294048316
1.0496223958246031	7.17738354404831
1.1496223958246032	7.8611897940483075
1.2496223958246033	8.544996044048302
1.3496223958246034	9.228802294048299
1.4496223958246035	9.912608544048293
1.5496223958246036	10.59641479404829
1.6496223958246037	11.280221044048282
1.7496223958246038	11.964027294048282
1.8496223958246039	12.647833544048272
1.949622395824604	13.331639794048272
2.049622395824604	14.01544604404827
2.149622395824604	14.699252294048264
2.249622395824604	15.38305854404826
2.3496223958246043	16.066864794048254
2.4496223958246044	16.75067104404825
2.5496223958246045	17.434477294048246
2.6496223958246046	18.234374687414597
2.7496223958246047	19.211174687414612
2.8496223958246047	20.18797468741462
2.949622395824605	21.164774687414674
3.0496223958246045	22.14157468741471
3.149622395824604	23.118374687414782
3.2496223958246038	24.095174687414843
3.3496223958246034	25.071974687414933
3.449622395824603	26.048774687415037
3.5496223958246027	27.025574687415176
3.6496223958246023	28.002374687415305
3.749622395824602	28.979174687415465
3.8496223958246016	29.955974687415637
3.9496223958246013	30.93277468741582
4.049622395824601	31.909574687416004
4.149622395824601	32.886374687416215
4.2496223958246	33.863174687416446
4.3496223958246	34.83997468741668
4.4496223958245995	35.81677468741694
4.549622395824599	36.79357468741722
4.649622395824599	37.77037468741754
4.749622395824598	38.74717468741779
4.849622395824598	39.723974687418114
4.949622395824598	40.70077468741844
5.049622395824597	41.677574687418804
5.149622395824597	42.65437468741917
5.249622395824597	43.63117468741955
5.349622395824596	44.60797468741991
5.449622395824596	45.58477468742036
5.549622395824596	46.56157468742075
5.649622395824595	47.53837468742114
5.749622395824595	48.51517468742155
5.8496223958245945	49.49197468742194
5.949622395824594	50.4687746874223
6.049622395824594	51.445574687422656
6.1496223958245935	52.42237468742299
6.249622395824593	53.39917468742333
6.349622395824593	54.37597468742367
6.449622395824592	55.35277468742396
6.549622395824592	56.32957468742427
6.649622395824592	57.306374687424544
6.749622395824591	58.283174687424776
6.849622395824591	59.25997468742504
6.949622395824591	60.236774687425275
7.04962239582459	61.213574687425535
7.14962239582459	62.19037468742574
7.24962239582459	63.16717468742597
7.349622395824589	64.14397468742615
7.449622395824589	65.12077468742636
7.5496223958245885	66.0975746874265
7.649622395824588	67.07437468742668
7.749622395824588	68.05117468742685
7.849622395824587	69.02797468742699
7.949622395824587	70.0047746874271
8.049622395824587	70.98157468742725
8.149622395824586	71.95837468742735
8.249622395824586	72.93517468742745
8.349622395824586	73.91197468742753
8.449622395824585	74.88877468742758
8.549622395824585	75.86557468742767
8.649622395824585	76.84237468742775
8.749622395824584	77.8191746874278
8.849622395824584	78.79597468742783
8.949622395824584	79.77277468742786
9.049622395824583	80.74957468742787
9.149622395824583	81.72637468742789
9.249622395824582	82.70317468742788
9.349622395824582	83.67997468742794
9.449622395824582	84.65677468742794
9.549622395824581	85.63357468742791
9.649622395824581	86.6103746874279
9.74962239582458	87.58717468742786
9.84962239582458	88.56397468742794
9.94962239582458	89.54077468742786
10.04962239582458	90.51757468742787
10.14962239582458	91.49437468742792
10.249622395824579	92.47117468742786
10.349622395824579	93.44797468742787
10.449622395824578	94.42477468742786
10.549622395824578	95.40157468742784
10.649622395824577	96.37837468742784
10.749622395824577	97.35517468742779
10.805	97.89610312501335
1000010.805	97.89610312501335
