-100001.1	0
-0.000000000008730793865652231	0
0.0033333333246026164	0.025229374931122574
0.00833333332460251	0.06307343743112119
0.015833333324602572	0.11983953118112133
0.027083333324602554	0.20498867180612068
0.04395833332460253	0.33271238274361964
0.0692708333246026	0.5242979491498689
0.1072395833246027	0.8116762987592429
0.16419270832460264	1.2427438231733012
0.24962239582460266	1.8893451097943912
0.34962239582460275	2.646226359794385
0.44962239582460284	3.4031076097943815
0.5496223958246029	4.159988859794376
0.649622395824603	4.916870109794371
0.7496223958246031	5.673751359794367
0.8496223958246032	6.4306326097943645
0.9496223958246031	7.187513859794354
1.0496223958246031	7.9443951097943515
1.1496223958246032	8.701276359794345
1.2496223958246033	9.458157609794345
1.3496223958246034	10.215038859794346
1.4496223958246035	10.971920109794329
1.5496223958246036	11.728801359794321
1.6496223958246037	12.485682609794324
1.7496223958246038	13.24256385979432
1.8496223958246039	13.999445109794317
1.949622395824604	14.756326359794313
2.049622395824604	15.513207609794312
2.149622395824604	16.270088859794296
2.249622395824604	17.026970109794295
2.3496223958246043	17.783851359794294
2.4496223958246044	18.54073260979429
2.5496223958246045	19.29761385979428
2.6496223958246046	20.141632187411798
2.7496223958246047	21.1184321874118
2.8496223958246047	22.09523218741184
2.949622395824605	23.07203218741187
3.0496223958246045	24.04883218741193
3.149622395824604	25.025632187411972
3.2496223958246038	26.002432187412055
3.3496223958246034	26.97923218741215
3.449622395824603	27.956032187412248
3.5496223958246027	28.932832187412373
3.6496223958246023	29.909632187412512
3.749622395824602	30.88643218741265
3.8496223958246016	31.863232187412834
3.9496223958246013	32.840032187413
4.049622395824601	33.81683218741321
4.149622395824601	34.79363218741342
4.2496223958246	35.77043218741364
4.3496223958246	36.74723218741391
4.4496223958245995	37.72403218741417
4.549622395824599	38.700832187414406
4.649622395824599	39.67763218741471
4.749622395824598	40.65443218741498
4.849622395824598	41.63123218741532
4.949622395824598	42.60803218741566
5.049622395824597	43.584832187416005
5.149622395824597	44.56163218741636
5.249622395824597	45.538432187416745
5.349622395824596	46.51523218741715
5.449622395824596	47.49203218741753
5.549622395824596	48.46883218741794
5.649622395824595	49.44563218741833
5.749622395824595	50.422432187418686
5.8496223958245945	51.39923218741899
5.949622395824594	52.37603218741929
6.049622395824594	53.35283218741955
6.1496223958245935	54.329632187419804
6.249622395824593	55.306432187419986
6.349622395824593	56.28323218742017
6.449622395824592	57.260032187420315
6.549622395824592	58.23683218742044
6.649622395824592	59.213632187420544
6.749622395824591	60.19043218742066
6.849622395824591	61.16723218742072
6.949622395824591	62.1440321874208
7.04962239582459	63.12083218742082
7.14962239582459	64.09763218742084
7.24962239582459	65.07443218742088
7.349622395824589	66.05123218742087
7.449622395824589	67.02803218742089
7.5496223958245885	68.0048321874209
7.649622395824588	68.9816321874209
7.749622395824588	69.95843218742087
7.849622395824587	70.93523218742082
7.949622395824587	71.91203218742086
8.049622395824587	72.88883218742082
8.149622395824586	73.86563218742086
8.249622395824586	74.84243218742088
8.349622395824586	75.81923218742088
8.449622395824585	76.79603218742085
8.549622395824585	77.77283218742082
8.649622395824585	78.74963218742084
8.749622395824584	79.72643218742078
8.849622395824584	80.7032321874208
8.949622395824584	81.68003218742082
9.049622395824583	82.65683218742076
9.149622395824583	83.63363218742077
9.249622395824582	84.61043218742078
9.349622395824582	85.58723218742082
9.449622395824582	86.5640321874208
9.549622395824581	87.54083218742082
9.649622395824581	88.51763218742079
9.74962239582458	89.4944321874208
9.84962239582458	90.47123218742081
9.94962239582458	91.44803218742074
10.04962239582458	92.42483218742075
10.14962239582458	93.40163218742069
10.249622395824579	94.37843218742069
10.349622395824579	95.35523218742071
10.449622395824578	96.33203218742074
10.549622395824578	97.30883218742073
10.649622395824577	98.28563218742066
10.749622395824577	99.26243218742073
10.805	99.80336062500616
1000010.805	99.80336062500616
