-100001.1	0
-0.000000000008730793865652231	0
0.0033333333246026164	0.028883124919876553
0.00833333332460251	0.07220781241987571
0.015833333324602572	0.13719484366987642
0.027083333324602554	0.23467539054487666
0.04395833332460253	0.38089621085737674
0.0692708333246026	0.6002274413261282
0.1072395833246027	0.9292242870292547
0.16419270832460264	1.4227195555839427
0.24962239582460266	2.1629624584159766
0.34962239582460275	3.02945620841598
0.44962239582460284	3.8959499584159847
0.5496223958246029	4.7624437084159865
0.649622395824603	5.628937458415987
0.7496223958246031	6.495431208415993
0.8496223958246032	7.361924958415996
0.9496223958246031	8.228418708415996
1.0496223958246031	9.094912458416003
1.1496223958246032	9.961406208416008
1.2496223958246033	10.827899958416006
1.3496223958246034	11.694393708416012
1.4496223958246035	12.56088745841602
1.5496223958246036	13.42738120841602
1.6496223958246037	14.293874958416028
1.7496223958246038	15.16036870841603
1.8496223958246039	16.02686245841603
1.949622395824604	16.893356208416034
2.049622395824604	17.75984995841604
2.149622395824604	18.62634370841604
2.249622395824604	19.49283745841604
2.3496223958246043	20.35933120841605
2.4496223958246044	21.22582495841605
2.5496223958246045	22.092318708416077
2.6496223958246046	23.002518437410345
2.7496223958246047	23.97931843741034
2.8496223958246047	24.956118437410343
2.949622395824605	25.932918437410333
3.0496223958246045	26.909718437410334
3.149622395824604	27.886518437410345
3.2496223958246038	28.863318437410346
3.3496223958246034	29.840118437410343
3.449622395824603	30.81691843741033
3.5496223958246027	31.79371843741034
3.6496223958246023	32.770518437410345
3.749622395824602	33.74731843741036
3.8496223958246016	34.72411843741035
3.9496223958246013	35.70091843741035
4.049622395824601	36.67771843741037
4.149622395824601	37.654518437410424
4.2496223958246	38.63131843741046
4.3496223958246	39.608118437410525
4.4496223958245995	40.584918437410586
4.549622395824599	41.561718437410654
4.649622395824599	42.53851843741075
4.749622395824598	43.5153184374109
4.849622395824598	44.49211843741105
4.949622395824598	45.46891843741124
5.049622395824597	46.44571843741146
5.149622395824597	47.42251843741169
5.249622395824597	48.399318437412
5.349622395824596	49.37611843741234
5.449622395824596	50.35291843741276
5.549622395824596	51.32971843741316
5.649622395824595	52.30651843741356
5.749622395824595	53.283318437413975
5.8496223958245945	54.26011843741441
5.949622395824594	55.23691843741478
6.049622395824594	56.21371843741519
6.1496223958245935	57.190518437415555
6.249622395824593	58.16731843741594
6.349622395824593	59.144118437416324
6.449622395824592	60.12091843741667
6.549622395824592	61.097718437417036
6.649622395824592	62.074518437417375
6.749622395824591	63.051318437417706
6.849622395824591	64.02811843741807
6.949622395824591	65.0049184374184
7.04962239582459	65.9817184374187
7.14962239582459	66.95851843741897
7.24962239582459	67.93531843741931
7.349622395824589	68.91211843741955
7.449622395824589	69.88891843741986
7.5496223958245885	70.86571843742016
7.649622395824588	71.84251843742045
7.749622395824588	72.81931843742069
7.849622395824587	73.79611843742094
7.949622395824587	74.77291843742117
8.049622395824587	75.74971843742141
8.149622395824586	76.72651843742156
8.249622395824586	77.70331843742179
8.349622395824586	78.680118437422
8.449622395824585	79.65691843742215
8.549622395824585	80.63371843742235
8.649622395824585	81.61051843742251
8.749622395824584	82.58731843742271
8.849622395824584	83.56411843742288
8.949622395824584	84.54091843742307
9.049622395824583	85.51771843742326
9.149622395824583	86.4945184374234
9.249622395824582	87.47131843742348
9.349622395824582	88.4481184374236
9.449622395824582	89.42491843742373
9.549622395824581	90.40171843742387
9.649622395824581	91.37851843742395
9.74962239582458	92.35531843742399
9.84962239582458	93.33211843742407
9.94962239582458	94.30891843742417
10.04962239582458	95.28571843742424
10.14962239582458	96.26251843742443
10.249622395824579	97.23931843742442
10.349622395824579	98.21611843742448
10.449622395824578	99.19291843742451
10.549622395824578	100.16971843742454
10.649622395824577	101.14651843742452
10.749622395824577	102.12331843742452
10.805	102.6642468750101
1000010.805	102.6642468750101
