-100003.29096484375	0
1.1839091796875003	0
1.1872425130208333	0
1.1922425130208332	0
1.1997425130208335	0
1.2109925130208339	0
1.2278675130208336	0
1.2531800130208337	0
1.2911487630208338	0
1.3481018880208335	0.0000000000000000000000000000000053926038442842604
1.433531575520834	0.00000000000000000000000000000000057777898331617076
1.5335315755208336	0
1.6335315755208333	0.000000000000000000000000000000019259299443872359
1.733531575520833	0.00000000000000000000000000000009244463733058732
1.8335315755208326	0.00000000000000000000000000000037286003723336886
1.9335315755208322	0.00000000000000000000000000000007857794173099922
2.033531575520832	0.0000000000000000000000000000004683861624749758
2.1335315755208315	0.0000000000000000000000000000001355854680848614
2.233531575520831	0
2.333531575520831	0.00000000000000000000000000000009860761315262648
2.4335315755208304	0.0000000000000000000000000000004930380657631324
2.53353157552083	0.0000000000000000000000000000016208626411962977
2.6335315755208297	0.00000000000000000000000000000371627442068961
2.7335315755208294	0.0000000000000000000000000000011463135028992826
2.833531575520829	0.000000000000000000000000000008178268915845958
2.9335315755208287	0.0000000000000000000000000000028010725111167958
3.0220351562500003	0.00000000000000000000000000000057931972727168054
1000003.0220351563	0.00000000000000000000000000000057931972727168054
