-100003.29096484375	0
0.6999899926494191	0
0.7033233259827525	0.000000017633496779675414
0.7083233259827524	0.0000002755986842403257
0.7158233259827522	0.0000018976336411352589
0.7270733259827526	0.000009549271219152103
0.7439483259827524	0.00004104197895487943
0.7692608259827525	0.00016150159692199747
0.8072295759827526	0.0006049909197009205
0.8641827009827523	0.002201417401626506
0.9496123884827528	0.007881548717333325
1.0496123884827524	0.021949887998468986
1.149612388482752	0.045369126096904876
1.2496123884827517	0.07802170220737585
1.3496123884827513	0.12045031423320421
1.449612388482751	0.175384434574916
1.5496123884827506	0.2426056689967216
1.6496123884827503	0.31889459889198657
1.74961238848275	0.4040717693901012
1.8496123884827496	0.4977875589983036
1.9496123884827492	0.6007699530354835
2.049612388482749	0.7131186884837699
2.1496123884827485	0.8366760936848314
2.249612388482748	0.9704362330193408
2.349612388482748	1.113991365699272
2.4496123884827474	1.2682839691622148
2.549612388482747	1.4342225118519634
2.6496123884827467	1.6053171850527512
2.7496123884827464	1.7821635049032782
2.849612388482746	1.9598881156267267
2.9496123884827457	2.1401735611785244
3.0220351562500003	2.270264276609237
1000003.0220351563	2.270264276609237
