-100003.29096484375	0
0.37489215992503233	0
0.37822549325836574	0.000000013858634053881027
0.38322549325836563	0.0000002165405892600565
0.3907254932583655	0.0000014850578166087264
0.40197549325836546	0.000007432194715098966
0.41885049325836565	0.00003184255128705522
0.4441629932583657	0.00012565331305686565
0.48213174325836583	0.00047234667596226165
0.539084868258366	0.0017284659544532987
0.624514555758366	0.006249181687962828
0.7245145557583657	0.017716689515699668
0.8245145557583653	0.03786508861320032
0.9245145557583649	0.06707249712616838
1.0245145557583646	0.10527887970239451
1.1245145557583642	0.15211830591282133
1.2245145557583639	0.2074434683306709
1.3245145557583635	0.27132059942379394
1.4245145557583632	0.3437659242151393
1.5245145557583628	0.4247310230775491
1.6245145557583625	0.5141149885268105
1.724514555758362	0.611776752420246
1.8245145557583617	0.7175468391081977
1.9245145557583614	0.8312367177100222
2.024514555758361	0.9526459116189153
2.1245145557583607	1.081567331885305
2.2245145557583603	1.2177910694580234
2.32451455575836	1.3611068994887607
2.4245145557583596	1.5113056951313086
2.5245145557583593	1.668180737662352
2.624514555758359	1.8315278476396926
2.7245145557583585	2.001145864784688
2.824514555758358	2.1768365588741343
2.924514555758358	2.358404516550459
3.0220351562500003	2.5409456127532297
1000003.0220351563	2.5409456127532297
