-100003.29096484375	0
0	0
0.0033333333333334103	0.000000010028783127244714
0.008333333333333304	0.0000001566997363632307
0.015833333333333144	0.0000010748034917154662
0.027083333333333126	0.000005379818483911076
0.04395833333333332	0.000023115382820545237
0.06927083333333339	0.00009132141005525283
0.1072395833333335	0.000343267905008312
0.16419270833333366	0.0012566522201865101
0.24962239583333368	0.004584819770712801
0.34962239583333377	0.014306882330381843
0.44962239583333385	0.03239109558396552
0.5496223958333339	0.057698642608823236
0.649622395833334	0.08923719612802564
0.7496223958333337	0.13139379481276506
0.8496223958333333	0.18520752615871736
0.949622395833333	0.2495050217836798
1.0496223958333326	0.32004413020307043
1.1496223958333323	0.39775163503654787
1.249622395833332	0.4838513313258655
1.3496223958333315	0.5783373271321013
1.4496223958333312	0.6802861890325653
1.5496223958333308	0.7924425842906115
1.6496223958333305	0.9140528490355595
1.7496223958333301	1.0443646922514436
1.8496223958333298	1.180950236416264
1.9496223958333294	1.3282586907292664
2.049622395833329	1.485143555935392
2.1496223958333287	1.6504990989849149
2.2496223958333283	1.8233964721466471
2.349622395833328	1.9994493593133276
2.4496223958333276	2.180239335186316
2.5496223958333273	2.3695814427427675
2.649622395833327	2.5628197452765864
2.7496223958333266	2.761353633814426
2.849622395833326	2.9630871595235475
2.949622395833326	3.1639704397816173
3.0220351562500003	3.3037751191722506
1000003.0220351563	3.3037751191722506
