-100003.29096484375	0
0.1785695800781255	0
0.18190291341145892	0
0.18690291341145882	0
0.19440291341145866	0
0.20565291341145864	0
0.22252791341145883	0
0.2478404134114589	0.00000000000000000000000000000000036111186457260672
0.285809163411459	0
0.34276228841145917	0.000000000000000000000000000000004237045877651919
0.4281919759114592	0.0000000000000000000000000000000026963019221421302
0.5281919759114593	0.000000000000000000000000000000015792625543975334
0.6281919759114594	0.0000000000000000000000000000000026963019221421302
0.728191975911459	0.00000000000000000000000000000001771855548836257
0.8281919759114587	0.000000000000000000000000000000019451892438311082
0.9281919759114583	0.00000000000000000000000000000017256332301709633
1.028191975911458	0.00000000000000000000000000000007934831370875413
1.1281919759114576	0.0000000000000000000000000000000955261252416069
1.2281919759114572	0.0000000000000000000000000000005669937756276022
1.3281919759114569	0.00000000000000000000000000000030198581527991863
1.4281919759114565	0.00000000000000000000000000000019721522630525295
1.5281919759114562	0.00000000000000000000000000000003697785493223493
1.6281919759114558	0.00000000000000000000000000000007395570986446986
1.7281919759114555	0.0000000000000000000000000000006532754371361504
1.828191975911455	0.00000000000000000000000000000071490519535654195
1.9281919759114547	0.0000000000000000000000000000011339875512552045
2.0281919759114544	0.0000000000000000000000000000009860761315262648
2.128191975911454	0.0000000000000000000000000000000988002061470652
2.2281919759114537	0.000000000000000000000000000003223236354926478
2.3281919759114533	0.000000000000000000000000000013361331582180887
2.428191975911453	0.000000000000000000000000000010477058897466564
2.5281919759114526	0.0000000000000000000000000000020214560696288428
2.6281919759114523	0.0000000000000000000000000000043264090270714866
2.728191975911452	0
2.8281919759114516	0.00000000000000000000000000001713307278526885
2.928191975911451	0.000000000000000000000000000017777103758671942
3.0220351562500003	0.000000000000000000000000000004338734978715565
1000003.0220351563	0.000000000000000000000000000004338734978715565
