-100000	0
0.0000000000000002220446049250313	0
0.0033333333333335556	0.000000000000000000000000000001195617309475596
0.008333333333333555	0.0000000000000000000000000000002063633935410923
0.015833333333333553	0
0.027083333333333553	0
0.04395833333333356	0.0000000000000000000000000000000677927340424307
0.06927083333333356	0.0000000000000000000000000000031554436208840472
0.10723958333333355	0
0.16419270833333355	0.00000000000000000000000000000009860761315262648
0.24962239583333357	0
0.34962239583333354	0.000000000000000000000000000006896369944861814
0.4496223958333335	0.00000000000000000000000000017177446211187532
0.5496223958333335	0.000000000000000000000000000011765120844272746
0.6496223958333335	0.00000000000000000000000000018814332589521132
0.7496223958333335	0.0000000000000000000000000002610143520150023
0.8496223958333334	0.0000000000000000000000000008894406706366908
0.9496223958333334	0.00000000000000000000000000009637045292922626
1.0496223958333335	0.00000000000000000000000000010669343743114185
1.1000000000000008	0.00000000000000000000000000009856755380978322
1000001.1	0.00000000000000000000000000009856755380978322
