-100000	0
0	0
0.0033333333333333335	0.006821136502228886
0.008333333333333333	0.017364748794708108
0.01583333333333333	0.03358863875761483
0.02708333333333333	0.058570113821704926
0.043958333333333335	0.0971144002002199
0.06927083333333334	0.15674405203611136
0.10723958333333333	0.24926295612001156
0.16419270833333333	0.3932065297298882
0.24962239583333334	0.6176126482731098
0.3496223958333333	0.8896496704476385
0.4496223958333333	1.169017640411466
0.5496223958333333	1.4537975526748035
0.6496223958333333	1.7426061598052227
0.7496223958333332	2.034379338920198
0.8496223958333332	2.328261559691761
0.9496223958333332	2.6235425295511674
1.0496223958333333	2.919618910795556
1.1000000000000008	3.068908366516146
1000001.1	3.068908366516146
