-100000	0
0	0
0.0033333333333333335	0.006821142829067891
0.008333333333333333	0.01736475111198695
0.01583333333333333	0.033588642093548914
0.02708333333333333	0.058570124486153556
0.043958333333333335	0.09711440954825698
0.06927083333333334	0.15674407113473535
0.10723958333333333	0.24926297705745823
0.16419270833333333	0.3932065606240506
0.24962239583333334	0.6176126975374892
0.3496223958333333	0.8896497381911429
0.4496223958333333	1.1690177071342949
0.5496223958333333	1.4537976501361172
0.6496223958333333	1.7426062721809086
0.7496223958333332	2.034379472394748
0.8496223958333332	2.3282616974143844
0.9496223958333332	2.6235426530353765
1.0496223958333333	2.919619014959265
1.1000000000000008	3.0689085918118377
1000001.1	3.0689085918118377
