-100000	0
0	0
0.0033333333333333335	0.006821215744746323
0.008333333333333333	0.01736490401435907
0.01583333333333333	0.03358893259231428
0.02708333333333333	0.058570619852252356
0.043958333333333335	0.0971152054768462
0.06927083333333334	0.15674530689810084
0.10723958333333333	0.24926485627756417
0.16419270833333333	0.3932093596488338
0.24962239583333334	0.6176168061959348
0.3496223958333333	0.8896551752996202
0.4496223958333333	1.1690243177346769
0.5496223958333333	1.4538052919720748
0.6496223958333333	1.7426147521486695
0.7496223958333332	2.034388619586757
0.8496223958333332	2.328271343420534
0.9496223958333332	2.62355266516292
1.0496223958333333	2.9196292041348255
1.1000000000000008	3.0689187820704995
1000001.1	3.0689187820704995
