-100000	0
0	0
0.0033333333333333335	0.006821215744746326
0.008333333333333333	0.017364904014359056
0.01583333333333333	0.033588932592314304
0.02708333333333333	0.05857061437060114
0.043958333333333335	0.09711520547684606
0.06927083333333334	0.15674530689810087
0.10723958333333333	0.24926485627756412
0.16419270833333333	0.3932093596488343
0.24962239583333334	0.6176168061959313
0.3496223958333333	0.8896551752996185
0.4496223958333333	1.169024317734677
0.5496223958333333	1.453805291972074
0.6496223958333333	1.7426147521486715
0.7496223958333332	2.0343886195867578
0.8496223958333332	2.328271343420537
0.9496223958333332	2.6235526651629146
1.0496223958333333	2.9196292041348264
1.1000000000000008	3.068918782070495
1000001.1	3.068918782070495
