-100000	0
0	0
0.0033333333333333335	0.006821215744746328
0.008333333333333333	0.017364904014359063
0.01583333333333333	0.03358893259231432
0.02708333333333333	0.058570614370601105
0.043958333333333335	0.09711520547684634
0.06927083333333334	0.15674530689810123
0.10723958333333333	0.24926485627756356
0.16419270833333333	0.393209359648834
0.24962239583333334	0.6176168061959332
0.3496223958333333	0.88965517529962
0.4496223958333333	1.1690243177346797
0.5496223958333333	1.453805291972068
0.6496223958333333	1.742614752148667
0.7496223958333332	2.034388619586751
0.8496223958333332	2.3282713434205236
0.9496223958333332	2.6235526651629035
1.0496223958333333	2.9196292041348224
1.1000000000000008	3.0689187820704906
1000001.1	3.0689187820704906
