-100000	0
0	0
0.0033333333333333335	0.00682119858788972
0.008333333333333333	0.017364904014359066
0.01583333333333333	0.03358893259231432
0.02708333333333333	0.058570614370601085
0.043958333333333335	0.09711520547684604
0.06927083333333334	0.1567453068981005
0.10723958333333333	0.24926485627756406
0.16419270833333333	0.3932093596488353
0.24962239583333334	0.6176168061959336
0.3496223958333333	0.88965517529962
0.4496223958333333	1.1690243188723253
0.5496223958333333	1.453805291972072
0.6496223958333333	1.7426147521486683
0.7496223958333332	2.0343886195867484
0.8496223958333332	2.3282713434205156
0.9496223958333332	2.623552665162913
1.0496223958333333	2.919629204134811
1.1000000000000008	3.068918782070497
1000001.1	3.068918782070497
