-100000	0
0	0
0.0033333333333333335	0.006821169386016851
0.008333333333333333	0.017364816350349265
0.01583333333333333	0.033588767157271604
0.02708333333333333	0.05857033551127937
0.043958333333333335	0.09711475182974089
0.06927083333333334	0.1567446011128017
0.10723958333333333	0.24926378250808787
0.16419270833333333	0.3932077585192331
0.24962239583333334	0.6176144753578157
0.3496223958333333	0.8896520607160012
0.4496223958333333	1.169020533006366
0.5496223958333333	1.453800945284047
0.6496223958333333	1.742609921283179
0.7496223958333332	2.034383398796947
0.8496223958333332	2.3282658311087023
0.9496223958333332	2.623546960431751
1.0496223958333333	2.9196234052222128
1.1000000000000008	3.068913009341362
1000001.1	3.068913009341362
