-100000	0
0	0
0.0033333333333333335	0.006821110673362194
0.008333333333333333	0.017364642298368628
0.01583333333333333	0.03358843797572015
0.02708333333333333	0.05856978097731728
0.043958333333333335	0.09711385733800135
0.06927083333333334	0.1567432148593252
0.10723958333333333	0.2492616973743001
0.16419270833333333	0.3932047143795409
0.24962239583333334	0.6176101517296486
0.3496223958333333	0.889646556238629
0.4496223958333333	1.16901409824007
0.5496223958333333	1.4537938448270016
0.6496223958333333	1.7426023641434092
0.7496223958333332	2.034375481381153
0.8496223958333332	2.328257627588826
0.9496223958333332	2.6235385592465366
1.0496223958333333	2.919614882834385
1.1000000000000008	3.06890460188385
1000001.1	3.06890460188385
