-100000	0
0	0
0.0033333333333333335	0.006821147997790279
0.008333333333333333	0.017364737025642715
0.01583333333333333	0.03358861976825511
0.02708333333333333	0.05857008843095348
0.043958333333333335	0.09711436801921952
0.06927083333333334	0.15674401779384625
0.10723958333333333	0.24926295256878825
0.16419270833333333	0.39320658582042195
0.24962239583333334	0.6176129090168084
0.3496223958333333	0.8896502536742986
0.4496223958333333	1.1690186211128535
0.5496223958333333	1.453799044204405
0.6496223958333333	1.7426081734820167
0.7496223958333332	2.034381763379726
0.8496223958333332	2.328264325118634
0.9496223958333332	2.623545518241942
1.0496223958333333	2.9196220075097363
1.1000000000000008	3.068911304707381
1000001.1	3.068911304707381
