-100000	0
0	0
0.0033333333333333335	0.00682121574474632
0.008333333333333333	0.01736490401435904
0.01583333333333333	0.03358893259231426
0.02708333333333333	0.05857061437060109
0.043958333333333335	0.09711520547684613
0.06927083333333334	0.1567453068981005
0.10723958333333333	0.24926485627756317
0.16419270833333333	0.3932093596488336
0.24962239583333334	0.6176168061959306
0.3496223958333333	0.8896551752996154
0.4496223958333333	1.1690243177346726
0.5496223958333333	1.4538052919720643
0.6496223958333333	1.7426147521486637
0.7496223958333332	2.034388619586748
0.8496223958333332	2.3282713434205276
0.9496223958333332	2.6235526651629053
1.0496223958333333	2.9196292041348193
1.1000000000000008	3.0689187820704946
1000001.1	3.0689187820704946
