-100000	0
0	0
0.0033333333333333335	0.006821184211723747
0.008333333333333333	0.01736485375339431
0.01583333333333333	0.033588838312366975
0.02708333333333333	0.058570458627285486
0.043958333333333335	0.0971149529872421
0.06927083333333334	0.15674492572470122
0.10723958333333333	0.2492642984546042
0.16419270833333333	0.3932085796567943
0.24962239583333334	0.6176157957781414
0.3496223958333333	0.8896540135544447
0.4496223958333333	1.1690230108827824
0.5496223958333333	1.4538038264626931
0.6496223958333333	1.7426131511391958
0.7496223958333332	2.0343868612142555
0.8496223958333332	2.328269422585764
0.9496223958333332	2.623550585523304
1.0496223958333333	2.9196269495443063
1.1000000000000008	3.0689172527335815
1000001.1	3.0689172527335815
