-100000	0
0	0
0.0033333333333333335	0.006821200595573725
0.008333333333333333	0.017364866456023958
0.01583333333333333	0.033588861988138825
0.02708333333333333	0.05857050113762167
0.043958333333333335	0.09711501939216563
0.06927083333333334	0.15674502827143108
0.10723958333333333	0.24926445874164965
0.16419270833333333	0.3932088240874283
0.24962239583333334	0.6176161712451673
0.3496223958333333	0.8896545324838632
0.4496223958333333	1.169023677833557
0.5496223958333333	1.4538046479811106
0.6496223958333333	1.7426141115724545
0.7496223958333332	2.034387978408154
0.8496223958333332	2.3282707027712743
0.9496223958333332	2.6235520234945335
1.0496223958333333	2.9196285632740855
1.1000000000000008	3.068918137328181
1000001.1	3.068918137328181
