-100000	0
0.0000000000000002220446049250313	0
0.0033333333333335556	0.0068212157447467845
0.008333333333333555	0.017364904014359535
0.015833333333333553	0.03358893259231479
0.027083333333333553	0.05857061437060152
0.04395833333333356	0.0971152054768467
0.06927083333333356	0.156745306898101
0.10723958333333355	0.24926485627756306
0.16419270833333355	0.39320935964883386
0.24962239583333357	0.6176168061959327
0.34962239583333354	0.8896551752996178
0.4496223958333335	1.1690243177346742
0.5496223958333335	1.4538052919720672
0.6496223958333335	1.7426147521486646
0.7496223958333335	2.034388619586756
0.8496223958333334	2.328271343420523
0.9496223958333334	2.62355266516291
1.0496223958333335	2.919629204134809
1.1000000000000008	3.0689187820704977
1000001.1	3.0689187820704977
