-100000	0
0.0000000000000002220446049250313	0
0.0033333333333335556	0.006821215744746799
0.008333333333333555	0.01736490401435956
0.015833333333333553	0.03358893259231478
0.027083333333333553	0.05857061437060164
0.04395833333333356	0.09711520547684684
0.06927083333333356	0.15674530689810154
0.10723958333333355	0.24926485627756462
0.16419270833333355	0.3932093596488343
0.24962239583333357	0.6176168061959324
0.34962239583333354	0.8896551752996209
0.4496223958333335	1.1690243177346757
0.5496223958333335	1.453805291972073
0.6496223958333335	1.7426147521486743
0.7496223958333335	2.0343886195867578
0.8496223958333334	2.3282713434205276
0.9496223958333334	2.6235526651629164
1.0496223958333335	2.9196292041348273
1.1000000000000008	3.068918782070514
1000001.1	3.068918782070514
