-100000	0
0.0000000000000002220446049250313	0
0.0033333333333335556	0.006821134575905292
0.008333333333333555	0.017364743309219534
0.015833333333333553	0.033588628141707606
0.027083333333333553	0.05857009512512827
0.04395833333333356	0.09711437217811433
0.06927083333333356	0.1567440054646122
0.10723958333333355	0.24926287678175266
0.16419270833333355	0.39320637405231834
0.24962239583333357	0.6176124465520276
0.34962239583333354	0.889649402877405
0.4496223958333335	1.1690173128559929
0.5496223958333335	1.4537971879873137
0.6496223958333335	1.7426058492525278
0.7496223958333335	2.034378995629907
0.8496223958333334	2.328261174194579
0.9496223958333334	2.623542133763276
1.0496223958333335	2.9196184998850594
1.1000000000000008	3.0689078626139015
1000001.1	3.0689078626139015
