-100000	0
0.0000000000000002220446049250313	0
0.0033333333333335556	0.006821179002678363
0.008333333333333555	0.01736481240086144
0.015833333333333553	0.03358875963314156
0.027083333333333553	0.05857032641838563
0.04395833333333356	0.09711473221325718
0.06927083333333356	0.15674457522763469
0.10723958333333355	0.24926374523778605
0.16419270833333355	0.3932077084231479
0.24962239583333357	0.6176143799401795
0.34962239583333354	0.8896519725179854
0.4496223958333335	1.169020438828868
0.5496223958333335	1.4538008093897992
0.6496223958333335	1.7426098131290941
0.7496223958333335	2.0343832959254784
0.8496223958333334	2.3282657166130134
0.9496223958333334	2.6235468462936855
1.0496223958333335	2.9196232864434646
1.1000000000000008	3.0689128653006694
1000001.1	3.0689128653006694
