-100000	0
0.0000000000000002220446049250313	0
0.0033333333333335556	0.006821134432845251
0.008333333333333555	0.01736474332437457
0.015833333333333553	0.03358862832381842
0.027083333333333553	0.05857009659972019
0.04395833333333356	0.09711437155040654
0.06927083333333356	0.15674400806994881
0.10723958333333355	0.249262880993642
0.16419270833333355	0.3932064169491714
0.24962239583333357	0.6176125184933602
0.34962239583333354	0.8896494759345429
0.4496223958333335	1.1690173825657568
0.5496223958333335	1.453797291977654
0.6496223958333335	1.7426058636694266
0.7496223958333335	2.0343790169978258
0.8496223958333334	2.328261200176427
0.9496223958333334	2.6235421558909935
1.0496223958333335	2.919618502449127
1.1000000000000008	3.068908133741104
1000001.1	3.068908133741104
