-100000	0
0.0000000000000002220446049250313	0
0.0033333333333335556	0.0068211450658372755
0.008333333333333555	0.017364755861776347
0.015833333333333553	0.03358865199471451
0.027083333333333553	0.05857014050598281
0.04395833333333356	0.09711443637146991
0.06927083333333356	0.15674410915517345
0.10723958333333355	0.24926303502716518
0.16419270833333355	0.3932066472319358
0.24962239583333357	0.6176128579726236
0.34962239583333354	0.8896499278338971
0.4496223958333335	1.1690179329015717
0.5496223958333335	1.453797932742354
0.6496223958333335	1.7426065809574056
0.7496223958333335	2.03437979847435
0.8496223958333334	2.328262034453256
0.9496223958333334	2.6235430303268803
1.0496223958333335	2.9196194063881604
1.1000000000000008	3.0689089649870454
1000001.1	3.0689089649870454
