-100000	0
0.0000000000000002220446049250313	0
0.0033333333333335556	0.006821187832766754
0.008333333333333555	0.01736483430596007
0.015833333333333553	0.03358880042888497
0.027083333333333553	0.05857039353756926
0.04395833333333356	0.09711484123850667
0.06927083333333356	0.15674474092893753
0.10723958333333355	0.2492639954617502
0.16419270833333355	0.3932080739274862
0.24962239583333357	0.6176149183463246
0.34962239583333354	0.8896526707617668
0.4496223958333335	1.1690212839028593
0.5496223958333335	1.4538017908430378
0.6496223958333335	1.7426108762414867
0.7496223958333335	2.0343844286727535
0.8496223958333334	2.3282669244655274
0.9496223958333334	2.623548086196452
1.0496223958333335	2.919624549073627
1.1000000000000008	3.0689140419153533
1000001.1	3.0689140419153533
