-100000	0
0.0000000000000002220446049250313	0
0.0033333333333335556	0.006821191944457118
0.008333333333333555	0.017364844091716927
0.015833333333333553	0.03358881814938439
0.027083333333333553	0.058570417687514365
0.04395833333333356	0.09711488672198938
0.06927083333333356	0.15674480891383272
0.10723958333333355	0.24926409214370696
0.16419270833333355	0.3932082014149869
0.24962239583333357	0.6176151009878438
0.34962239583333354	0.8896529033268402
0.4496223958333335	1.1690215519758111
0.5496223958333335	1.4538020964806921
0.6496223958333335	1.742611207604554
0.7496223958333335	2.0343847804695203
0.8496223958333334	2.3282672817829955
0.9496223958333334	2.6235484555677857
1.0496223958333335	2.9196249110536248
1.1000000000000008	3.0689145641179385
1000001.1	3.0689145641179385
