-100000	0
0.0000000000000002220446049250313	0
0.0033333333333335556	0.0068211651063739935
0.008333333333333555	0.017364819603340097
0.015833333333333553	0.033588772737603814
0.027083333333333553	0.05857034177333692
0.04395833333333356	0.09711476581425126
0.06927083333333356	0.1567446202526243
0.10723958333333355	0.24926381232752812
0.16419270833333355	0.3932077974595225
0.24962239583333357	0.6176145149320594
0.34962239583333354	0.889652119754977
0.4496223958333335	1.16902057868427
0.5496223958333335	1.4538009413754815
0.6496223958333335	1.7426098785748143
0.7496223958333335	2.0343832974191502
0.8496223958333334	2.328265651321318
0.9496223958333334	2.6235466904131175
1.0496223958333335	2.9196230241923873
1.1000000000000008	3.068913098544706
1000001.1	3.068913098544706
