-100000	0
0.0000000000000002220446049250313	0
0.0033333333333335556	0.006821201717660027
0.008333333333333555	0.01736486901448174
0.015833333333333553	0.033588866475168455
0.027083333333333553	0.05857050789241268
0.04395833333333356	0.09711502519578893
0.06927083333333356	0.156745026873408
0.10723958333333355	0.24926443092703335
0.16419270833333355	0.39320872648410776
0.24962239583333357	0.6176158845506073
0.34962239583333354	0.8896539461286083
0.4496223958333335	1.1690228200344217
0.5496223958333335	1.4538035811607524
0.6496223958333335	1.7426128441189777
0.7496223958333335	2.034386562388142
0.8496223958333334	2.3282691725461206
0.9496223958333334	2.623550423753154
1.0496223958333335	2.9196269242810224
1.1000000000000008	3.068916534128604
1000001.1	3.068916534128604
