-100000	0
0.0000000000000002220446049250313	0
0.0033333333333335556	0.006821197648428321
0.008333333333333555	0.017364858990041806
0.015833333333333553	0.03358884786075382
0.027083333333333553	0.05857047076095665
0.04395833333333356	0.09711497514928935
0.06927083333333356	0.1567449513382488
0.10723958333333355	0.2492643166364248
0.16419270833333355	0.39320855506756447
0.24962239583333357	0.6176156283588139
0.34962239583333354	0.8896536017871877
0.4496223958333335	1.1690223775380366
0.5496223958333335	1.453803034687987
0.6496223958333335	1.7426122029228022
0.7496223958333335	2.0343858072515917
0.8496223958333334	2.3282683001038476
0.9496223958333334	2.623549426667802
1.0496223958333335	2.9196257933410976
1.1000000000000008	3.0689159337452123
1000001.1	3.0689159337452123
