-100000	0
0.0000000000000002220446049250313	0
0.0033333333333335556	0.006821206562632304
0.008333333333333555	0.01736488128178954
0.015833333333333553	0.03358888990763804
0.027083333333333553	0.058570542334601676
0.04395833333333356	0.09711509075403789
0.06927083333333356	0.15674513086169167
0.10723958333333355	0.24926458842654567
0.16419270833333355	0.39320896682971374
0.24962239583333357	0.6176162391893074
0.34962239583333354	0.8896544258327698
0.4496223958333335	1.1690234096629906
0.5496223958333335	1.4538042577197101
0.6496223958333335	1.7426136067174782
0.7496223958333335	2.0343873888099195
0.8496223958333334	2.328270049848313
0.9496223958333334	2.6235513346491124
1.0496223958333335	2.919627850958183
1.1000000000000008	3.0689173850898293
1000001.1	3.0689173850898293
