-100000	0
0.0000000000000002220446049250313	0
0.0033333333333335556	0.0068211998454258856
0.008333333333333555	0.017364892396303056
0.015833333333333553	0.0335889106508874
0.027083333333333553	0.05857058050914344
0.04395833333333356	0.09711514511886275
0.06927083333333356	0.1567452122270575
0.10723958333333355	0.2492647127906571
0.16419270833333355	0.3932091457454552
0.24962239583333357	0.6176164957611211
0.34962239583333354	0.8896547633191998
0.4496223958333335	1.1690238159766972
0.5496223958333335	1.4538047148920434
0.6496223958333335	1.7426141116467821
0.7496223958333335	2.0343879267895364
0.8496223958333334	2.328270610957398
0.9496223958333334	2.6235519077518368
1.0496223958333335	2.9196284337669547
1.1000000000000008	3.0689180086289367
1000001.1	3.0689180086289367
