-100000	0
0.0000000000000002220446049250313	0
0.0033333333333335556	0.00682120959019438
0.008333333333333555	0.017364888606012974
0.015833333333333553	0.03358890332425827
0.027083333333333553	0.05857056973626482
0.04395833333333356	0.09711512453616661
0.06927083333333356	0.15674517978430128
0.10723958333333355	0.24926466169025363
0.16419270833333355	0.39320906875762884
0.24962239583333357	0.6176163780194891
0.34962239583333354	0.8896546020196836
0.4496223958333335	1.1690236078706726
0.5496223958333335	1.4538044608868317
0.6496223958333335	1.7426138102416033
0.7496223958333335	2.0343875785620176
0.8496223958333334	2.328270217279506
0.9496223958333334	2.623551465812187
1.0496223958333335	2.9196279411132293
1.1000000000000008	3.0689177135527665
1000001.1	3.0689177135527665
