-100000	0
0.0000000000877460326620394	0
0.003333333421079366	0.006085203076703201
0.008333333421079366	0.015552749094571452
0.015833333421079364	0.030177236675892078
0.027083333421079363	0.05281837706813428
0.04395833342107937	0.0879378853473111
0.06927083342107937	0.14258496174941795
0.10723958342107937	0.22791570505523734
0.16419270842107936	0.36162627118818763
0.24962239592107938	0.5717824042579698
0.34962239592107935	0.828705519619448
0.44962239592107933	1.094607701447951
0.5496223959210793	1.3675730829133295
0.6496223959210793	1.6462434223284164
0.7496223959210793	1.9295900621352258
0.8496223959210792	2.2167980111429
0.9496223959210792	2.507200352921541
1.0496223959210793	2.800238457815698
1.1000000000000008	2.9487118000000496
1000001.1	2.9487118000000496
