-100000	0
0.0000000003200519849144712	0
0.0033333336533853185	0.005596860687988445
0.008333333653385318	0.014339052406572045
0.015833333653385316	0.027911234539531895
0.027083333653385316	0.048996642133693175
0.04395833365338532	0.08183831433922818
0.06927083365338532	0.13316762464523507
0.10723958365338532	0.2137049460280979
0.1641927086533853	0.3405727347979723
0.24962239615338533	0.5411501814813996
0.3496223961533853	0.7878232859867375
0.4496223961533853	1.044475766737302
0.5496223961533853	1.3091852309030538
0.6496223961533852	1.580602218711359
0.7496223961533852	1.8577144789111268
0.8496223961533852	2.139727901654484
0.9496223961533852	2.425998680214794
1.0496223961533853	2.715992684790679
1.1000000000000008	2.8633522003561387
1000001.1	2.8633522003561387
