-100000	0
0.0000000006772367111551603	0
0.0033333340105700447	0.005111481659318842
0.008333334010570044	0.013138250457446751
0.015833334010570042	0.025656727983916345
0.027083334010570042	0.04519236782337375
0.043958334010570047	0.07576402529365013
0.06927083401057005	0.12378489415021428
0.10723958401057004	0.19953589063698907
0.16419270901057004	0.31955587452177486
0.24962239651057005	0.5105073768037875
0.34962239651057003	0.7468077893912735
0.44962239651057	0.9940072884585814
0.54962239651057	1.2501695199376832
0.64962239651057	1.5139475583322966
0.7496223965105699	1.7843398856892028
0.8496223965105699	2.0605681234729416
0.9496223965105699	2.34200691788768
1.04962239651057	2.628142097347574
1.1000000000000008	2.7739324424077445
1000001.1	2.7739324424077445
