-100000	0
0.0000000011391425580598025	0
0.0033333344724758916	0.004623446126566694
0.008333334472475891	0.011945885047658368
0.01583333447247589	0.023416365977467688
0.02708333447247589	0.041411521748490214
0.04395833447247589	0.06972460065877094
0.0692708344724759	0.11445103117604875
0.10723958447247589	0.1854298309585011
0.16419270947247588	0.29860676449773554
0.2496223969724759	0.47990000783388154
0.3496223969724759	0.705723945519872
0.44962239697247586	0.9432819883773708
0.5496223969724758	1.1906225962017052
0.6496223969724758	1.4463931608752454
0.7496223969724758	1.7095972674807511
0.8496223969724758	1.9794671159091197
0.9496223969724757	2.2553910448809447
1.0496223969724758	2.536870133542007
1.1000000000000008	2.680645229762133
1000001.1	2.680645229762133
