-100000	0
0.0000000016807244485050887	0
0.003333335014057782	0.0041547091783213615
0.008333335014057782	0.010763875375305073
0.01583333501405778	0.021194752707987215
0.02708333501405778	0.03766009398744836
0.043958335014057784	0.0637295301907634
0.06927083501405779	0.10518057354680908
0.10723958501405778	0.17140842569135037
0.16419271001405777	0.2777583036883529
0.2496223975140578	0.44937530062422765
0.34962239751405777	0.6646319825242822
0.44962239751405775	0.8923845278816518
0.5496223975140577	1.1306481473751633
0.6496223975140577	1.3780622762327097
0.7496223975140577	1.633630074243036
0.8496223975140577	1.8965890632367057
0.9496223975140576	2.1663365321832755
1.0496223975140577	2.4423845544406153
1.1000000000000008	2.583709505482581
1000001.1	2.583709505482581
