-100000	0
0.000000002877702742765109	0
0.0033333362110360763	0
0.008333336211036076	0.00000000000000005767998530080575
0.015833336211036074	0.00000000000000034372634340669753
0.027083336211036074	0.000000000000001027187572095731
0.04395833621103608	0.0000000000000014039228967088619
0.06927083621103608	0.000000000000002340572590834231
0.10723958621103608	0.0000000000000019275958923069046
0.16419271121103607	0.000000000000007896570687805048
0.2496223987110361	0.00000000000001550972541959782
0.34962239871103606	0.00000000000005018768818532618
0.44962239871103604	0.0000000000000208902729169507
0.549622398711036	0.00000000000005326265294152577
0.649622398711036	0.0000000000001631500126210463
0.749622398711036	0.00000000000003886050994745715
0.849622398711036	0.00000000000015856141539023077
0.9496223987110359	0.00000000000028568627261859875
1.049622398711036	0.00000000000027914474557293004
1.1000000000000008	0.00000000000006227197384858804
1000001.1	0.00000000000006227197384858804
