-100001.1	0
0	0
0.0033333333333334103	0.0000000000000002432273377158364
0.008333333333333304	0.0000000000000006083076861382263
0.015833333333333366	0.0000000000000011564667260205419
0.027083333333333348	0.000000000000001979916949653569
0.04395833333333332	0.0000000000000032178185286745494
0.06927083333333339	0.000000000000005080804945241959
0.1072395833333335	0.000000000000007889086178173603
0.16419270833333344	0.000000000000012132561645752537
0.24962239583333345	0.000000000000018507546944289066
0.34962239583333354	0.000000000000026206768142092764
0.44962239583333363	0.00000000000003396077447587649
0.5496223958333337	0.00000000000004153830732874344
0.6496223958333338	0.00000000000004981343818260402
0.7496223958333339	0.00000000000005737011717792913
0.849622395833334	0.00000000000006542941298038683
0.9496223958333339	0.00000000000007445406134059714
1.049622395833334	0.00000000000008289736975270163
1.149622395833334	0.00000000000009145556184452633
1.2496223958333341	0.00000000000009862253537598308
1.3496223958333342	0.00000000000010715980077132364
1.4496223958333343	0.00000000000011781944019832102
1.5496223958333344	0.0000000000001245211133177343
1.6496223958333345	0.00000000000013596977749945155
1.7496223958333346	0.00000000000014521727166959698
1.8496223958333347	0.0000000000001545796495194625
1.9496223958333347	0.0000000000001640569110490482
2.049622395833335	0.00000000000017364905625835408
2.149622395833335	0.00000000000018335608514738002
2.249622395833335	0.00000000000019317799771612605
2.349622395833335	0.0000000000002031147939645923
2.449622395833335	0.00000000000021316647389277871
2.5496223958333353	0.00000000000022333303750068517
2.6496223958333354	0.0000000000002336144847883118
2.7496223958333355	0.00000000000024401081575565844
2.8496223958333355	0.00000000000027068542157137217
2.9496223958333356	0.0000000000002812972562561408
3.0496223958333353	0.0000000000002919845475179285
3.149622395833335	0.00000000000030274729535673523
3.2496223958333346	0.000000000000313585499772561
3.349622395833334	0.0000000000003136776335107548
3.449622395833334	0.0000000000003299041794210327
3.5496223958333335	0.00000000000034655285248215273
3.649622395833333	0.0000000000003576928832060548
3.749622395833333	0.0000000000003689083705069759
3.8496223958333324	0.000000000000380199314384916
3.949622395833332	0.0000000000003915657148398752
4.049622395833332	0.00000000000040300757187185327
4.149622395833331	0.00000000000041010092234006424
4.249622395833331	0.00000000000042611765566686697
4.349622395833331	0.0000000000004377858824299023
4.44962239583333	0.00000000000044952956576995664
4.54962239583333	0.0000000000004613487056870302
4.64962239583333	0.00000000000045239204603806026
4.749622395833329	0.0000000000004852133552522343
4.849622395833329	0.000000000000497258864900365
4.9496223958333285	0.0000000000005093798311255147
5.049622395833328	0.0000000000004969830754785359
5.149622395833328	0.0000000000005338481333068713
5.2496223958333275	0.000000000000546195469263078
5.349622395833327	0.0000000000005586182617963039
5.449622395833327	0.0000000000003020042071397724
5.549622395833326	0.00000000000031179826557107973
5.649622395833326	0.00000000000032285795107430726
5.749622395833326	0.00000000000033408426575222387
5.849622395833325	0.0000000000003454772096048296
5.949622395833325	0.00000000000035218813447498825
6.049622395833325	0.0000000000003687629848341084
6.149622395833324	0.0000000000003806558162107817
6.249622395833324	0.00000000000039271527676214387
6.3496223958333236	0.00000000000040494136648819515
6.449622395833323	0.0000000000004173340853889357
6.549622395833323	0.0000000000004298934334643653
6.6496223958333225	0.0000000000004426194107144841
6.749622395833322	0.0000000000004555120171392918
6.849622395833322	0.0000000000004685712527387889
6.949622395833321	0.000000000000481797117512975
7.049622395833321	0.0000000000004951896114618501
7.149622395833321	0.0000000000005087487345854144
7.24962239583332	0.0000000000005224744868836679
7.34962239583332	0.0000000000005363668683566106
7.44962239583332	0.0000000000005504258790042422
7.549622395833319	0.000000000000564651518826563
7.649622395833319	0.0000000000005790437878235729
7.749622395833319	0.000000000000593602685995272
7.849622395833318	0.0000000000006083282133416601
7.949622395833318	0.0000000000005754031759361647
8.049622395833318	0.0000000000005885115193790829
8.149622395833317	0.0000000000006535045704289595
8.249622395833317	0.00000000000040086254067168554
8.349622395833316	0.00000000000040910899991533656
8.449622395833316	0.00000000000041737984088983143
8.549622395833316	0.00000000000042567506359517066
8.649622395833315	0.000000000000433994668031354
8.749622395833315	0.0000000000004423386541983814
8.849622395833315	0.0000000000004507070220962528
8.949622395833314	0.0000000000004590997717249684
9.049622395833314	0.0000000000004675169030845283
9.149622395833314	0.0000000000004759584161749321
9.249622395833313	0.0000000000004844243109961801
9.349622395833313	0.0000000000004929145875482723
9.449622395833313	0.0000000000005014292458312084
9.549622395833312	0.0000000000005099682858449888
9.649622395833312	0.0000000000005185317075896133
9.749622395833311	0.000000000000527119511065082
9.849622395833311	0.0000000000005357316962713947
9.94962239583331	0.0000000000005443682632085515
10.04962239583331	0.0000000000005530292118765525
10.14962239583331	0.0000000000005617145422753975
10.24962239583331	0.0000000000005704242544050867
10.34962239583331	0.00000000000057915834826562
10.449622395833309	0.0000000000005879168238569974
10.549622395833309	0.0000000000005966996811792189
10.649622395833308	0.0000000000006055069202322846
10.749622395833308	0.0000000000006143385410161945
10.805	0.0000000000007109949172622077
1000010.805	0.0000000000007109949172622077
