-100001.1	0
0	0
0.0033333333333334103	0.03255999999010707
0.008333333333333304	0.08139999999010483
0.015833333333333366	0.15465999999010677
0.027083333333333348	0.264549999990109
0.04395833333333332	0.42938499999010904
0.06927083333333339	0.6766374999901151
0.1072395833333335	1.04751624999012
0.16419270833333344	1.6038343749901265
0.24962239583333345	2.4383115624901346
0.34962239583333354	3.4151115624901496
0.44962239583333363	4.391911562490163
0.5496223958333337	5.368711562490173
0.6496223958333338	6.345511562490187
0.7496223958333339	7.3223115624902055
0.849622395833334	8.299111562490216
0.9496223958333339	9.275911562490224
1.049622395833334	10.252711562490237
1.149622395833334	11.229511562490256
1.2496223958333341	12.206311562490264
1.3496223958333342	13.183111562490275
1.4496223958333343	14.159911562490292
1.5496223958333344	15.136711562490323
1.6496223958333345	16.113511562490356
1.7496223958333346	17.0903115624904
1.8496223958333347	18.067111562490464
1.9496223958333347	19.04391156249051
2.049622395833335	20.0207115624906
2.149622395833335	20.99751156249068
2.249622395833335	21.97431156249078
2.349622395833335	22.951111562490876
2.449622395833335	23.927911562490998
2.5496223958333353	24.90471156249112
2.6496223958333354	25.881511562491266
2.7496223958333355	26.858311562491412
2.8496223958333355	27.835111562491566
2.9496223958333356	28.81191156249174
3.0496223958333353	29.788711562491912
3.149622395833335	30.7655115624921
3.2496223958333346	31.7423115624923
3.349622395833334	32.71911156249251
3.449622395833334	33.69591156249273
3.5496223958333335	34.67271156249296
3.649622395833333	35.64951156249318
3.749622395833333	36.626311562493434
3.8496223958333324	37.603111562493694
3.949622395833332	38.57991156249395
4.049622395833332	39.556711562494236
4.149622395833331	40.53351156249453
4.249622395833331	41.51031156249482
4.349622395833331	42.48711156249514
4.44962239583333	43.463911562495475
4.54962239583333	44.44071156249581
4.64962239583333	45.41751156249614
4.749622395833329	46.39431156249647
4.849622395833329	47.37111156249684
4.9496223958333285	48.34791156249723
5.049622395833328	49.32471156249762
5.149622395833328	50.301511562498
5.2496223958333275	51.278311562498416
5.349622395833327	52.25511156249884
5.449622395833327	53.231911562499256
5.549622395833326	54.20871156249972
5.649622395833326	55.18551156250011
5.749622395833326	56.16231156250055
5.849622395833325	57.13911156250095
5.949622395833325	58.115911562501395
6.049622395833325	59.092711562501755
6.149622395833324	60.069511562502164
6.249622395833324	61.04631156250253
6.3496223958333236	62.023111562502926
6.449622395833323	62.99991156250329
6.549622395833323	63.976711562503645
6.6496223958333225	64.95351156250402
6.749622395833322	65.93031156250434
6.849622395833322	66.9071115625047
6.949622395833321	67.88391156250499
7.049622395833321	68.86071156250534
7.149622395833321	69.83751156250565
7.24962239583332	70.81431156250592
7.34962239583332	71.79111156250622
7.44962239583332	72.76791156250654
7.549622395833319	73.7447115625068
7.649622395833319	74.72151156250703
7.749622395833319	75.6983115625073
7.849622395833318	76.67511156250758
7.949622395833318	77.65191156250783
8.049622395833318	78.62871156250806
8.149622395833317	79.60551156250827
8.249622395833317	80.5823115625085
8.349622395833316	81.55911156250869
8.449622395833316	82.53591156250891
8.549622395833316	83.51271156250911
8.649622395833315	84.48951156250929
8.749622395833315	85.46631156250943
8.849622395833315	86.44311156250963
8.949622395833314	87.41991156250981
9.049622395833314	88.39671156250992
9.149622395833314	89.3735115625101
9.249622395833313	90.35031156251029
9.349622395833313	91.32711156251037
9.449622395833313	92.30391156251055
9.549622395833312	93.2807115625106
9.649622395833312	94.25751156251071
9.749622395833311	95.23431156251081
9.849622395833311	96.21111156251091
9.94962239583331	97.18791156251098
10.04962239583331	98.16471156251106
10.14962239583331	99.14151156251113
10.24962239583331	100.11831156251114
10.34962239583331	101.09511156251129
10.449622395833309	102.0719115625113
10.549622395833309	103.04871156251131
10.649622395833308	104.02551156251133
10.749622395833308	105.00231156251134
10.805	105.54324000001161
1000010.805	105.54324000001161
