-100001.1	0
-0.000000000008730793865652231	0
0.0033333333246026164	0.032102698104238846
0.00833333332460251	0.08025674538118927
0.015833333324602572	0.15248781629565142
0.027083333324602554	0.2608344226652625
0.04395833332460253	0.4233543322152805
0.0692708333246026	0.6671341965314234
0.1072395833246027	1.0328039929890167
0.16419270832460264	1.5813086876493916
0.24962239582460266	2.404065729618322
0.34962239582460275	3.367146674948631
0.44962239582460284	4.330227620278942
0.5496223958246029	5.293308565609248
0.649622395824603	6.256389510939553
0.7496223958246031	7.2194704562698675
0.8496223958246032	8.182551401600179
0.9496223958246031	9.14563234693048
1.0496223958246031	10.108713292260795
1.1496223958246032	11.0717942375911
1.2496223958246033	12.034875182921404
1.3496223958246034	12.997956128251719
1.4496223958246035	13.961037073582036
1.5496223958246036	14.92411801891233
1.6496223958246037	15.887198964242652
1.7496223958246038	16.850279909572947
1.8496223958246039	17.813360854903276
1.949622395824604	18.77644180023358
2.049622395824604	19.739522745563885
2.149622395824604	20.70260369089419
2.249622395824604	21.665684636224512
2.3496223958246043	22.62876558155481
2.4496223958246044	23.59184652688512
2.5496223958246045	24.554927472215425
2.6496223958246046	25.518008417545737
2.7496223958246047	26.481089362876027
2.8496223958246047	27.44417030820636
2.949622395824605	28.407251253536657
3.0496223958246045	29.370332198866965
3.149622395824604	30.33341314419728
3.2496223958246038	31.29649408952759
3.3496223958246034	32.25957503485787
3.449622395824603	33.22265598018819
3.5496223958246027	34.185736925518505
3.6496223958246023	35.1488178708488
3.749622395824602	36.11189881617913
3.8496223958246016	37.07497976150942
3.9496223958246013	38.03806070683971
4.049622395824601	39.00114165217003
4.149622395824601	39.964222597500346
4.2496223958246	40.92730354283063
4.3496223958246	41.890384488160954
4.4496223958245995	42.85346543349123
4.549622395824599	43.81654637882157
4.649622395824599	44.77962732415185
4.749622395824598	45.742708269482144
4.849622395824598	46.70578921481246
4.949622395824598	47.66887016014278
5.049622395824597	48.63195110547309
5.149622395824597	49.59503205080339
5.249622395824597	50.563137242638234
5.349622395824596	51.53993724263835
5.449622395824596	52.516737242638584
5.549622395824596	53.49353724263878
5.649622395824595	54.470337242639
5.749622395824595	55.44713724263921
5.8496223958245945	56.42393724263937
5.949622395824594	57.400737242639586
6.049622395824594	58.37753724263973
6.1496223958245935	59.35433724263994
6.249622395824593	60.3311372426401
6.349622395824593	61.30793724264024
6.449622395824592	62.28473724264041
6.549622395824592	63.26153724264054
6.649622395824592	64.23833724264065
6.749622395824591	65.21513724264078
6.849622395824591	66.1919372426409
6.949622395824591	67.16873724264101
7.04962239582459	68.14553724264108
7.14962239582459	69.12233724264121
7.24962239582459	70.09913724264126
7.349622395824589	71.0759372426413
7.449622395824589	72.05273724264141
7.5496223958245885	73.0295372426415
7.649622395824588	74.00633724264154
7.749622395824588	74.98313724264159
7.849622395824587	75.95993724264162
7.949622395824587	76.93673724264166
8.049622395824587	77.91353724264172
8.149622395824586	78.8903372426418
8.249622395824586	79.86713724264183
8.349622395824586	80.84393724264184
8.449622395824585	81.82073724264194
8.549622395824585	82.7975372426419
8.649622395824585	83.77433724264198
8.749622395824584	84.75113724264196
8.849622395824584	85.72793724264197
8.949622395824584	86.70473724264197
9.049622395824583	87.68153724264204
9.149622395824583	88.65833724264199
9.249622395824582	89.63513724264206
9.349622395824582	90.611937242642
9.449622395824582	91.58873724264207
9.549622395824581	92.56553724264204
9.649622395824581	93.54233724264206
9.74962239582458	94.51913724264205
9.84962239582458	95.49593724264209
9.94962239582458	96.47273724264208
10.04962239582458	97.4495372426421
10.14962239582458	98.42633724264213
10.249622395824579	99.40313724264212
10.349622395824579	100.37993724264213
10.449622395824578	101.35673724264213
10.549622395824578	102.3335372426421
10.649622395824577	103.31033724264218
10.749622395824577	104.28713724264222
10.805	104.82806568022768
1000010.805	104.82806568022768
