-100001.1	0
-0.000000000008730793865652231	0
0.0033333333246026164	0.031053141935443052
0.00833333332460251	0.0776328549552543
0.015833333324602572	0.14750242448388615
0.027083333324602554	0.25230677877439744
0.04395833332460253	0.40951331020467513
0.0692708333246026	0.6453231073377457
0.1072395833246027	0.9990378030095752
0.16419270832460264	1.5296098464548145
0.24962239582460266	2.3254679114835914
0.34962239582460275	3.2570621712518144
0.44962239582460284	4.18865643094045
0.5496223958246029	5.120250690621555
0.649622395824603	6.05184495030266
0.7496223958246031	6.983439209983768
0.8496223958246032	7.915033469664875
0.9496223958246031	8.84662772934598
1.0496223958246031	9.778221989027083
1.1496223958246032	10.709816248708186
1.2496223958246033	11.641410508389292
1.3496223958246034	12.573004768070401
1.4496223958246035	13.504599027751512
1.5496223958246036	14.436193287432609
1.6496223958246037	15.367787547113714
1.7496223958246038	16.299381806794816
1.8496223958246039	17.230976066475915
1.949622395824604	18.162570326157038
2.049622395824604	19.094164585838147
2.149622395824604	20.02575884551925
2.249622395824604	20.95735310520034
2.3496223958246043	21.888947364881446
2.4496223958246044	22.82054162456256
2.5496223958246045	23.752135884243664
2.6496223958246046	24.683730143924766
2.7496223958246047	25.61532440360589
2.8496223958246047	26.546918663286984
2.949622395824605	27.478512922968086
3.0496223958246045	28.410107182649202
3.149622395824604	29.34170144233029
3.2496223958246038	30.27329570201139
3.3496223958246034	31.204889961692487
3.449622395824603	32.13648422137361
3.5496223958246027	33.06807848105469
3.6496223958246023	33.9996727407358
3.749622395824602	34.931267000416895
3.8496223958246016	35.86286126009801
3.9496223958246013	36.79445551977913
4.049622395824601	37.72604977946025
4.149622395824601	38.65764403914132
4.2496223958246	39.58923829882238
4.3496223958246	40.52083255850351
4.4496223958245995	41.452426818184605
4.549622395824599	42.3840210778657
4.649622395824599	43.31561533754683
4.749622395824598	44.2472095972279
4.849622395824598	45.17880385690901
4.949622395824598	46.110398116590154
5.049622395824597	47.04199237627134
5.149622395824597	47.97358663595256
5.249622395824597	48.92173632078853
5.349622395824596	49.89853632078863
5.449622395824596	50.87533632078895
5.549622395824596	51.85213632078939
5.649622395824595	52.828936320789836
5.749622395824595	53.80573632079023
5.8496223958245945	54.78253632079064
5.949622395824594	55.75933632079104
6.049622395824594	56.73613632079144
6.1496223958245935	57.71293632079178
6.249622395824593	58.689736320792136
6.349622395824593	59.666536320792474
6.449622395824592	60.6433363207928
6.549622395824592	61.62013632079313
6.649622395824592	62.59693632079347
6.749622395824591	63.57373632079378
6.849622395824591	64.55053632079402
6.949622395824591	65.52733632079432
7.04962239582459	66.50413632079457
7.14962239582459	67.48093632079485
7.24962239582459	68.45773632079505
7.349622395824589	69.43453632079532
7.449622395824589	70.41133632079551
7.5496223958245885	71.38813632079575
7.649622395824588	72.36493632079598
7.749622395824588	73.34173632079614
7.849622395824587	74.3185363207963
7.949622395824587	75.29533632079648
8.049622395824587	76.2721363207966
8.149622395824586	77.24893632079677
8.249622395824586	78.22573632079693
8.349622395824586	79.20253632079705
8.449622395824585	80.17933632079716
8.549622395824585	81.15613632079724
8.649622395824585	82.13293632079737
8.749622395824584	83.10973632079747
8.849622395824584	84.08653632079753
8.949622395824584	85.06333632079756
9.049622395824583	86.04013632079763
9.149622395824583	87.01693632079765
9.249622395824582	87.99373632079772
9.349622395824582	88.97053632079766
9.449622395824582	89.94733632079776
9.549622395824581	90.92413632079779
9.649622395824581	91.90093632079767
9.74962239582458	92.8777363207978
9.84962239582458	93.85453632079778
9.94962239582458	94.83133632079775
10.04962239582458	95.80813632079781
10.14962239582458	96.78493632079783
10.249622395824579	97.7617363207978
10.349622395824579	98.73853632079783
10.449622395824578	99.71533632079776
10.549622395824578	100.6921363207978
10.649622395824577	101.66893632079778
10.749622395824577	102.64573632079784
10.805	103.18666475838334
1000010.805	103.18666475838334
