-100001.1	0
-0.000000000008730793865652231	0
0.0033333333246026164	0.028949227016336662
0.00833333332460251	0.07237306764965547
0.015833333324602572	0.1375088285985476
0.027083333324602554	0.23521247001944998
0.04395833332460253	0.38176793214531357
0.0692708333246026	0.6016011253217648
0.1072395833246027	0.9313509150586633
0.16419270832460264	1.4259755996015064
0.24962239582460266	2.167912626275143
0.34962239582460275	3.0363894382621823
0.44962239582460284	3.9048662500179985
0.5496223958246029	4.773343061542589
0.649622395824603	5.641819872835951
0.7496223958246031	6.5102966839180985
0.8496223958246032	7.378773494878924
0.9496223958246031	8.247250305812948
1.0496223958246031	9.1157271167469
1.1496223958246032	9.984203927680845
1.2496223958246033	10.852680738614803
1.3496223958246034	11.721157549548753
1.4496223958246035	12.589634360482709
1.5496223958246036	13.45811117141666
1.6496223958246037	14.326587982350611
1.7496223958246038	15.195064793284565
1.8496223958246039	16.06354160421852
1.949622395824604	16.93201841515247
2.049622395824604	17.800495226086415
2.149622395824604	18.66897203702038
2.249622395824604	19.537448847954323
2.3496223958246043	20.405925658888282
2.4496223958246044	21.27440246982224
2.5496223958246045	22.142879280756187
2.6496223958246046	23.011356091690132
2.7496223958246047	23.879832902624088
2.8496223958246047	24.748309713558033
2.949622395824605	25.616786524492003
3.0496223958246045	26.485263335425927
3.149622395824604	27.353740146359897
3.2496223958246038	28.22221695729384
3.3496223958246034	29.090693768227794
3.449622395824603	29.95917057916174
3.5496223958246027	30.827647390095684
3.6496223958246023	31.69612420102964
3.749622395824602	32.56460101196359
3.8496223958246016	33.43307782289754
3.9496223958246013	34.3015546338315
4.049622395824601	35.170031444765435
4.149622395824601	36.03850825569938
4.2496223958246	36.90698506663334
4.3496223958246	37.77546187756729
4.4496223958245995	38.643938688501215
4.549622395824599	39.512415499435136
4.649622395824599	40.38089231036904
4.749622395824598	41.24936912130307
4.849622395824598	42.117845932237195
4.949622395824598	42.98632274317143
5.049622395824597	43.8547995541056
5.149622395824597	44.72327636503971
5.249622395824597	45.631423723042566
5.349622395824596	46.60822372304275
5.449622395824596	47.58502372304302
5.549622395824596	48.56182372304346
5.649622395824595	49.538623723043884
5.749622395824595	50.51542372304428
5.8496223958245945	51.492223723044674
5.949622395824594	52.46902372304505
6.049622395824594	53.44582372304536
6.1496223958245935	54.42262372304574
6.249622395824593	55.39942372304606
6.349622395824593	56.37622372304637
6.449622395824592	57.353023723046654
6.549622395824592	58.32982372304693
6.649622395824592	59.3066237230472
6.749622395824591	60.283423723047434
6.849622395824591	61.26022372304767
6.949622395824591	62.237023723047876
7.04962239582459	63.21382372304807
7.14962239582459	64.19062372304825
7.24962239582459	65.16742372304842
7.349622395824589	66.14422372304857
7.449622395824589	67.12102372304871
7.5496223958245885	68.09782372304879
7.649622395824588	69.07462372304894
7.749622395824588	70.05142372304903
7.849622395824587	71.02822372304908
7.949622395824587	72.0050237230492
8.049622395824587	72.9818237230492
8.149622395824586	73.95862372304924
8.249622395824586	74.93542372304927
8.349622395824586	75.91222372304931
8.449622395824585	76.8890237230493
8.549622395824585	77.86582372304929
8.649622395824585	78.84262372304926
8.749622395824584	79.81942372304937
8.849622395824584	80.79622372304928
8.949622395824584	81.77302372304935
9.049622395824583	82.7498237230494
9.149622395824583	83.72662372304944
9.249622395824582	84.70342372304931
9.349622395824582	85.68022372304937
9.449622395824582	86.65702372304936
9.549622395824581	87.63382372304932
9.649622395824581	88.61062372304941
9.74962239582458	89.58742372304943
9.84962239582458	90.56422372304942
9.94962239582458	91.54102372304945
10.04962239582458	92.5178237230494
10.14962239582458	93.49462372304944
10.249622395824579	94.47142372304941
10.349622395824579	95.44822372304941
10.449622395824578	96.42502372304943
10.549622395824578	97.40182372304945
10.649622395824577	98.3786237230495
10.749622395824577	99.3554237230495
10.805	99.89635216063503
1000010.805	99.89635216063503
