-100001.1	0
-0.000000000008730793865652231	0
0.0033333333246026164	0.02789726955678376
0.00833333332460251	0.06974317399685578
0.015833333324602572	0.1325120306558782
0.027083333324602554	0.2266653156419762
0.04395833332460253	0.3678952431156328
0.0692708333246026	0.5797401343137734
0.1072395833246027	0.8975074710832067
0.16419270832460264	1.3741584761748504
0.24962239582460266	2.0891349836716917
0.34962239582460275	2.9260530717938016
0.44962239582460284	3.7629711596846875
0.5496223958246029	4.599889247344343
0.649622395824603	5.4368073347727774
0.7496223958246031	6.273725421969977
0.8496223958246032	7.1106435089359525
0.9496223958246031	7.947561595681297
1.0496223958246031	8.784479682284381
1.1496223958246032	9.621397768845537
1.2496223958246033	10.45831585540592
1.3496223958246034	11.295233941966288
1.4496223958246035	12.132152028526663
1.5496223958246036	12.969070115087039
1.6496223958246037	13.805988201647416
1.7496223958246038	14.642906288207783
1.8496223958246039	15.479824374768164
1.949622395824604	16.31674246132854
2.049622395824604	17.15366054788891
2.149622395824604	17.990578634449296
2.249622395824604	18.827496721009663
2.3496223958246043	19.66441480757003
2.4496223958246044	20.501332894130417
2.5496223958246045	21.338250980690773
2.6496223958246046	22.175169067251165
2.7496223958246047	23.012087153811542
2.8496223958246047	23.849005240371902
2.949622395824605	24.685923326932294
3.0496223958246045	25.522841413492685
3.149622395824604	26.35975950005304
3.2496223958246038	27.196677586613422
3.3496223958246034	28.033595673173767
3.449622395824603	28.870513759734155
3.5496223958246027	29.70743184629452
3.6496223958246023	30.544349932854903
3.749622395824602	31.38126801941528
3.8496223958246016	32.21818610597565
3.9496223958246013	33.055104192536014
4.049622395824601	33.89202227909639
4.149622395824601	34.728940365656754
4.2496223958246	35.56585845221713
4.3496223958246	36.40277653877752
4.4496223958245995	37.239694625337954
4.549622395824599	38.07661271189837
4.649622395824599	38.91353079845875
4.749622395824598	39.75044888501907
4.849622395824598	40.58736697157939
4.949622395824598	41.42428505813974
5.049622395824597	42.26120314470003
5.149622395824597	43.098121231260386
5.249622395824597	43.986267425846805
5.349622395824596	44.96306742584695
5.449622395824596	45.93986742584724
5.549622395824596	46.91666742584762
5.649622395824595	47.89346742584802
5.749622395824595	48.87026742584847
5.8496223958245945	49.84706742584882
5.949622395824594	50.82386742584919
6.049622395824594	51.80066742584952
6.1496223958245935	52.77746742584983
6.249622395824593	53.75426742585012
6.349622395824593	54.73106742585037
6.449622395824592	55.70786742585063
6.549622395824592	56.684667425850876
6.649622395824592	57.66146742585108
6.749622395824591	58.63826742585126
6.849622395824591	59.615067425851436
6.949622395824591	60.59186742585157
7.04962239582459	61.56866742585175
7.14962239582459	62.54546742585184
7.24962239582459	63.52226742585194
7.349622395824589	64.49906742585202
7.449622395824589	65.47586742585213
7.5496223958245885	66.45266742585217
7.649622395824588	67.42946742585221
7.749622395824588	68.40626742585218
7.849622395824587	69.38306742585222
7.949622395824587	70.35986742585226
8.049622395824587	71.33666742585223
8.149622395824586	72.31346742585227
8.249622395824586	73.29026742585229
8.349622395824586	74.26706742585226
8.449622395824585	75.2438674258523
8.549622395824585	76.22066742585228
8.649622395824585	77.19746742585228
8.749622395824584	78.17426742585234
8.849622395824584	79.1510674258523
8.949622395824584	80.12786742585233
9.049622395824583	81.10466742585233
9.149622395824583	82.08146742585234
9.249622395824582	83.05826742585238
9.349622395824582	84.03506742585238
9.449622395824582	85.01186742585242
9.549622395824581	85.98866742585234
9.649622395824581	86.9654674258524
9.74962239582458	87.9422674258524
9.84962239582458	88.91906742585236
9.94962239582458	89.89586742585242
10.04962239582458	90.87266742585237
10.14962239582458	91.84946742585242
10.249622395824579	92.82626742585242
10.349622395824579	93.80306742585243
10.449622395824578	94.77986742585242
10.549622395824578	95.75666742585241
10.649622395824577	96.73346742585248
10.749622395824577	97.71026742585249
10.805	98.25119586343801
1000010.805	98.25119586343801
