-100001.1	0
-0.000000000008730793865652231	0
0.0033333333246026164	0.02263748225901902
0.00833333332460251	0.05659370573285756
0.015833333324602572	0.10752804094253286
0.027083333324602554	0.18392954375460654
0.04395833332460253	0.2985317979672297
0.0692708333246026	0.4704351792738193
0.1072395833246027	0.7282902512059252
0.16419270832460264	1.1150728590415795
0.24962239582460266	1.695246770654434
0.34962239582460275	2.374371239451899
0.44962239582460284	3.0534957080181395
0.5496223958246029	3.7326201763531475
0.649622395824603	4.411744644456931
0.7496223958246031	5.090869112329485
0.8496223958246032	5.769993579970813
0.9496223958246031	6.449118047380912
1.0496223958246031	7.128242514559786
1.1496223958246032	7.807366981507437
1.2496223958246033	8.486491448223857
1.3496223958246034	9.16561591470904
1.4496223958246035	9.844740380963017
1.5496223958246036	10.523864846985752
1.6496223958246037	11.202989312777254
1.7496223958246038	11.882113778337535
1.8496223958246039	12.5612382436666
1.949622395824604	13.240362708764428
2.049622395824604	13.919487173641665
2.149622395824604	14.598611638376774
2.249622395824604	15.277736103070037
2.3496223958246043	15.956860567762527
2.4496223958246044	16.63598503245502
2.5496223958246045	17.315109497147514
2.6496223958246046	17.994233961840003
2.7496223958246047	18.673358426532502
2.8496223958246047	19.35248289122499
2.949622395824605	20.031607355917483
3.0496223958246045	20.710731820609983
3.149622395824604	21.38985628530244
3.2496223958246038	22.068980749994854
3.3496223958246034	22.748105214687232
3.449622395824603	23.42722967937986
3.5496223958246027	24.10635414407277
3.6496223958246023	24.785478608765793
3.749622395824602	25.464603073458825
3.8496223958246016	26.143727538151886
3.9496223958246013	26.822852002844947
4.049622395824601	27.50197646753801
4.149622395824601	28.181100932231057
4.2496223958246	28.86022539692409
4.3496223958246	29.539349861617104
4.4496223958245995	30.218474326310076
4.549622395824599	30.89759879100303
4.649622395824599	31.57672325569593
4.749622395824598	32.255847720388786
4.849622395824598	32.93497218508159
4.949622395824598	33.614096649774325
5.049622395824597	34.29322111446697
5.149622395824597	34.972345579159565
5.249622395824597	35.754523830623874
5.349622395824596	36.71504383062366
5.449622395824596	37.6755638306235
5.549622395824596	38.63608383062345
5.649622395824595	39.596603830623486
5.749622395824595	40.55712383062358
5.8496223958245945	41.517643830623626
5.949622395824594	42.4781638306237
6.049622395824594	43.43868383062379
6.1496223958245935	44.39920383062388
6.249622395824593	45.35972383062395
6.349622395824593	46.32024383062399
6.449622395824592	47.28076383062407
6.549622395824592	48.241283830624134
6.649622395824592	49.20180383062419
6.749622395824591	50.162323830624246
6.849622395824591	51.122843830624305
6.949622395824591	52.08336383062435
7.04962239582459	53.04388383062443
7.14962239582459	54.00440383062448
7.24962239582459	54.96492383062453
7.349622395824589	55.92544383062458
7.449622395824589	56.88596383062463
7.5496223958245885	57.84648383062468
7.649622395824588	58.807003830624744
7.749622395824588	59.76752383062474
7.849622395824587	60.72804383062479
7.949622395824587	61.68856383062486
8.049622395824587	62.64908383062485
8.149622395824586	63.609603830624955
8.249622395824586	64.57012383062502
8.349622395824586	65.53064383062504
8.449622395824585	66.49116383062508
8.549622395824585	67.45168383062511
8.649622395824585	68.41220383062517
8.749622395824584	69.3727238306252
8.849622395824584	70.33324383062526
8.949622395824584	71.29376383062521
9.049622395824583	72.2542838306253
9.149622395824583	73.21480383062533
9.249622395824582	74.17532383062529
9.349622395824582	75.13584383062536
9.449622395824582	76.09636383062535
9.549622395824581	77.05688383062542
9.649622395824581	78.0174038306254
9.74962239582458	78.97792383062543
9.84962239582458	79.93844383062547
9.94962239582458	80.89896383062545
10.04962239582458	81.85948383062548
10.14962239582458	82.82000383062545
10.249622395824579	83.78052383062554
10.349622395824579	84.74104383062551
10.449622395824578	85.7015638306255
10.549622395824578	86.66208383062552
10.649622395824577	87.62260383062555
10.749622395824577	88.5831238306255
10.805	89.11503679425145
1000010.805	89.11503679425145
