-100001.1	0
-0.000000000008730793865652231	0
0.0033333333246026164	0.021585524799465676
0.00833333332460251	0.053963812080058245
0.015833333324602572	0.10253124299986385
0.027083333324602554	0.17538238937713221
0.04395833332460253	0.2846591089375489
0.0692708333246026	0.44857418826582823
0.1072395833246027	0.6944468072304687
0.16419270832460264	1.0632557356149248
0.24962239582460266	1.6164691280509824
0.34962239582460275	2.264034872983515
0.44962239582460284	2.9116006176848233
0.5496223958246029	3.5591663621549037
0.649622395824603	4.2067321063937575
0.7496223958246031	4.854297850401386
0.8496223958246032	5.501863594177781
0.9496223958246031	6.149429337722951
1.0496223958246031	6.796995081036897
1.1496223958246032	7.444560824119616
1.2496223958246033	8.092126566971103
1.3496223958246034	8.73969230959136
1.4496223958246035	9.387258051980403
1.5496223958246036	10.03482379413821
1.6496223958246037	10.682389536064784
1.7496223958246038	11.329955277760149
1.8496223958246039	11.977521019224271
1.949622395824604	12.625086760457163
2.049622395824604	13.272652501458841
2.149622395824604	13.92021824222928
2.249622395824604	14.567783982773244
2.3496223958246043	15.215349723154784
2.4496223958246044	15.862915463476654
2.5496223958246045	16.510481203795567
2.6496223958246046	17.158046944114485
2.7496223958246047	17.805612684433402
2.8496223958246047	18.453178424752306
2.949622395824605	19.100744165071223
3.0496223958246045	19.748309905390116
3.149622395824604	20.395875645709026
3.2496223958246038	21.043441386028086
3.3496223958246034	21.69100712634725
3.449622395824603	22.338572866666468
3.5496223958246027	22.98613860698567
3.6496223958246023	23.633704347304892
3.749622395824602	24.281270087624108
3.8496223958246016	24.928835827943306
3.9496223958246013	25.57640156826252
4.049622395824601	26.223967308581702
4.149622395824601	26.871533048900883
4.2496223958246	27.51909878922006
4.3496223958246	28.166664529539204
4.4496223958245995	28.814230269858353
4.549622395824599	29.46179601017748
4.649622395824599	30.109361750496554
4.749622395824598	30.75692749081563
4.849622395824598	31.404493231134676
4.949622395824598	32.0520589714537
5.049622395824597	32.69962471177268
5.149622395824597	33.347190452091624
5.249622395824597	34.09744328806096
5.349622395824596	35.0254032880607
5.449622395824596	35.953363288060494
5.549622395824596	36.88132328806042
5.649622395824595	37.80928328806038
5.749622395824595	38.73724328806042
5.8496223958245945	39.66520328806038
5.949622395824594	40.59316328806039
6.049622395824594	41.52112328806038
6.1496223958245935	42.449083288060386
6.249622395824593	43.37704328806043
6.349622395824593	44.30500328806042
6.449622395824592	45.23296328806044
6.549622395824592	46.16092328806046
6.649622395824592	47.08888328806045
6.749622395824591	48.01684328806046
6.849622395824591	48.94480328806045
6.949622395824591	49.87276328806049
7.04962239582459	50.80072328806049
7.14962239582459	51.72868328806047
7.24962239582459	52.656643288060536
7.349622395824589	53.58460328806052
7.449622395824589	54.51256328806052
7.5496223958245885	55.44052328806051
7.649622395824588	56.36848328806057
7.749622395824588	57.29644328806055
7.849622395824587	58.224403288060564
7.949622395824587	59.15236328806058
8.049622395824587	60.08032328806059
8.149622395824586	61.008283288060596
8.249622395824586	61.936243288060616
8.349622395824586	62.864203288060615
8.449622395824585	63.7921632880606
8.549622395824585	64.72012328806062
8.649622395824585	65.64808328806062
8.749622395824584	66.5760432880606
8.849622395824584	67.50400328806063
8.949622395824584	68.43196328806062
9.049622395824583	69.35992328806066
9.149622395824583	70.28788328806066
9.249622395824582	71.21584328806068
9.349622395824582	72.14380328806067
9.449622395824582	73.07176328806067
9.549622395824581	73.99972328806072
9.649622395824581	74.92768328806065
9.74962239582458	75.85564328806063
9.84962239582458	76.78360328806075
9.94962239582458	77.71156328806073
10.04962239582458	78.63952328806072
10.14962239582458	79.56748328806079
10.249622395824579	80.49544328806074
10.349622395824579	81.42340328806074
10.449622395824578	82.35136328806081
10.549622395824578	83.27932328806077
10.649622395824577	84.2072832880608
10.749622395824577	85.13524328806076
10.805	85.64912530376705
1000010.805	85.64912530376705
