-100001.1	0
-0.000000000008730793865652231	0
0.0033333333246026164	0.017377694961253614
0.00833333332460251	0.04344423746885987
0.015833333324602572	0.08254405122918622
0.027083333324602554	0.1411937718672375
0.04395833332460253	0.22916835281882622
0.0692708333246026	0.36113022423386404
0.1072395833246027	0.5590730313286426
0.16419270832460264	0.8559872419083064
0.24962239582460266	1.3013585576371764
0.34962239582460275	1.8226894071099922
0.44962239582460284	2.3440202563515817
0.5496223958246029	2.86535110536194
0.649622395824603	3.386681954141077
0.7496223958246031	3.908012802688985
0.8496223958246032	4.429343651005666
0.9496223958246031	4.950674499091115
1.0496223958246031	5.472005346945343
1.1496223958246032	5.993336194568341
1.2496223958246033	6.514667041960111
1.3496223958246034	7.035997889120658
1.4496223958246035	7.557328736049976
1.5496223958246036	8.078659582752028
1.6496223958246037	8.599990429268402
1.7496223958246038	9.121321275661415
1.8496223958246039	9.642652121993658
1.949622395824604	10.163982968316226
2.049622395824604	10.685313814638654
2.149622395824604	11.206644660961022
2.249622395824604	11.72797550728339
2.3496223958246043	12.249306353605819
2.4496223958246044	12.77063719992846
2.5496223958246045	13.29196804625151
2.6496223958246046	13.845404584577151
2.7496223958246047	14.447764584577298
2.8496223958246047	15.050124584577567
2.949622395824605	15.652484584577996
3.0496223958246045	16.25484458457849
3.149622395824604	16.85720458457891
3.2496223958246038	17.45956458457927
3.3496223958246034	18.061924584579568
3.449622395824603	18.664284584579804
3.5496223958246027	19.266644584579993
3.6496223958246023	19.86900458458011
3.749622395824602	20.47136458458021
3.8496223958246016	21.07372458458027
3.9496223958246013	21.676084584580313
4.049622395824601	22.27844458458032
4.149622395824601	22.880804584580325
4.2496223958246	23.483164584580333
4.3496223958246	24.085524584580337
4.4496223958245995	24.687884584580345
4.549622395824599	25.290244584580353
4.649622395824599	25.89260458458035
4.749622395824598	26.494964584580366
4.849622395824598	27.09732458458036
4.949622395824598	27.699684584580364
5.049622395824597	28.302044584580383
5.149622395824597	28.904404584580387
5.249622395824597	29.578310097063323
5.349622395824596	30.376030097063328
5.449622395824596	31.173750097063337
5.549622395824596	31.971470097063346
5.649622395824595	32.76919009706332
5.749622395824595	33.56691009706336
5.8496223958245945	34.364630097063376
5.949622395824594	35.16235009706336
6.049622395824594	35.960070097063344
6.1496223958245935	36.75779009706338
6.249622395824593	37.55551009706338
6.349622395824593	38.35323009706338
6.449622395824592	39.1509500970634
6.549622395824592	39.94867009706341
6.649622395824592	40.746390097063426
6.749622395824591	41.544110097063424
6.849622395824591	42.341830097063436
6.949622395824591	43.13955009706345
7.04962239582459	43.937270097063454
7.14962239582459	44.73499009706343
7.24962239582459	45.53271009706344
7.349622395824589	46.330430097063484
7.449622395824589	47.128150097063504
7.5496223958245885	47.92587009706344
7.649622395824588	48.72359009706347
7.749622395824588	49.521310097063484
7.849622395824587	50.319030097063504
7.949622395824587	51.11675009706349
8.049622395824587	51.91447009706362
8.149622395824586	52.71219009706364
8.249622395824586	53.50991009706366
8.349622395824586	54.30763009706366
8.449622395824585	55.10535009706369
8.549622395824585	55.90307009706373
8.649622395824585	56.70079009706373
8.749622395824584	57.49851009706371
8.849622395824584	58.29623009706374
8.949622395824584	59.09395009706375
9.049622395824583	59.89167009706377
9.149622395824583	60.68939009706378
9.249622395824582	61.487110097063784
9.349622395824582	62.28483009706379
9.449622395824582	63.0825500970638
9.549622395824581	63.88027009706381
9.649622395824581	64.67799009706381
9.74962239582458	65.47571009706384
9.84962239582458	66.2734300970638
9.94962239582458	67.07115009706386
10.04962239582458	67.86887009706386
10.14962239582458	68.66659009706392
10.249622395824579	69.46431009706387
10.349622395824579	70.26203009706391
10.449622395824578	71.05975009706393
10.549622395824578	71.85747009706388
10.649622395824577	72.65519009706394
10.749622395824577	73.45291009706393
10.805	73.8946683210921
1000010.805	73.8946683210921
