-100001.1	0
-0.000000000008730793865652231	0
0.0033333333246026164	0.016325737501700553
0.00833333332460251	0.040814343816060396
0.015833333324602572	0.07754725328651711
0.027083333324602554	0.132646617489764
0.04395833332460253	0.21529566378914583
0.0692708333246026	0.33926923322587377
0.1072395833246027	0.5252295873531868
0.16419270832460264	0.8041701184816531
0.24962239582460266	1.2225809150337257
0.34962239582460275	1.7123530406416119
0.44962239582460284	2.2021251660182735
0.5496223958246029	2.691897291163707
0.649622395824603	3.1816694160779155
0.7496223958246031	3.671441540760887
0.8496223958246032	4.16121366521264
0.9496223958246031	4.650985789433162
1.0496223958246031	5.14075791342246
1.1496223958246032	5.630530037181288
1.2496223958246033	6.120302160737086
1.3496223958246034	6.610074284150427
1.4496223958246035	7.099846407483891
1.5496223958246036	7.589618530796139
1.6496223958246037	8.079390654108174
1.7496223958246038	8.569162777420226
1.8496223958246039	9.058934900732302
1.949622395824604	9.548707024044399
2.049622395824604	10.038479147356533
2.149622395824604	10.528251270668715
2.249622395824604	11.018023393980936
2.3496223958246043	11.507795517293165
2.4496223958246044	11.997567640605375
2.5496223958246045	12.487339763917525
2.6496223958246046	13.021721901380351
2.7496223958246047	13.62408190138049
2.8496223958246047	14.226441901380758
2.949622395824605	14.828801901381203
3.0496223958246045	15.43116190138161
3.149622395824604	16.033521901381846
3.2496223958246038	16.635881901382007
3.3496223958246034	17.238241901382086
3.449622395824603	17.840601901382144
3.5496223958246027	18.44296190138215
3.6496223958246023	19.045321901382177
3.749622395824602	19.647681901382164
3.8496223958246016	20.250041901382186
3.9496223958246013	20.852401901382184
4.049622395824601	21.45476190138218
4.149622395824601	22.057121901382203
4.2496223958246	22.65948190138219
4.3496223958246	23.26184190138221
4.4496223958245995	23.864201901382216
4.549622395824599	24.466561901382207
4.649622395824599	25.068921901382215
4.749622395824598	25.671281901382216
4.849622395824598	26.27364190138222
4.949622395824598	26.87600190138224
5.049622395824597	27.47836190138224
5.149622395824597	28.08072190138225
5.249622395824597	28.742703161784714
5.349622395824596	29.507863161784705
5.449622395824596	30.273023161784707
5.549622395824596	31.038183161784723
5.649622395824595	31.803343161784717
5.749622395824595	32.568503161784754
5.8496223958245945	33.33366316178473
5.949622395824594	34.098823161784765
6.049622395824594	34.86398316178475
6.1496223958245935	35.62914316178478
6.249622395824593	36.394303161784755
6.349622395824593	37.15946316178478
6.449622395824592	37.92462316178479
6.549622395824592	38.689783161784796
6.649622395824592	39.454943161784804
6.749622395824591	40.22010316178477
6.849622395824591	40.985263161784786
6.949622395824591	41.750423161784816
7.04962239582459	42.51558316178486
7.14962239582459	43.28074316178481
7.24962239582459	44.045903161784864
7.349622395824589	44.81106316178485
7.449622395824589	45.576223161784874
7.5496223958245885	46.34138316178489
7.649622395824588	47.10654316178487
7.749622395824588	47.87170316178485
7.849622395824587	48.636863161784845
7.949622395824587	49.40202316178489
8.049622395824587	50.1671831617849
8.149622395824586	50.9323431617849
8.249622395824586	51.69750316178489
8.349622395824586	52.46266316178485
8.449622395824585	53.22782316178488
8.549622395824585	53.992983161784935
8.649622395824585	54.75814316178492
8.749622395824584	55.52330316178494
8.849622395824584	56.28846316178493
8.949622395824584	57.05362316178495
9.049622395824583	57.81878316178497
9.149622395824583	58.583943161784966
9.249622395824582	59.349103161784974
9.349622395824582	60.11426316178501
9.449622395824582	60.879423161784956
9.549622395824581	61.64458316178499
9.649622395824581	62.40974316178499
9.74962239582458	63.17490316178496
9.84962239582458	63.94006316178499
9.94962239582458	64.70522316178496
10.04962239582458	65.47038316178504
10.14962239582458	66.2355431617851
10.249622395824579	67.00070316178507
10.349622395824579	67.76586316178508
10.449622395824578	68.53102316178507
10.549622395824578	69.29618316178508
10.649622395824577	70.0613431617851
10.749622395824577	70.82650316178507
10.805	71.25023043789376
1000010.805	71.25023043789376
