-100001.1	0
-0.000000000008730793865652231	0
0.0033333333246026164	0.01527378004214746
0.00833333332460251	0.03818445016326088
0.015833333324602572	0.07255045534384794
0.027083333324602554	0.12409946311228996
0.04395833332460253	0.2014229747594651
0.0692708333246026	0.31740824221788255
0.1072395833246027	0.49138614337773034
0.16419270832460264	0.7523529950549989
0.24962239582460266	1.1438032724302734
0.34962239582460275	1.602016674173231
0.44962239582460284	2.0602300756849616
0.5496223958246029	2.5184434769654644
0.649622395824603	2.976656878014742
0.7496223958246031	3.434870278832804
0.8496223958246032	3.8930836794338965
0.9496223958246031	4.351297079873274
1.0496223958246031	4.809510480213544
1.1496223958246032	5.267723880516552
1.2496223958246033	5.725937280817467
1.3496223958246034	6.1841506811183535
1.4496223958246035	6.642364081419218
1.5496223958246036	7.1005774817200615
1.6496223958246037	7.558790882020894
1.7496223958246038	8.017004282321714
1.8496223958246039	8.47521768262253
1.949622395824604	8.933431082923349
2.049622395824604	9.39164448322418
2.149622395824604	9.84985788352505
2.249622395824604	10.30807128382597
2.3496223958246043	10.766284684126926
2.4496223958246044	11.224498084427909
2.5496223958246045	11.682711484728907
2.6496223958246046	12.198039221329623
2.7496223958246047	12.800399221329748
2.8496223958246047	13.402759221329957
2.949622395824605	14.005119221330201
3.0496223958246045	14.607479221330456
3.149622395824604	15.209839221330725
3.2496223958246038	15.812199221330951
3.3496223958246034	16.414559221331157
3.449622395824603	17.01691922133135
3.5496223958246027	17.61927922133151
3.6496223958246023	18.221639221331664
3.749622395824602	18.823999221331796
3.8496223958246016	19.426359221331914
3.9496223958246013	20.02871922133201
4.049622395824601	20.631079221332087
4.149622395824601	21.233439221332162
4.2496223958246	21.835799221332227
4.3496223958246	22.438159221332278
4.4496223958245995	23.040519221332335
4.549622395824599	23.642879221332354
4.649622395824599	24.24523922133239
4.749622395824598	24.847599221332402
4.849622395824598	25.449959221332414
4.949622395824598	26.052319221332443
5.049622395824597	26.654679221332437
5.149622395824597	27.25703922133246
5.249622395824597	27.907096229654403
5.349622395824596	28.639696229654405
5.449622395824596	29.372296229654406
5.549622395824596	30.10489622965441
5.649622395824595	30.837496229654434
5.749622395824595	31.570096229654425
5.8496223958245945	32.302696229654444
5.949622395824594	33.035296229654456
6.049622395824594	33.767896229654454
6.1496223958245935	34.500496229654466
6.249622395824593	35.23309622965447
6.349622395824593	35.96569622965449
6.449622395824592	36.69829622965448
6.549622395824592	37.430896229654515
6.649622395824592	38.16349622965447
6.749622395824591	38.8960962296545
6.849622395824591	39.62869622965452
6.949622395824591	40.36129622965447
7.04962239582459	41.093896229654526
7.14962239582459	41.82649622965453
7.24962239582459	42.559096229654564
7.349622395824589	43.29169622965455
7.449622395824589	44.02429622965457
7.5496223958245885	44.75689622965456
7.649622395824588	45.48949622965454
7.749622395824588	46.222096229654596
7.849622395824587	46.95469622965456
7.949622395824587	47.68729622965457
8.049622395824587	48.41989622965445
8.149622395824586	49.15249622965447
8.249622395824586	49.88509622965442
8.349622395824586	50.617696229654456
8.449622395824585	51.35029622965444
8.549622395824585	52.08289622965444
8.649622395824585	52.815496229654485
8.749622395824584	53.54809622965444
8.849622395824584	54.28069622965446
8.949622395824584	55.01329622965448
9.049622395824583	55.745896229654456
9.149622395824583	56.47849622965447
9.249622395824582	57.21109622965448
9.349622395824582	57.943696229654435
9.449622395824582	58.67629622965449
9.549622395824581	59.40889622965451
9.649622395824581	60.141496229654514
9.74962239582458	60.874096229654526
9.84962239582458	61.60669622965453
9.94962239582458	62.339296229654494
10.04962239582458	63.07189622965444
10.14962239582458	63.80449622965452
10.249622395824579	64.5370962296545
10.349622395824579	65.2696962296545
10.449622395824578	66.00229622965453
10.549622395824578	66.73489622965452
10.649622395824577	67.46749622965456
10.749622395824577	68.20009622965455
10.805	68.60579255784367
1000010.805	68.60579255784367
