-100001.1	0
-0.000000000008730793865652231	0
0.0033333333246026164	0.014221822582594357
0.00833333332460251	0.035554556510461334
0.015833333324602572	0.06755365740117862
0.027083333324602554	0.11555230873481606
0.04395833332460253	0.18755028572978416
0.0692708333246026	0.29554725120989145
0.1072395833246027	0.4575426994022732
0.16419270832460264	0.7005358716283436
0.24962239582460266	1.065025629826821
0.34962239582460275	1.4916803077048477
0.44962239582460284	1.9183349853570577
0.5496223958246029	2.3449896628284024
0.649622395824603	2.7716443401814033
0.7496223958246031	3.1982990174786416
0.8496223958246032	3.6249536947684784
0.9496223958246031	4.051608372058267
1.0496223958246031	4.4782630493480236
1.1496223958246032	4.904917726637762
1.2496223958246033	5.331572403927494
1.3496223958246034	5.75822708121723
1.4496223958246035	6.184881758506985
1.5496223958246036	6.611536435796772
1.6496223958246037	7.038191113086602
1.7496223958246038	7.464845790376489
1.8496223958246039	7.891500467666441
1.949622395824604	8.31815514495648
2.049622395824604	8.744809822246577
2.149622395824604	9.17146449953672
2.249622395824604	9.598119176826884
2.3496223958246043	10.02477385411704
2.4496223958246044	10.451428531407165
2.5496223958246045	10.878083208697234
2.6496223958246046	11.36673319547909
2.7496223958246047	11.94985319547909
2.8496223958246047	12.532973195479189
2.949622395824605	13.11609319547937
3.0496223958246045	13.699213195479572
3.149622395824604	14.28233319547978
3.2496223958246038	14.865453195479981
3.3496223958246034	15.448573195480218
3.449622395824603	16.03169319548043
3.5496223958246027	16.614813195480647
3.6496223958246023	17.19793319548086
3.749622395824602	17.781053195481054
3.8496223958246016	18.364173195481225
3.9496223958246013	18.947293195481393
4.049622395824601	19.53041319548153
4.149622395824601	20.11353319548164
4.2496223958246	20.696653195481737
4.3496223958246	21.279773195481823
4.4496223958245995	21.862893195481888
4.549622395824599	22.446013195481935
4.649622395824599	23.029133195481954
4.749622395824598	23.61225319548199
4.849622395824598	24.195373195482016
4.949622395824598	24.77849319548202
5.049622395824597	25.361613195482033
5.149622395824597	25.944733195482037
5.249622395824597	26.570672100680138
5.349622395824596	27.27071210068019
5.449622395824596	27.970752100680173
5.549622395824596	28.67079210068019
5.649622395824595	29.370832100680197
5.749622395824595	30.07087210068022
5.8496223958245945	30.770912100680203
5.949622395824594	31.470952100680222
6.049622395824594	32.1709921006802
6.1496223958245935	32.87103210068022
6.249622395824593	33.57107210068021
6.349622395824593	34.27111210068022
6.449622395824592	34.971152100680236
6.549622395824592	35.671192100680244
6.649622395824592	36.37123210068026
6.749622395824591	37.071272100680275
6.849622395824591	37.771312100680284
6.949622395824591	38.471352100680285
7.04962239582459	39.171392100680286
7.14962239582459	39.8714321006803
7.24962239582459	40.57147210068029
7.349622395824589	41.27151210068032
7.449622395824589	41.97155210068033
7.5496223958245885	42.67159210068033
7.649622395824588	43.37163210068029
7.749622395824588	44.07167210068033
7.849622395824587	44.77171210068031
7.949622395824587	45.47175210068035
8.049622395824587	46.17179210068033
8.149622395824586	46.87183210068032
8.249622395824586	47.57187210068038
8.349622395824586	48.271912100680375
8.449622395824585	48.971952100680355
8.549622395824585	49.67199210068036
8.649622395824585	50.37203210068036
8.749622395824584	51.07207210068039
8.849622395824584	51.772112100680395
8.949622395824584	52.47215210068038
9.049622395824583	53.17219210068041
9.149622395824583	53.87223210068039
9.249622395824582	54.57227210068044
9.349622395824582	55.2723121006804
9.449622395824582	55.97235210068042
9.549622395824581	56.67239210068043
9.649622395824581	57.37243210068043
9.74962239582458	58.072472100680486
9.84962239582458	58.77251210068044
9.94962239582458	59.47255210068047
10.04962239582458	60.17259210068045
10.14962239582458	60.87263210068049
10.249622395824579	61.57267210068048
10.349622395824579	62.27271210068045
10.449622395824578	62.97275210068048
10.549622395824578	63.67279210068051
10.649622395824577	64.37283210068047
10.749622395824577	65.07287210068047
10.805	65.46053748095017
1000010.805	65.46053748095017
