-100001.1	0
-0.000000000008730793865652231	0
0.0033333333246026164	0.01316986512924664
0.00833333332460251	0.032924662863872814
0.015833333324602572	0.0625568594647557
0.027083333324602554	0.10700515436375464
0.04395833332460253	0.17367759670719515
0.0692708333246026	0.2736862602115743
0.1072395833246027	0.4236992554458924
0.16419270832460264	0.6487187482540877
0.24962239582460266	0.9862479873918932
0.34962239582460275	1.3813439416886522
0.44962239582460284	1.7764398959676875
0.5496223958246029	2.171535850246643
0.649622395824603	2.566631804525604
0.7496223958246031	2.9617277588045714
0.8496223958246032	3.3568237130835463
0.9496223958246031	3.7519196673625284
1.0496223958246031	4.1470156216415255
1.1496223958246032	4.542111575920536
1.2496223958246033	4.937207530199564
1.3496223958246034	5.332303484478611
1.4496223958246035	5.7273994387576765
1.5496223958246036	6.122495393036763
1.6496223958246037	6.517591347315865
1.7496223958246038	6.912687301594966
1.8496223958246039	7.307783255874066
1.949622395824604	7.702879210153165
2.049622395824604	8.097975164432247
2.149622395824604	8.493071118711324
2.249622395824604	8.888167072990383
2.3496223958246043	9.283263027269415
2.4496223958246044	9.678358981548433
2.5496223958246045	10.073454935827419
2.6496223958246046	10.527458104430147
2.7496223958246047	11.06814074216741
2.8496223958246047	11.604340486817307
2.949622395824605	12.135986274289147
3.0496223958246045	12.663005971703663
3.149622395824604	13.185327446181581
3.2496223958246038	13.702878564843607
3.3496223958246034	14.215587194810466
3.449622395824603	14.723381203202884
3.5496223958246027	15.226188457141573
3.6496223958246023	15.723936823747243
3.749622395824602	16.216554170140626
3.8496223958246016	16.70396836344242
3.9496223958246013	17.19669564745996
4.049622395824601	17.68023168969094
4.149622395824601	18.159933803642055
4.2496223958246	18.635877640869623
4.3496223958246	19.10813885292999
4.4496223958245995	19.57679309137943
4.549622395824599	20.041916007774276
4.649622395824599	20.503583253670868
4.749622395824598	20.961870480625493
4.849622395824598	21.416853340194493
4.949622395824598	21.86860748393419
5.049622395824597	22.317208563400865
5.149622395824597	22.76273223015087
5.249622395824597	23.15204904945581
5.349622395824596	23.818068078372345
5.449622395824596	24.4840871072889
5.549622395824596	25.150106136205455
5.649622395824595	25.81612516512198
5.749622395824595	26.48214419403855
5.8496223958245945	27.148163222955112
5.949622395824594	27.814182251871646
6.049622395824594	28.48020128078819
6.1496223958245935	29.146220309704756
6.249622395824593	29.812239338621307
6.349622395824593	30.478258367537865
6.449622395824592	31.1442773964544
6.549622395824592	31.810296425370943
6.649622395824592	32.47631545428753
6.749622395824591	33.14233448320406
6.849622395824591	33.80835351212062
6.949622395824591	34.47437254103717
7.04962239582459	35.140391569953714
7.14962239582459	35.806410598870286
7.24962239582459	36.47242962778682
7.349622395824589	37.13844865670336
7.449622395824589	37.804467685619926
7.5496223958245885	38.47048671453648
7.649622395824588	39.13650574345302
7.749622395824588	39.80252477236957
7.849622395824587	40.46854380128613
7.949622395824587	41.13456283020268
8.049622395824587	41.800581859119106
8.149622395824586	42.466600888035664
8.249622395824586	43.13261991695218
8.349622395824586	43.79863894586876
8.449622395824585	44.46465797478526
8.549622395824585	45.13067700370184
8.649622395824585	45.7966960326184
8.749622395824584	46.462715061534915
8.849622395824584	47.12873409045145
8.949622395824584	47.79475311936801
9.049622395824583	48.4607721482846
9.149622395824583	49.1267911772011
9.249622395824582	49.79281020611764
9.349622395824582	50.4588292350342
9.449622395824582	51.12484826395073
9.549622395824581	51.790867292867304
9.649622395824581	52.456886321783855
9.74962239582458	53.1229053507004
9.84962239582458	53.788924379616965
9.94962239582458	54.454943408533516
10.04962239582458	55.120962437450046
10.14962239582458	55.78698146636658
10.249622395824579	56.45355893626004
10.349622395824579	57.13418767601114
10.449622395824578	57.81481641576221
10.549622395824578	58.49544515551335
10.649622395824577	59.17607389526449
10.749622395824577	59.85670263501564
10.805	60.12605014548685
1000010.805	60.12605014548685
