-100001.1	0
-0.000000000008730793865652231	0
0.0033333333246026164	0.0000000000000000961786915083771
0.00833333332460251	0.00000000000000024069365670104375
0.015833333324602572	0.0000000000000004580216918855892
0.027083333324602554	0.0000000000000007852638163023894
0.04395833332460253	0.0000000000000010788099588557155
0.0692708333246026	0.0000000000000020257819235175986
0.1072395833246027	0.0000000000000031602844098918043
0.16419270832460264	0.0000000000000048940761083198
0.24962239582460266	0.000000000000007566849085911874
0.34962239582460275	0.000000000000009213632127419764
0.44962239582460284	0.000000000000012115399774998898
0.5496223958246029	0.000000000000015135692733627312
0.649622395824603	0.000000000000021232055768251747
0.7496223958246031	0.000000000000018775625487313304
0.8496223958246032	0.000000000000021661994044013466
0.9496223958246031	0.000000000000024638212112976288
1.0496223958246031	0.000000000000027704279694201775
1.1496223958246032	0.00000000000003086019678768993
1.2496223958246033	0.00000000000003410596339344075
1.3496223958246034	0.000000000000022131796368256642
1.4496223958246035	0.000000000000023786861689533844
1.5496223958246036	0.000000000000024992052627908042
1.6496223958246037	0.00000000000002610617588330905
1.7496223958246038	0.000000000000027197041342159005
1.8496223958246039	0.00000000000002826464900445789
1.949622395824604	0.000000000000029308998870205724
2.049622395824604	0.00000000000003336300593379774
2.149622395824604	0.00000000000003479812717993548
2.249622395824604	0.00000000000003622825738514486
2.3496223958246043	0.00000000000003765339654942586
2.4496223958246044	0.00000000000003907354467277852
2.5496223958246045	0.00000000000004048870175520281
2.6496223958246046	0.000000000000031053497612695384
2.7496223958246047	0.00000000000003477200661128544
2.8496223958246047	0.0000000000000384905156098755
2.949622395824605	0.000000000000042209024608465553
3.0496223958246045	0.0000000000000459275336070556
3.149622395824604	0.000000000000049646042605645645
3.2496223958246038	0.000000000000053364551604235685
3.3496223958246034	0.00000000000005708306060282573
3.449622395824603	0.00000000000006080156960141578
3.5496223958246027	0.00000000000006452007860000582
3.6496223958246023	0.00000000000006823858759859586
3.749622395824602	0.00000000000007195709659718593
3.8496223958246016	0.00000000000007567560559577595
3.9496223958246013	0.00000000000007939411459436601
4.049622395824601	0.00000000000008311262359295603
4.149622395824601	0.0000000000000868311325915461
4.2496223958246	0.00000000000009054964159013614
4.3496223958246	0.00000000000009426815058872619
4.4496223958245995	0.00000000000009798665958731626
4.549622395824599	0.00000000000010170516858590626
4.649622395824599	0.00000000000010542367758449628
4.749622395824598	0.00000000000010914218658308634
4.849622395824598	0.00000000000011286069558167641
4.949622395824598	0.00000000000011657920458026643
5.049622395824597	0.0000000000001202977135788565
5.149622395824597	0.0000000000001240162225774465
5.249622395824597	0.00000000000016694218788559124
5.349622395824596	0.00000000000017080532611017699
5.449622395824596	0.00000000000017466846433476286
5.549622395824596	0.00000000000017853160255934858
5.649622395824595	0.00000000000018239474078393435
5.749622395824595	0.0000000000001862578790085202
5.8496223958245945	0.00000000000019012101723310594
5.949622395824594	0.00000000000019398415545769173
6.049622395824594	0.00000000000019784729368227745
6.1496223958245935	0.00000000000020171043190686325
6.249622395824593	0.00000000000020557357013144897
6.349622395824593	0.00000000000020943670835603476
6.449622395824592	0.0000000000002132998465806206
6.549622395824592	0.00000000000021716298480520638
6.649622395824592	0.00000000000022102612302979202
6.749622395824591	0.00000000000022488926125437792
6.849622395824591	0.0000000000002287523994789637
6.949622395824591	0.00000000000023261553770354946
7.04962239582459	0.00000000000023647867592813523
7.14962239582459	0.00000000000024034181415272105
7.24962239582459	0.0000000000002442049523773067
7.349622395824589	0.00000000000024806809060189254
7.449622395824589	0.00000000000025193122882647836
7.5496223958245885	0.0000000000002557943670510641
7.649622395824588	0.0000000000002596575052756498
7.749622395824588	0.00000000000026352064350023567
7.849622395824587	0.00000000000026738378172482144
7.949622395824587	0.00000000000027124691994940716
8.049622395824587	0.000000000000275110058173993
8.149622395824586	0.0000000000002789731963985788
8.249622395824586	0.0000000000002828363346231645
8.349622395824586	0.0000000000002866994728477503
8.449622395824585	0.0000000000002905626110723361
8.549622395824585	0.00000000000029442574929692183
8.649622395824585	0.0000000000002982888875215076
8.749622395824584	0.0000000000003021520257460934
8.849622395824584	0.0000000000003060151639706792
8.949622395824584	0.00000000000030987830219526496
9.049622395824583	0.0000000000003137414404198508
9.149622395824583	0.00000000000031760457864443645
9.249622395824582	0.0000000000003214677168690223
9.349622395824582	0.00000000000032533085509360804
9.449622395824582	0.00000000000032919399331819387
9.549622395824581	0.0000000000003330571315427797
9.649622395824581	0.00000000000033692026976736535
9.74962239582458	0.0000000000003407834079919511
9.84962239582458	0.0000000000003446465462165369
9.94962239582458	0.0000000000003485096844411227
10.04962239582458	0.00000000000035237282266570854
10.14962239582458	0.0000000000003562359608902943
10.249622395824579	0.0000000000003600990991148801
10.349622395824579	0.0000000000003639622373394658
10.449622395824578	0.0000000000003678253755640515
10.549622395824578	0.00000000000037168851378863744
10.649622395824577	0.00000000000037555165201322316
10.749622395824577	0.00000000000037941479023780893
10.805	0.000000000001141019997555045
1000010.805	0.000000000001141019997555045
