-100003.71	0
0	0
0.0033333333333334103	0.007347999995592565
0.008333333333333304	0.018369999995592197
0.015833333333333144	0.034902999995591176
0.027083333333333126	0.059702499995591324
0.04395833333333332	0.09690174999559181
0.06927083333333339	0.15270062499559134
0.1072395833333335	0.2363989374955897
0.16419270833333366	0.3619464062455892
0.24962239583333368	0.5502676093705883
0.34962239583333377	0.7707076093705878
0.4496223958333334	0.991147609370588
0.549622395833333	1.211587609370591
0.6496223958333327	1.4320276093705957
0.7496223958333323	1.6524676093706039
0.849622395833332	1.8729076093706154
0.9496223958333316	2.0933476093706305
1.0496223958333313	2.3137876093706473
1.149622395833331	2.534227609370668
1.2496223958333306	2.754667609370691
1.3496223958333302	2.975107609370717
1.4496223958333299	3.1955476093707453
1.5496223958333295	3.415987609370776
1.6496223958333291	3.636427609370809
1.7496223958333288	3.856867609370843
1.8496223958333284	4.0773076093708776
1.949622395833328	4.297747609370914
2.0496223958333277	4.518187609370955
2.1496223958333274	4.738627609370996
2.249622395833327	4.9590676093710355
2.3496223958333267	5.179507609371078
2.4496223958333263	5.3999476093711225
2.549622395833326	5.620387609371167
2.6496223958333256	5.840827609371213
2.7496223958333252	6.0612676093712565
2.849622395833325	6.281707609371302
2.9496223958333245	6.502147609371348
3.049622395833324	6.722587609371393
3.149622395833324	6.943027609371437
3.2496223958333235	7.163467609371482
3.349622395833323	7.383907609371523
3.4496223958333228	7.604347609371568
3.5496223958333224	7.824787609371613
3.649622395833322	8.045227609371654
3.7496223958333217	8.265667609371697
3.8496223958333213	8.486107609371736
3.949622395833321	8.706547609371773
4.049622395833321	8.92698760937181
4.149622395833321	9.147427609371846
4.24962239583332	9.367867609371881
4.34962239583332	9.588307609371915
4.44962239583332	9.808747609371945
4.549622395833319	10.029187609371968
4.649622395833319	10.249627609371997
4.749622395833319	10.470067609372027
4.849622395833318	10.690507609372043
4.949622395833318	10.910947609372064
5.0496223958333175	11.13138760937208
5.149622395833317	11.351827609372092
5.249622395833317	11.572267609372108
5.3496223958333164	11.792707609372117
5.449622395833316	12.013147609372119
5.549622395833316	12.233587609372117
5.640000000000001	12.432815999997164
1000005.64	12.432815999997164
