-100000	0
0	0
0.0033333333333333335	0.004692915630188791
0.008333333333333333	0.012517705941621415
0.01583333333333333	0.02529788623585956
0.02708333333333333	0.04611015919150127
0.043958333333333335	0.08007083869786655
0.06927083333333334	0.13569607214988905
0.10723958333333333	0.227229156663779
0.16419270833333333	0.37858126133348047
0.24962239583333334	0.6299705632837114
0.3496223958333333	0.9532996716872915
0.4496223958333333	1.3019613458136166
0.5496223958333333	1.6719298412396681
0.6496223958333333	2.0604398746755312
0.7496223958333332	2.465483977677657
0.8496223958333332	2.8855728751044705
0.9496223958333332	3.3195949094072232
1.0496223958333333	3.766745727304499
1.1496223958333334	4.124066578020398
1.2496223958333335	4.405978045557772
1.3496223958333335	4.698059404673478
1.4496223958333336	5.0135007311113
1.5496223958333337	5.316798771125064
1.6496223958333338	5.624891583761207
1.749622395833334	5.937426334012187
1.849622395833334	6.254079074400529
1.949622395833334	6.574549762840908
2.049622395833334	6.898558986628645
2.149622395833334	7.225845403789939
2.249622395833334	7.556163896725953
2.349622395833334	7.889284450596383
2.4496223958333343	8.22499149873417
2.5496223958333344	8.563083833032808
2.6496223958333345	8.903374846459455
2.7496223958333346	9.245693073891823
2.8496223958333347	9.589883166969681
2.9496223958333347	9.935807262292116
3.049622395833335	10.283346434037183
3.149622395833335	10.63240238533146
3.249622395833335	10.982899645542467
3.349622395833335	11.334787770138554
3.449622395833335	11.688044254132672
3.5496223958333353	12.042676988285047
3.6496223958333354	12.398727733180552
3.7496223958333355	12.756275563715485
3.8496223958333355	13.11544088133757
3.9496223958333356	13.476389931250262
4.049622395833335	13.839339795478354
4.149622395833335	14.204564311609174
4.249622395833335	14.572400600629269
4.349622395833334	14.894759834089092
4.449622395833334	15.289697216606504
4.5496223958333335	15.646433067711548
4.649622395833333	16.032189810164056
4.749622395833333	16.474960690049336
4.849622395833332	16.817923741206744
4.949622395833332	17.242202417915276
5.049622395833332	17.640469253235473
5.149622395833331	18.0442360842504
5.249622395833331	18.45393903397832
5.349622395833331	18.869993838006845
5.44962239583333	19.292794568720858
5.54962239583333	19.722712622855706
5.64962239583333	20.160096408529125
5.749622395833329	20.6052712183892
5.849622395833329	20.969685597746054
5.9496223958333285	21.393569834469165
6.049622395833328	21.853850260263894
6.149622395833328	22.515478483345994
6.2496223958333275	23.01224277727173
6.313	23.272058029563507
1000006.313	23.272058029563507
