-100000	0
0	0
0.0033333333333333335	0.0038071866398088684
0.008333333333333333	0.010275815157885365
0.01583333333333333	0.021004836991721208
0.02708333333333333	0.03873247805807913
0.043958333333333335	0.06805832886037991
0.06927083333333334	0.11672291620271497
0.10723958333333333	0.19780445736641616
0.16419270833333333	0.33344855887211183
0.24962239583333334	0.5611862946915335
0.3496223958333333	0.856647876009031
0.4496223958333333	1.1771928288155888
0.5496223958333333	1.5187462526559325
0.6496223958333333	1.8784948574131553
0.7496223958333332	2.254383593808851
0.8496223958333332	2.644873562282673
0.9496223958333332	3.0488006668491363
1.0496223958333333	3.4653039613739662
1.1496223958333334	3.8931802880315587
1.2496223958333335	4.328274964578176
1.3496223958333335	4.769362450348687
1.4496223958333336	5.2158968877724545
1.5496223958333337	5.667396266756166
1.6496223958333338	6.123430808535258
1.749622395833334	6.583614037118672
1.849622395833334	7.047595949847673
1.949622395833334	7.515057608920542
2.049622395833334	7.985707477359611
2.149622395833334	8.459278210567163
2.249622395833334	8.935524397005448
2.349622395833334	9.41422117250378
2.4496223958333343	9.89516271270879
2.5496223958333344	10.378161798195553
2.6496223958333345	10.863049112755293
2.7496223958333346	11.349673512205618
2.8496223958333347	11.837901839276359
2.9496223958333347	12.327619696058044
3.049622395833335	12.818731837008846
3.149622395833335	13.31116301493933
3.249622395833335	13.804859036252493
3.349622395833335	14.299787901457744
3.449622395833335	14.79594112994613
3.5496223958333353	15.29333536689194
3.6496223958333354	15.792013928301344
3.7496223958333355	16.292047776670703
3.8496223958333355	16.79354357841131
3.9496223958333356	17.29663449094667
4.049622395833335	17.801494672298904
4.149622395833335	18.308337057651464
4.249622395833335	18.817418374082933
4.349622395833334	19.32904397806053
4.449622395833334	19.843573610254854
4.5496223958333335	20.361428582881228
4.649622395833333	20.883098728565276
4.749622395833333	21.408989396981283
4.849622395833332	21.9392412944339
4.949622395833332	22.473936004166283
5.049622395833332	23.013178621933612
5.149622395833331	23.55736880958207
5.249622395833331	24.10697640188172
5.349622395833331	24.662456225556536
5.44962239583333	25.224245912713297
5.54962239583333	25.792764490804753
5.64962239583333	26.368407834755676
5.749622395833329	26.951554175966194
5.849622395833329	27.542557462610777
5.9496223958333285	28.141750340363064
6.049622395833328	28.74944372769706
6.149622395833328	29.365927211482195
6.2496223958333275	29.991469646600795
6.313	30.392728397793718
1000006.313	30.392728397793718
