-100000	0
0	0
0.0033333333333333335	0.0030082551575084564
0.008333333333333333	0.008227870973262812
0.01583333333333333	0.017062348799840775
0.02708333333333333	0.031915882081755054
0.043958333333333335	0.05690571670046757
0.06927083333333334	0.09901655698236549
0.10723958333333333	0.1701902392293005
0.16419270833333333	0.2908402763164671
0.24962239583333334	0.495828875904504
0.3496223958333333	0.7642950395982441
0.4496223958333333	1.0574549389303634
0.5496223958333333	1.3712340300046322
0.6496223958333333	1.7028137355734196
0.7496223958333332	2.050133267029668
0.8496223958333332	2.4116459957348377
0.9496223958333332	2.7861799599096977
1.0496223958333333	3.1728655322827954
1.1496223958333334	3.5705229197516
1.2496223958333335	3.9751861435398554
1.3496223958333335	4.385649150029266
1.4496223958333336	4.801342914404693
1.5496223958333337	5.221781031643031
1.6496223958333338	5.646504753491459
1.749622395833334	6.07511798290674
1.849622395833334	6.5072582673582104
1.949622395833334	6.942597411945555
2.049622395833334	7.380836351808245
2.149622395833334	7.821702986235668
2.249622395833334	8.264949597584867
2.349622395833334	8.71035091348392
2.4496223958333343	9.15770319858271
2.5496223958333344	9.606822881183792
2.6496223958333345	10.057546252896133
2.7496223958333346	10.50972881194653
2.8496223958333347	10.963245300762402
2.9496223958333347	11.417993112569533
3.049622395833335	11.873874510261398
3.149622395833335	12.330833220676018
3.249622395833335	12.788818444233318
3.349622395833335	13.24780370968646
3.449622395833335	13.707783792914183
3.5496223958333353	14.168775627574043
3.6496223958333354	14.630819081721226
3.7496223958333355	15.09397810756389
3.8496223958333355	15.558341947259443
3.9496223958333356	16.02402647815277
4.049622395833335	16.49117576311465
4.149622395833335	16.959964124207616
4.249622395833335	17.430598153719778
4.349622395833334	17.903319021681508
4.449622395833334	18.37840801247248
4.5496223958333335	18.85618556804709
4.649622395833333	19.337020796001667
4.749622395833333	19.821334907107868
4.849622395833332	20.30960915601733
4.949622395833332	20.80239401968134
5.049622395833332	21.300230972225453
5.149622395833331	21.80334876257055
5.249622395833331	22.31185503544497
5.349622395833331	22.825828801063725
5.44962239583333	23.34560502977761
5.54962239583333	23.87164751296067
5.64962239583333	24.404400989331414
5.749622395833329	24.944289367460737
5.849622395833329	25.49171505179165
5.9496223958333285	26.04705853022147
6.049622395833328	26.61067857280662
6.149622395833328	27.182912242938677
6.2496223958333275	27.764075649267273
6.313	28.137162618540845
1000006.313	28.137162618540845
