-100000	0
0	0
0.0033333333333333335	0.002281321711860435
0.008333333333333333	0.006361031223953985
0.01583333333333333	0.013449695658483956
0.02708333333333333	0.025647825682890202
0.043958333333333335	0.046601732047215995
0.06927083333333334	0.08259503890947717
0.10723958333333333	0.1444876421127235
0.16419270833333333	0.2510392395124201
0.24962239583333334	0.4345500574268634
0.3496223958333333	0.6774225186836468
0.4496223958333333	0.944524329305947
0.5496223958333333	1.2318167180736108
0.6496223958333333	1.5364684008824663
0.7496223958333332	1.8564304248515284
0.8496223958333332	2.1901582504067427
0.9496223958333332	2.536481840760806
1.0496223958333333	2.8945318983226533
1.1496223958333334	3.263158206029335
1.2496223958333335	3.6385703526996442
1.3496223958333335	4.019588246286714
1.4496223958333336	4.405638803623793
1.5496223958333337	4.796212563025433
1.6496223958333338	5.190854336578955
1.749622395833334	5.589153202664593
1.849622395833334	5.990737750028811
1.949622395833334	6.395270541764821
2.049622395833334	6.802445143706768
2.149622395833334	7.2119825640078
2.249622395833334	7.623629135449277
2.349622395833334	8.037155052345875
2.4496223958333343	8.452352578955486
2.5496223958333344	8.869035336752992
2.6496223958333345	9.287037567837723
2.7496223958333346	9.706213218291845
2.8496223958333347	10.12643588483787
2.9496223958333347	10.547598772511193
3.049622395833335	10.969614160534165
3.149622395833335	11.392413998170396
3.249622395833335	11.81594974356169
3.349622395833335	12.240192549435287
3.449622395833335	12.665133796475248
3.5496223958333353	13.090785351218162
3.6496223958333354	13.517180105855088
3.7496223958333355	13.9443725282715
3.8496223958333355	14.372439209127489
3.9496223958333356	14.801479818513457
4.049622395833335	15.231617678406316
4.149622395833335	15.663001136943768
4.249622395833335	16.09580458877848
4.349622395833334	16.53022998420135
4.449622395833334	16.966508529703233
4.5496223958333335	17.404902696540802
4.649622395833333	17.845708841896602
4.749622395833333	18.289260323646523
4.849622395833332	18.735931247112987
4.949622395833332	19.1861410762066
5.049622395833332	19.6403604930844
5.149622395833331	20.09911908511253
5.249622395833331	20.56301158746497
5.349622395833331	21.032666635132216
5.44962239583333	21.508432034825415
5.54962239583333	21.990455877662157
5.64962239583333	22.47883127709304
5.749622395833329	22.97388138396364
5.849622395833329	23.476066181493195
5.9496223958333285	23.985821045964443
6.049622395833328	24.503556527719862
6.149622395833328	25.029658696994524
6.2496223958333275	25.564490184779316
6.313	25.908129595485693
1000006.313	25.908129595485693
