-100000	0
0	0
0.0033333333333333335	0.0016177198872941326
0.008333333333333333	0.004652666416114106
0.01583333333333333	0.010133834049281008
0.02708333333333333	0.01988718141606898
0.043958333333333335	0.037121097519973036
0.06927083333333334	0.06746746528544798
0.10723958333333333	0.12079302339104038
0.16419270833333333	0.21432748984540695
0.24962239583333334	0.3780064735417543
0.3496223958333333	0.5972416529306088
0.4496223958333333	0.8402648504287734
0.5496223958333333	1.1030124452416636
0.6496223958333333	1.3826608242892273
0.7496223958333332	1.6771308727381535
0.8496223958333332	1.9848530119833963
0.9496223958333332	2.304657134820149
1.0496223958333333	2.6356160460499747
1.1496223958333334	2.976651002984847
1.2496223958333335	3.3341513846948274
1.3496223958333335	3.7057130405240635
1.4496223958333336	4.086616959745222
1.5496223958333337	4.474534919593478
1.6496223958333338	4.868882274999276
1.749622395833334	5.266601632378219
1.849622395833334	5.671152341519185
1.949622395833334	6.0814143207818345
2.049622395833334	6.494202866531915
2.149622395833334	6.912578032725292
2.249622395833334	7.332787270540668
2.349622395833334	7.758722521809797
2.4496223958333343	8.186476298933766
2.5496223958333344	8.618209624205006
2.6496223958333345	9.05168329988234
2.7496223958333346	9.486824564847346
2.8496223958333347	9.92504368351187
2.9496223958333347	10.368826490975735
3.049622395833335	10.813202924052135
3.149622395833335	11.259544428889804
3.249622395833335	11.70853037812273
3.349622395833335	12.156348143043722
3.449622395833335	12.60951074558987
3.5496223958333353	13.067741112798645
3.6496223958333354	13.49730861912334
3.7496223958333355	13.938553040892694
3.8496223958333355	14.400390163029304
3.9496223958333356	14.859249848961873
4.049622395833335	15.318585774541994
4.149622395833335	15.776600078603867
4.249622395833335	16.232940635196854
4.349622395833334	16.692234628688183
4.449622395833334	17.153695585382504
4.5496223958333335	17.60791537934962
4.649622395833333	18.067862487651386
4.749622395833333	18.53550963895056
4.849622395833332	18.99723953151666
4.949622395833332	19.47004192835776
5.049622395833332	19.93714963108415
5.149622395833331	20.412194808168422
5.249622395833331	20.883933516116645
5.349622395833331	21.383268091196083
5.44962239583333	21.87237242589876
5.54962239583333	22.37727775184782
5.64962239583333	22.868943887125223
5.749622395833329	23.374612783556742
5.849622395833329	23.8792449496736
5.9496223958333285	24.381437657897777
6.049622395833328	24.893370742249473
6.149622395833328	25.402704257766946
6.2496223958333275	25.90939461541291
6.313	26.14200260834533
1000006.313	26.14200260834533
