-100000	0
0	0
0.0033333333333333335	0.0010058115165505188
0.008333333333333333	0.003083226138585355
0.01583333333333333	0.007090824506501594
0.02708333333333333	0.01459427029260869
0.043958333333333335	0.028422228219694617
0.06927083333333334	0.05360597600625516
0.10723958333333333	0.09912763155177273
0.16419270833333333	0.1808621788547001
0.24962239583333334	0.32665757077275714
0.3496223958333333	0.5246629109246799
0.4496223958333333	0.7460910835849544
0.5496223958333333	0.98681893961043
0.6496223958333333	1.243957166049121
0.7496223958333332	1.5153646345112113
0.8496223958333332	1.7993985261069534
0.9496223958333332	2.094781228520961
1.0496223958333333	2.4005190359820414
1.1496223958333334	2.546847840493407
1.2496223958333335	2.587271489264182
1.3496223958333335	2.629708909842143
1.4496223958333336	2.674061908916337
1.5496223958333337	2.720243491210665
1.6496223958333338	2.7681750652674717
1.749622395833334	2.8177853171278757
1.849622395833334	2.869009440418367
1.949622395833334	2.921789267106835
2.049622395833334	2.9760711245932816
2.149622395833334	3.0320421180522548
2.249622395833334	3.0883466108733066
2.349622395833334	3.1454106846213805
2.4496223958333343	3.2031999700656018
2.5496223958333344	3.2620742075160907
2.6496223958333345	3.321148681880928
2.7496223958333346	3.3807382193825894
2.8496223958333347	3.4408205670456273
2.9496223958333347	3.501376761671609
3.049622395833335	3.5633569143332187
3.149622395833335	3.6242986407721807
3.249622395833335	3.6852646665987496
3.349622395833335	3.746247202481091
3.449622395833335	3.807242759558125
3.5496223958333353	3.8682514097033858
3.6496223958333354	3.92770846556064
3.7496223958333355	3.986234579863322
3.8496223958333355	4.043744229796585
3.9496223958333356	4.097538645679387
4.049622395833335	4.152703280580412
4.149622395833335	4.2094296723615745
4.249622395833335	4.262173502601563
4.349622395833334	4.318498059219555
4.449622395833334	4.370684453070576
4.5496223958333335	4.416425092908464
4.649622395833333	4.467953125739038
4.749622395833333	4.515019660810241
4.849622395833332	4.561783341840642
4.949622395833332	4.61270626801974
5.049622395833332	4.656861058427293
5.149622395833331	4.703095676248531
5.249622395833331	4.753883434145672
5.349622395833331	4.800131705080225
5.44962239583333	4.846465465690309
5.54962239583333	4.890562162212712
5.64962239583333	4.942159711007227
5.749622395833329	4.989292832389161
5.849622395833329	5.036877751640562
5.9496223958333285	5.079882694217811
6.049622395833328	5.128336824273952
6.149622395833328	5.172136683845275
6.2496223958333275	5.226829507806696
6.313	5.440884128327076
1000006.313	5.440884128327076
