-100000	0
0	0
0.0033333333333333335	0.0004416151522788133
0.008333333333333333	0.0016327934657223053
0.01583333333333333	0.004281998462796663
0.02708333333333333	0.009724164023717412
0.043958333333333335	0.020430527732565533
0.06927083333333334	0.04092535108916582
0.10723958333333333	0.07941169453776642
0.16419270833333333	0.1506101075569266
0.24962239583333334	0.28060835335545264
0.3496223958333333	0.46003250100546483
0.4496223958333333	0.6626541645908629
0.5496223958333333	0.8842157278517752
0.6496223958333333	1.1216962883730526
0.7496223958333332	1.301575678566466
0.8496223958333332	1.4140522865061202
0.9496223958333332	1.48848276390941
1.0496223958333333	1.5352199117179197
1.1000000000058208	1.5506048591493093
1000001.1	1.5506048591493093
