-100000	0
0	0
0.0033333333333333335	0
0.008333333333333333	0.0000000000000000000000000000001013039150747686
0.01583333333333333	0.00000000000000000000000000000023496345321524277
0.02708333333333333	0.00000000000000000000000000000020954117794933126
0.043958333333333335	0
0.06927083333333334	0.0000000000000000000000000000026500796034768365
0.10723958333333333	0.000000000000000000000000000005571330143123396
0.16419270833333333	0.0000000000000000000000000000058425010792931194
0.24962239583333334	0.00000000000000000000000000002521889706378422
0.3496223958333333	0.0000000000000000000000000000034820813394521224
0.4496223958333333	0.00000000000000000000000000017073908217377272
0.5496223958333333	0.0000000000000000000000000002227545981117832
0.6496223958333333	0.00000000000000000925712956674174
0.66	0.00000000000000000000000000002129924444096732
1000000.66	0.00000000000000000000000000002129924444096732
