-100003.71	0
0	0
0.0033333333333334103	0.007259999995642624
0.008333333333333304	0.018149999995642808
0.015833333333333144	0.03448499999564224
0.027083333333333126	0.05898749999564399
0.04395833333333332	0.09574124999564662
0.06927083333333339	0.15087187499564889
0.1072395833333335	0.23356781249565073
0.16419270833333366	0.35761171874565684
0.24962239583333368	0.5436775781206657
0.34962239583333377	0.7614775781206755
0.4496223958333334	0.9792775781206869
0.549622395833333	1.1970775781207001
0.6496223958333327	1.4148775781207157
0.7496223958333323	1.6326775781207352
0.849622395833332	1.8504775781207572
0.9496223958333316	2.068277578120782
1.0496223958333313	2.2860775781208105
1.149622395833331	2.503877578120841
1.2496223958333306	2.7216775781208753
1.3496223958333302	2.9394775781209117
1.4496223958333299	3.1572775781209503
1.5496223958333295	3.375077578120991
1.6496223958333291	3.5928775781210334
1.7496223958333288	3.810677578121079
1.8496223958333284	4.028477578121124
1.949622395833328	4.246277578121173
2.0496223958333277	4.464077578121222
2.1496223958333274	4.681877578121274
2.249622395833327	4.8996775781213255
2.3496223958333267	5.1174775781213775
2.4496223958333263	5.335277578121432
2.549622395833326	5.5530775781214885
2.6496223958333256	5.770877578121542
2.7496223958333252	5.988677578121597
2.849622395833325	6.206477578121652
2.9496223958333245	6.424277578121706
3.049622395833324	6.642077578121762
3.149622395833324	6.859877578121817
3.2496223958333235	7.077677578121874
3.349622395833323	7.295477578121926
3.4496223958333228	7.513277578121981
3.5496223958333224	7.731077578122034
3.649622395833322	7.9488775781220875
3.7496223958333217	8.166677578122139
3.8496223958333213	8.384477578122185
3.949622395833321	8.602277578122237
4.049622395833321	8.820077578122286
4.149622395833321	9.03787757812233
4.24962239583332	9.255677578122375
4.34962239583332	9.47347757812242
4.44962239583332	9.691277578122461
4.549622395833319	9.9090775781225
4.649622395833319	10.126877578122535
4.749622395833319	10.344677578122571
4.849622395833318	10.562477578122602
4.949622395833318	10.78027757812263
5.0496223958333175	10.998077578122661
5.149622395833317	11.215877578122688
5.249622395833317	11.433677578122703
5.3496223958333164	11.651477578122725
5.449622395833316	11.86927757812274
5.549622395833316	12.087077578122749
5.640000000000001	12.283919999997801
1000005.64	12.283919999997801
