-100003.71	0
0	0
0.0033333333333334103	0.032559999984380805
0.008333333333333304	0.08139999998438037
0.015833333333333144	0.15465999998437896
0.027083333333333126	0.26454999998438083
0.04395833333333332	0.4293849999843856
0.06927083333333339	0.6766374999843892
0.1072395833333335	1.047516249984394
0.16419270833333366	1.6038343749844044
0.24962239583333368	2.4383115624844196
0.34962239583333377	3.4151115624844404
0.4496223958333334	4.391911562484467
0.549622395833333	5.3687115624845
0.6496223958333327	6.345511562484549
0.7496223958333323	7.32231156248461
0.849622395833332	8.299111562484685
0.9496223958333316	9.275911562484769
1.0496223958333313	10.252711562484874
1.149622395833331	11.22951156248499
1.2496223958333306	12.206311562485112
1.3496223958333302	13.183111562485248
1.4496223958333299	14.159911562485398
1.5496223958333295	15.136711562485553
1.6496223958333291	16.113511562485723
1.7496223958333288	17.0903115624859
1.8496223958333284	18.06711156248608
1.949622395833328	19.04391156248628
2.0496223958333277	20.020711562486472
2.1496223958333274	20.997511562486675
2.249622395833327	21.974311562486882
2.3496223958333267	22.9511115624871
2.4496223958333263	23.9279115624873
2.549622395833326	24.904711562487538
2.6496223958333256	25.881511562487763
2.7496223958333252	26.85831156248798
2.849622395833325	27.835111562488187
2.9496223958333245	28.811911562488422
3.049622395833324	29.78871156248865
3.149622395833324	30.76551156248886
3.2496223958333235	31.74231156248908
3.349622395833323	32.719111562489275
3.4496223958333228	33.69591156248949
3.5496223958333224	34.67271156248969
3.649622395833322	35.649511562489856
3.7496223958333217	36.626311562490045
3.8496223958333213	37.603111562490184
3.949622395833321	38.57991156249034
4.049622395833321	39.55671156249046
4.149622395833321	40.53351156249058
4.24962239583332	41.51031156249069
4.34962239583332	42.48711156249079
4.44962239583332	43.463911562490864
4.549622395833319	44.44071156249093
4.649622395833319	45.41751156249097
4.749622395833319	46.39431156249105
4.849622395833318	47.371111562491066
4.949622395833318	48.3479115624911
5.0496223958333175	49.324711562491125
5.149622395833317	50.301511562491164
5.249622395833317	51.27831156249118
5.3496223958333164	52.255111562491194
5.449622395833316	53.231911562491184
5.549622395833316	54.20871156249119
5.640000000000001	55.091519999991384
1000005.64	55.091519999991384
