-100003.71	0
0	0
0.0033333333333334103	0.018039999998197807
0.008333333333333304	0.045099999998197964
0.015833333333333144	0.08568999999819785
0.027083333333333126	0.14657499999819995
0.04395833333333332	0.2379024999982043
0.06927083333333339	0.3748937499982095
0.1072395833333335	0.5803806249982176
0.16419270833333366	0.888610937498233
0.24962239583333368	1.3509564062482602
0.34962239583333377	1.8921564062482972
0.4496223958333334	2.433356406248341
0.549622395833333	2.974556406248391
0.6496223958333327	3.515756406248447
0.7496223958333323	4.056956406248511
0.849622395833332	4.59815640624858
0.9496223958333316	5.139356406248656
1.0496223958333313	5.680556406248734
1.149622395833331	6.221756406248821
1.2496223958333306	6.762956406248913
1.3496223958333302	7.304156406249007
1.4496223958333299	7.84535640624911
1.5496223958333295	8.386556406249213
1.6496223958333291	8.927756406249319
1.7496223958333288	9.468956406249433
1.8496223958333284	10.010156406249548
1.949622395833328	10.55135640624966
2.0496223958333277	11.092556406249786
2.1496223958333274	11.633756406249907
2.249622395833327	12.174956406250033
2.3496223958333267	12.71615640625016
2.4496223958333263	13.257356406250283
2.549622395833326	13.798556406250418
2.6496223958333256	14.33975640625055
2.7496223958333252	14.88095640625068
2.849622395833325	15.422156406250808
2.9496223958333245	15.963356406250943
3.049622395833324	16.504556406251073
3.149622395833324	17.0457564062512
3.2496223958333235	17.586956406251325
3.349622395833323	18.128156406251456
3.4496223958333228	18.669356406251573
3.5496223958333224	19.210556406251683
3.649622395833322	19.751756406251797
3.7496223958333217	20.2929564062519
3.8496223958333213	20.834156406252
3.949622395833321	21.375356406252077
4.049622395833321	21.916556406252163
4.149622395833321	22.457756406252237
4.24962239583332	22.998956406252297
4.34962239583332	23.540156406252358
4.44962239583332	24.081356406252404
4.549622395833319	24.622556406252453
4.649622395833319	25.163756406252496
4.749622395833319	25.70495640625252
4.849622395833318	26.246156406252553
4.949622395833318	26.78735640625257
5.0496223958333175	27.328556406252606
5.149622395833317	27.86975640625262
5.249622395833317	28.410956406252637
5.3496223958333164	28.952156406252655
5.449622395833316	29.493356406252666
5.549622395833316	30.034556406252676
5.640000000000001	30.5236800000028
1000005.64	30.5236800000028
