-100003.71	0
0	0
0.0033333333333334103	0.00000000000000023979380173236513
0.008333333333333304	0.0000000000000005999901854399541
0.015833333333333144	0.0000000000000011412908907750415
0.027083333333333126	0.0000000000000019555681022319477
0.04395833333333332	0.0000000000000031790043448782612
0.06927083333333339	0.0000000000000050259887232585285
0.1072395833333335	0.000000000000007818965992264023
0.16419270833333366	0.000000000000012103890954071221
0.24962239583333368	0.00000000000001863672903460802
0.34962239583333377	0.000000000000026284975337561423
0.4496223958333334	0.00000000000003456032502860005
0.549622395833333	0.00000000000004285295373909077
0.6496223958333327	0.00000000000005136613625857797
0.7496223958333323	0.00000000000006009987258706162
0.849622395833332	0.00000000000006905416272454177
0.9496223958333316	0.00000000000007672936697480102
1.0496223958333313	0.0000000000000876244044264915
1.149622395833331	0.0000000000000950425190815397
1.2496223958333306	0.00000000000010448003667759508
1.3496223958333302	0.00000000000011713392054688963
1.4496223958333299	0.00000000000012572196109121465
1.5496223958333295	0.00000000000013581086690521843
1.6496223958333291	0.00000000000014155717823102883
1.7496223958333288	0.00000000000015144635059223422
1.8496223958333284	0.00000000000016148503928657317
1.949622395833328	0.0000000000001716732443140332
2.0496223958333277	0.0000000000001889970326801403
2.1496223958333274	0.00000000000019858167863281888
2.249622395833327	0.0000000000002031349573951396
2.3496223958333267	0.00000000000021392122775508385
2.4496223958333263	0.00000000000023406942508728245
2.549622395833326	0.0000000000002461359595610198
2.6496223958333256	0.00000000000025885203236083295
2.7496223958333252	0.00000000000026851491941111895
2.849622395833325	0.0000000000000833593926842183
2.9496223958333245	0.00000000000008787871532756423
3.049622395833324	0.00000000000009277823888214299
3.149622395833324	0.00000000000009782877376519672
3.2496223958333235	0.00000000000010303031997672538
3.349622395833323	0.00000000000010838287751672897
3.4496223958333228	0.00000000000011388644638520752
3.5496223958333224	0.00000000000010752473986747389
3.649622395833322	0.00000000000012534661810758925
3.7496223958333217	0.0000000000001313032209614925
3.8496223958333213	0.00000000000013741083514387073
3.949622395833321	0.00000000000014366946065472388
4.049622395833321	0.00000000000015007909749405178
4.149622395833321	0.0000000000001566397456618548
4.24962239583332	0.00000000000016335140515813278
4.34962239583332	0.00000000000014168192269158323
4.44962239583332	0.00000000000014718150235550927
4.549622395833319	0.00000000000015277252870155073
4.649622395833319	0.0000000000001584550017297075
4.749622395833319	0.00000000000016422892143997972
4.849622395833318	0.0000000000001700942878323674
4.949622395833318	0.00000000000017605110090687048
5.0496223958333175	0.00000000000018209936066348878
5.149622395833317	0.00000000000018823906710222265
5.249622395833317	0.00000000000019447022022307196
5.3496223958333164	0.0000000000002007928200260366
5.449622395833316	0.00000000000020720686651111667
5.549622395833316	0.00000000000021371235967831215
5.640000000000001	0.0000000000002522166179611468
1000005.64	0.0000000000002522166179611468
