-100003.71	0
0	0
0.0033333333333334103	0.02529999999645568
0.008333333333333304	0.06324999999645509
0.015833333333333144	0.12017499999645359
0.027083333333333126	0.2055624999964548
0.04395833333333332	0.33364374999645835
0.06927083333333339	0.5257656249964615
0.1072395833333335	0.8139484374964664
0.16419270833333366	1.246222656246479
0.24962239583333368	1.894633984371502
0.34962239583333377	2.6536339843715404
0.4496223958333334	3.412633984371584
0.549622395833333	4.171633984371638
0.6496223958333327	4.9306339843717
0.7496223958333323	5.689633984371773
0.849622395833332	6.448633984371854
0.9496223958333316	7.2076339843719435
1.0496223958333313	7.966633984372042
1.149622395833331	8.725633984372143
1.2496223958333306	9.484633984372255
1.3496223958333302	10.243633984372373
1.4496223958333299	11.0026339843725
1.5496223958333295	11.761633984372628
1.6496223958333291	12.520633984372761
1.7496223958333288	13.279633984372905
1.8496223958333284	14.038633984373051
1.949622395833328	14.797633984373194
2.0496223958333277	15.556633984373345
2.1496223958333274	16.315633984373502
2.249622395833327	17.07463398437367
2.3496223958333267	17.833633984373822
2.4496223958333263	18.592633984373993
2.549622395833326	19.351633984374146
2.6496223958333256	20.110633984374324
2.7496223958333252	20.86963398437449
2.849622395833325	21.628633984374662
2.9496223958333245	22.38763398437482
3.049622395833324	23.146633984374994
3.149622395833324	23.905633984375147
3.2496223958333235	24.664633984375296
3.349622395833323	25.423633984375435
3.4496223958333228	26.182633984375553
3.5496223958333224	26.941633984375677
3.649622395833322	27.700633984375774
3.7496223958333217	28.45963398437587
3.8496223958333213	29.218633984375952
3.949622395833321	29.977633984376045
4.049622395833321	30.7366339843761
4.149622395833321	31.495633984376145
4.24962239583332	32.25463398437621
4.34962239583332	33.01363398437627
4.44962239583332	33.772633984376284
4.549622395833319	34.53163398437633
4.649622395833319	35.290633984376356
4.749622395833319	36.04963398437637
4.849622395833318	36.8086339843764
4.949622395833318	37.567633984376414
5.0496223958333175	38.32663398437642
5.149622395833317	39.08563398437646
5.249622395833317	39.84463398437642
5.3496223958333164	40.60363398437644
5.449622395833316	41.36263398437645
5.549622395833316	42.12163398437644
5.640000000000001	42.8076000000016
1000005.64	42.8076000000016
