-100003.5	0
2.908049317237394	0
2.9113826505707268	0.00000011838669807787648
2.9163826505707267	0.000001849786879840965
2.923882650570727	0.000012643402990663493
2.9351326505707274	0.00006262238154525862
2.952007650570727	0.00026343553331903587
2.977320150570727	0.0010062284123762396
3.0152889005707273	0.0036087300574351375
3.072242025570727	0.012202938210348336
3.1576717130707266	0.03580052392641744
3.2576717130707262	0.0777919959078728
3.357671713070726	0.13370721928070758
3.4576717130707255	0.2024119909304068
3.557671713070725	0.2830550706699807
3.657671713070725	0.37495306084305136
3.75	0.46929763233090355
1000003.75	0.46929763233090355
