-100003.5	0
1.7480081000871301	0
1.7513414334204631	0.000000039874195602285467
1.756341433420463	0.0000006230343062861169
1.7638414334204633	0.000004315682475814104
1.7750914334204637	0.00002217169035157138
1.7919664334204635	0.00009868309818388762
1.8172789334204635	0.0004104526592511471
1.8552476834204636	0.0016699320096087626
1.9122008084204634	0.00687976945948596
1.997630495920463	0.02769174828101415
2.0976304959204626	0.07496570720166618
2.1976304959204622	0.14551436163264597
2.297630495920462	0.23733952291279112
2.3976304959204615	0.34863719910827395
2.497630495920461	0.477843075821098
2.597630495920461	0.6236090977682069
2.6976304959204604	0.7847661100978662
2.79763049592046	0.9602902112820417
2.8976304959204597	1.1492762242951895
2.9976304959204594	1.3509167377666371
3.097630495920459	1.5644848404632066
3.1976304959204587	1.7893218616695499
3.2976304959204583	2.0248269657248077
3.397630495920458	2.270448876074686
3.4976304959204576	2.5256794193207277
3.5976304959204572	2.7900480735946287
3.697630495920457	3.0631167802768204
3.75	3.209454578475129
1000003.75	3.209454578475129
