-100003.5	0
1.3186491662402844	0
1.3219824995736174	0.0000000025051814246636873
1.3269824995736172	0.000000039143547061540915
1.3344824995736175	0.00000027571647999340455
1.345732499573618	0.0000014215506686589805
1.3626074995736177	0.00000635494996437319
1.3879199995736178	0.00002656543805193442
1.4258887495736179	0.00010884519946108711
1.4828418745736176	0.0004538204365140265
1.5682715620736172	0.0020046877841561886
1.6682715620736168	0.007260326170672821
1.7682715620736165	0.020566066598919477
1.868271562073616	0.04821084618403616
1.9682715620736158	0.09456488232211259
2.0682715620736154	0.1629282731640995
2.168271562073615	0.2528905975211632
2.2682715620736147	0.36294360340776005
2.3682715620736143	0.4915696764998868
2.468271562073614	0.6373797216632014
2.5682715620736136	0.7991444382697366
2.6682715620736133	0.9757826574362103
2.768271562073613	1.1663387424042222
2.8682715620736126	1.3699630775426233
2.968271562073612	1.585893417137819
3.068271562073612	1.8134416736801768
3.1682715620736115	2.0519814065061293
3.268271562073611	2.3009389215866407
3.368271562073611	2.5597860551665694
3.4682715620736104	2.8280339151160248
3.56827156207361	3.1052276488854673
3.6682715620736097	3.3909435789350026
3.75	3.6305059011812286
1000003.75	3.6305059011812286
