-100003.5	0
1.1999999999999993	0
1.2033333333333323	0.00033042706351020117
1.2083333333333321	0.0008312198808117047
1.2158333333333324	0.0015940511794934225
1.2270833333333329	0.002765958501255547
1.2439583333333326	0.004588058205961286
1.2692708333333327	0.007477705492298969
1.3072395833333328	0.01220655847558007
1.3641927083333325	0.020345351695575904
1.449622395833332	0.03543222295851468
1.5496223958333317	0.05871391663575705
1.6496223958333314	0.08998291653252276
1.749622395833331	0.13172613641245248
1.8496223958333307	0.18691477930791361
1.9496223958333303	0.2590166839969327
2.04962239583333	0.3511859523239913
2.1496223958333296	0.46312461635808483
2.2496223958333292	0.5937203616177958
2.349622395833329	0.7417347490498543
2.4496223958333285	0.9059778979466631
2.549622395833328	1.0853636030826186
2.649622395833328	1.2789246193996753
2.7496223958333275	1.485793987358044
2.849622395833327	1.7051946464778782
2.9496223958333267	1.9364244692502481
3.0496223958333264	2.1788461561547687
3.149622395833326	2.4318762386880275
3.2496223958333257	2.694977690479048
3.3496223958333253	2.96765375478844
3.449622395833325	3.2494424467979197
3.5496223958333246	3.539911858713659
3.6496223958333243	3.8386577846047176
3.749622395833324	4.14529918752857
3.75	4.146471597648094
1000003.75	4.146471597648094
