-100003.5	0
0	0
0.0033333333333334103	0.00000000000000000000000000000000002407412430484045
0.008333333333333304	0.0000000000000000000000000000000000481482486096809
0.015833333333333144	0.00000000000000000000000000000000028888949165808538
0.027083333333333126	0.0000000000000000000000000000000003851859888774472
0.04395833333333332	0
0.06927083333333339	0
0.1072395833333335	0
0.16419270833333366	0.000000000000000000000000000000001925929944387236
0.24962239583333368	0.0000000000000000000000000000000004092601131822876
0.34962239583333377	0.000000000000000000000000000000009485204976107138
0.44962239583333385	0.00000000000000000000000000000000375556339155511
0.5496223958333335	0.000000000000000000000000000000025614868260350237
0.6496223958333331	0.0000000000000000002088978108514945
0.7496223958333328	0.0000000000000000009496020530478024
0.8496223958333324	0.000000000000000026431117780763905
0.9496223958333321	0
1.0496223958333317	0.000000000000000017474705353717955
1.1496223958333314	0.0000000000000002028375051137605
1.249622395833331	0.014423612086633118
1.3496223958333307	0.049003360358257975
1.4496223958333303	0.09024814522785475
1.54962239583333	0.1390878156640114
1.6496223958333296	0.19730818425809765
1.7496223958333292	0.266616611380234
1.8496223958333289	0.3496228932054145
1.9496223958333285	0.44942310172654426
2.049622395833328	0.5682116587366454
2.149622395833328	0.7049538475889356
2.2496223958333275	0.858901769667191
2.349622395833327	1.028867734903305
2.4496223958333267	1.213808087234676
2.5496223958333264	1.4129880311536906
2.649622395833326	1.625285274258677
2.7496223958333257	1.850170611362244
2.8496223958333253	2.09590025056468
2.949622395833325	2.3747614607982386
3.0496223958333246	2.6727439781692452
3.1496223958333243	2.985520273791269
3.249622395833324	3.3070588012994544
3.3496223958333236	3.636051935009124
3.449622395833323	3.972865605492665
3.549622395833323	4.316585647021438
3.6496223958333225	4.6575549229830875
3.749622395833322	4.990017157617581
3.75	4.976345700419393
1000003.75	4.976345700419393
