-100003.5	0
0.0000000000000004440892098500626	0
0.0033333333333338544	0.00137205849850349
0.008333333333333748	0.0034359227221002274
0.015833333333333588	0.006544738489320726
0.02708333333333357	0.011234821289801836
0.043958333333333766	0.01833963884638368
0.06927083333333384	0.029114090430860873
0.10723958333333394	0.045586233646301
0.1641927083333341	0.0709161552596687
0.24962239583333412	0.11013587725421883
0.3496223958333342	0.1588302606550151
0.4496223958333343	0.2072042484705688
0.5496223958333344	0.25825958522305065
0.649622395833334	0.31397535084171346
0.7496223958333337	0.3707225842984698
0.8496223958333333	0.427168794124627
0.949622395833333	0.4898375144605778
1.0496223958333326	0.556138238473922
1.1496223958333323	0.6274831164535625
1.249622395833332	0.7073503110128212
1.3496223958333315	0.7957725464275258
1.4496223958333312	0.8955506393681799
1.5496223958333308	1.004276408330347
1.6496223958333305	1.1265345907719324
1.7496223958333301	1.2616839539416214
1.8496223958333298	1.4171065611436644
1.9496223958333294	1.5884169469000773
2.049622395833329	1.776417447500188
2.1496223958333287	1.9789801533735296
2.2496223958333283	2.196413555370409
2.349622395833328	2.427153382815818
2.4496223958333276	2.6745308686815585
2.5496223958333273	2.9326918044083388
2.649622395833327	3.2013251238255584
2.7496223958333266	3.472742733753085
2.8000000000000007	3.5986141255613004
1000002.8	3.5986141255613004
