-100003.5	0
2.782381955669827	0
2.78571528900316	0.00000012443667801560106
2.7907152890031597	0.000001944323093995019
2.79821528900316	0.000013327427057705691
2.8094652890031604	0.00006610497595414191
2.82634028900316	0.00027856660029366737
2.85165278900316	0.0010664999258906335
2.8896215390031603	0.003836974202839889
2.94657466400316	0.013026866037107933
3.0320043515031596	0.03837820906093729
3.1320043515031593	0.08364762581575966
3.232004351503159	0.1440506117562967
3.3320043515031585	0.21834653279054905
3.432004351503158	0.3055875405341838
3.532004351503158	0.4050017311612465
3.6320043515031575	0.5159338216295418
3.732004351503157	0.6378115979540421
3.75	0.6608667992608316
1000003.75	0.6608667992608316
