-100003.5	0
2.6567144654217323	0
2.6600477987550653	0.00000013003306877151855
2.665047798755065	0.0000020250125243914285
2.6725477987550654	0.000013866829741819817
2.683797798755066	0.00006892772637479648
2.7006727987550656	0.0002909261735895145
2.7259852987550657	0.0011163705165681676
2.763954048755066	0.0040285751537098985
2.8209071737550655	0.013729901149006215
2.906336861255065	0.04061711076051557
3.0063368612550647	0.08879746126377687
3.1063368612550644	0.1532130334482044
3.206336861255064	0.2325200217945523
3.3063368612550637	0.32567452976829087
3.4063368612550633	0.43181646377251903
3.506336861255063	0.5502100504386913
3.6063368612550626	0.6802094341271577
3.7063368612550622	0.821237244559167
3.75	0.886139214639204
1000003.75	0.886139214639204
