-100003.5	0
2.405379852540829	0
2.408713185874162	0.00000013678531244044232
2.413713185874162	0.000002137270506881228
2.421213185874162	0.000014655847698894206
2.4324631858741625	0.00007291063319319791
2.4493381858741623	0.00030889640408054286
2.4746506858741624	0.0011906006379693306
2.5126194358741625	0.004321661890819057
2.569572560874162	0.014837517929214394
2.6550022483741618	0.044259047704302446
2.7550022483741614	0.09736518452185508
2.855002248374161	0.1686544610253252
2.9550022483741607	0.25658795364283077
3.0550022483741603	0.3599340128666033
3.15500224837416	0.4776603541058112
3.2550022483741596	0.6088760728402544
3.3550022483741593	0.7527966171807567
3.455002248374159	0.9087209879246015
3.5550022483741586	1.0760159077478832
3.655002248374158	1.2541045431446758
3.75	1.4328003593642298
1000003.75	1.4328003593642298
