-100003.5	0
2.2797125439811925	0
2.2830458773145255	0.00000013942134396921874
2.2880458773145254	0.0000021763399906003607
2.2955458773145256	0.000014912652601376505
2.306795877314526	0.00007432481155212635
2.323670877314526	0.00031517669137146054
2.348983377314526	0.0012174399434134997
2.386952127314526	0.004431614819812029
2.4439052523145257	0.015269284716298136
2.5293349398145253	0.045736997408936324
2.629334939814525	0.10093964644358434
2.7293349398145246	0.17519872877793724
2.829334939814524	0.2668826959184623
2.929334939814524	0.37466828911567657
3.0293349398145235	0.49743958968375823
3.129334939814523	0.6342315413619282
3.229334939814523	0.784194621808025
3.3293349398145224	0.9465712209771386
3.429334939814522	1.1206788175180626
3.5293349398145217	1.3058976214919913
3.6293349398145214	1.5016611759976124
3.729334939814521	1.7074489821891068
3.75	1.751180714972699
1000003.75	1.751180714972699
