-100003.5	0
1.9190405177558496	0
1.9223738510891826	0.00000012079597447346066
1.9273738510891825	0.0000018991125563333189
1.9348738510891828	0.000013219087925471413
1.9461238510891832	0.00006748244999569213
1.962998851089183	0.00029639789043050055
1.988311351089183	0.0012034711992170422
2.026280101089183	0.004687604587893025
2.083233226089183	0.016852589240031968
2.1686629135891824	0.0507061903118127
2.268662913589182	0.1121146918808234
2.3686629135891817	0.1948578200189176
2.4686629135891813	0.29704493662808434
2.568662913589181	0.4170913493044228
2.6686629135891806	0.5536479382486855
2.7686629135891803	0.7055477048169393
2.86866291358918	0.871770022157395
2.9686629135891796	1.051411852105868
3.068662913589179	1.2436676336796828
3.168662913589179	1.4478121761269025
3.2686629135891785	1.6631882900734267
3.368662913589178	1.889197354201463
3.4686629135891778	2.1252903742903713
3.5686629135891774	2.3709623000707887
3.668662913589177	2.6257455304621256
3.75	2.8393981425560018
1000003.75	2.8393981425560018
