-100000	0
0	0
0.0033333333333333335	0.006821166903274215
0.008333333333333333	0.017364810897218474
0.01583333333333333	0.03358875599789882
0.02708333333333333	0.05857031781302086
0.043958333333333335	0.09711471996582312
0.06927083333333334	0.15674454990651648
0.10723958333333333	0.24926370332221376
0.16419270833333333	0.39320764584111506
0.24962239583333334	0.6176143028307997
0.3496223958333333	0.8896518411613806
0.4496223958333333	1.1690202316041098
0.5496223958333333	1.4538005778081768
0.6496223958333333	1.7426094902327307
0.7496223958333332	2.034382904516759
0.8496223958333332	2.328265266153139
0.9496223958333332	2.623546317427363
1.0496223958333333	2.91962267877958
1.1000000000000003	3.068912610931123
1000001.1	3.068912610931123
