-100000	0
0	0
0.0033333333333333335	0.006821208439349732
0.008333333333333333	0.01736488577872122
0.01583333333333333	0.033588898004991555
0.02708333333333333	0.05857056080354334
0.043958333333333335	0.09711511040629854
0.06927083333333334	0.1567451591060051
0.10723958333333333	0.24926463141884567
0.16419270833333333	0.3932090230498634
0.24962239583333334	0.6176163144532875
0.3496223958333333	0.8896545211560726
0.4496223958333333	1.1690235218688725
0.5496223958333333	1.453804367630067
0.6496223958333333	1.7426137219167361
0.7496223958333332	2.0343875054370177
0.8496223958333332	2.3282701803864225
0.9496223958333332	2.623551461320219
1.0496223958333333	2.9196279794834408
1.1000000000000003	3.068917543066357
1000001.1	3.068917543066357
