-100000	0
0	0
0.0033333333333333335	0.006821026477664217
0.008333333333333333	0.017364588852157952
0.01583333333333333	0.03358848001659994
0.02708333333333333	0.05857006567888273
0.043958333333333335	0.09711448072635413
0.06927083333333334	0.1567443052888206
0.10723958333333333	0.24926386822731855
0.16419270833333333	0.39320872310226285
0.24962239583333334	0.6176165558149299
0.3496223958333333	0.8896558501687468
0.4496223958333333	1.1690259345451561
0.5496223958333333	1.4538076993428164
0.6496223958333333	1.7426179079784958
0.7496223958333332	2.0343924486657707
0.8496223958333332	2.328275713896986
0.9496223958333332	2.62355750679039
1.0496223958333333	2.919634192153611
1.1000000000000003	3.068923686713729
1000001.1	3.068923686713729
