-100000	0
0	0
0.0033333333333333335	0.00000000000000001205597203610559
0.008333333333333333	0.000000000000000031662582034770215
0.01583333333333333	0.0000000000000000596119263804838
0.02708333333333333	0.00000000000000009980470923776652
0.043958333333333335	0.00000000000000016374597662501977
0.06927083333333334	0.00000000000000024757349332545553
0.10723958333333333	0.0000000000000003945281518475409
0.16419270833333333	0.0000000000000005768007989844645
0.24962239583333334	0.000000000009932419050558309
0.3496223958333333	0.0000000000000010851674168490542
0.4496223958333333	0.0000000000000013374481802493163
0.5496223958333333	0.0000000000000016375207629621582
0.6496223958333333	0.0000000000000007321632275850923
0.7496223958333332	0.0000000000000008116532983907876
0.8496223958333332	0.0000000000000008803875694699577
0.9496223958333332	0.00000000000000094129860743875
1.0496223958333333	0.0000000000000009905824388230384
1.1000000000000003	0.0000000000000010136432691880371
1000001.1	0.0000000000000010136432691880371
