-100000	0
0	0
0.0033333333333333335	0.006821178046799804
0.008333333333333333	0.01736485236447716
0.01583333333333333	0.03358883478335132
0.02708333333333333	0.05857044821800517
0.043958333333333335	0.0971149377000083
0.06927083333333334	0.15674488870098335
0.10723958333333333	0.2492642199806772
0.16419270833333333	0.3932084173899888
0.24962239583333334	0.6176154402122505
0.3496223958333333	0.8896533572393953
0.4496223958333333	1.1690221092588602
0.5496223958333333	1.4538027596034464
0.6496223958333333	1.7426119431857958
0.7496223958333332	2.034385590276564
0.8496223958333332	2.3282681452002922
0.9496223958333332	2.6235493543528077
1.0496223958333333	2.9196258385583946
1.1000000000000003	3.0689154179146225
1000001.1	3.0689154179146225
