-100000	0
0	0
0.0033333333333333335	0.006821168744442595
0.008333333333333333	0.017364814799548576
0.01583333333333333	0.03358876407914689
0.02708333333333333	0.05857033062385776
0.043958333333333335	0.09711474158948882
0.06927083333333334	0.15674458450309825
0.10723958333333333	0.24926375741816695
0.16419270833333333	0.3932077274164433
0.24962239583333334	0.6176144313485574
0.3496223958333333	0.8896520261102175
0.4496223958333333	1.1690204814508383
0.5496223958333333	1.4538008820606472
0.6496223958333333	1.7426098512533972
0.7496223958333332	2.034383308283484
0.8496223958333332	2.328265734095263
0.9496223958333332	2.623546866302752
1.0496223958333333	2.919623308969655
1.1000000000000003	3.068912880723719
1000001.1	3.068912880723719
