-100000	0
0	0
0.0033333333333333335	0.0068211696175398935
0.008333333333333333	0.017364788895304933
0.01583333333333333	0.03358871434913202
0.02708333333333333	0.05857024753856475
0.043958333333333335	0.09711460453756798
0.06927083333333334	0.1567443696442533
0.10723958333333333	0.24926342791428535
0.16419270833333333	0.393207229540381
0.24962239583333334	0.617613694553433
0.3496223958333333	0.8896510398099268
0.4496223958333333	1.1690192578891525
0.5496223958333333	1.4537994223651165
0.6496223958333333	1.7426082392584488
0.7496223958333332	2.034381533442904
0.8496223958333332	2.328263813402427
0.9496223958333332	2.6235448042867278
1.0496223958333333	2.919621129561432
1.1000000000000003	3.0689110662836425
1000001.1	3.0689110662836425
