-100000	0
0	0
0.0033333333333333335	0.006821188080966165
0.008333333333333333	0.01736483443272908
0.01583333333333333	0.03358880009980423
0.02708333333333333	0.05857038719158102
0.043958333333333335	0.09711483649407979
0.06927083333333334	0.15674472707564946
0.10723958333333333	0.24926396513373353
0.16419270833333333	0.3932080200562829
0.24962239583333334	0.6176148158128602
0.3496223958333333	0.8896524916051797
0.4496223958333333	1.1690209824267186
0.5496223958333333	1.4538013433688037
0.6496223958333333	1.7426102878597793
0.7496223958333332	2.034383662284776
0.8496223958333332	2.3282659424237564
0.9496223958333332	2.6235468775960467
1.0496223958333333	2.9196230719858867
1.1000000000000003	3.0689140973174247
1000001.1	3.0689140973174247
