-100000	0
0	0
0.0033333333333333335	0.006821198685809755
0.008333333333333333	0.017364904014359993
0.01583333333333333	0.03358893259231532
0.02708333333333333	0.058570614370602084
0.043958333333333335	0.09711520547684754
0.06927083333333334	0.1567453068981022
0.10723958333333333	0.24926485627756467
0.16419270833333333	0.39320935964883497
0.24962239583333334	0.6176168061959335
0.3496223958333333	0.8896551752996191
0.4496223958333333	1.1690243187917142
0.5496223958333333	1.453805291972073
0.6496223958333333	1.7426147521486717
0.7496223958333332	2.0343886195867573
0.8496223958333332	2.3282713434205284
0.9496223958333332	2.623552665162906
1.0496223958333333	2.9196292041348286
1.1000000000000003	3.0689187820705093
1000001.1	3.0689187820705093
