-100000	0
0	0
0.0033333333333333335	0.006821204524378608
0.008333333333333333	0.017364876013667988
0.01583333333333333	0.033588879496707226
0.02708333333333333	0.05857052883584461
0.043958333333333335	0.09711505899890163
0.06927083333333334	0.15674507837001495
0.10723958333333333	0.2492645085257613
0.16419270833333333	0.3932088409177166
0.24962239583333334	0.6176160560909845
0.3496223958333333	0.8896541771474734
0.4496223958333333	1.169023098930049
0.5496223958333333	1.453803891373207
0.6496223958333333	1.7426132017004097
0.7496223958333332	2.034386935952405
0.8496223958333332	2.3282695687225665
0.9496223958333332	2.6235508258783513
1.0496223958333333	2.9196273342688013
1.1000000000000003	3.068916886087472
1000001.1	3.068916886087472
