-100000	0
0	0
0.0033333333333333335	0.0068212132206428985
0.008333333333333333	0.017364897684258675
0.01583333333333333	0.03358892053261596
0.02708333333333333	0.05857059371415797
0.043958333333333335	0.09711517204097798
0.06927083333333334	0.1567452544382925
0.10723958333333333	0.24926477588932772
0.16419270833333333	0.3932092390090668
0.24962239583333334	0.6176166308716671
0.3496223958333333	0.8896549400737639
0.4496223958333333	1.1690240288227522
0.5496223958333333	1.453804959362883
0.6496223958333333	1.742614382198239
0.7496223958333332	2.034388219102852
0.8496223958333332	2.328270920513493
0.9496223958333332	2.623552226068801
1.0496223958333333	2.919628756160196
1.1000000000000003	3.0689183385028356
1000001.1	3.0689183385028356
