-100000	0
0	0
0.0033333333333333335	0.006821148887351024
0.008333333333333333	0.017364738016242033
0.01583333333333333	0.0335886200300103
0.02708333333333333	0.058570085424137164
0.043958333333333335	0.09711436132232465
0.06927083333333334	0.15674400032173394
0.10723958333333333	0.2492628795030447
0.16419270833333333	0.3932064318631148
0.24962239583333334	0.6176125370025982
0.3496223958333333	0.8896495657728417
0.4496223958333333	1.1690175519495296
0.5496223958333333	1.453797468862187
0.6496223958333333	1.7426061312964798
0.7496223958333332	2.034379305462001
0.8496223958333332	2.3282614926196117
0.9496223958333332	2.6235424718485603
1.0496223958333333	2.919618807372428
1.1000000000000003	3.068908526841351
1000001.1	3.068908526841351
