-100000	0
0	0
0.0033333333333333335	0.006821135833330187
0.008333333333333333	0.01736474708783745
0.01583333333333333	0.033588635527387535
0.02708333333333333	0.058570109619669825
0.043958333333333335	0.09711439436074218
0.06927083333333334	0.15674404541048054
0.10723958333333333	0.24926295026868522
0.16419270833333333	0.3932065314884716
0.24962239583333334	0.6176126587957327
0.3496223958333333	0.889649656235504
0.4496223958333333	1.1690176421232992
0.5496223958333333	1.4537975511608712
0.6496223958333333	1.7426061920884883
0.7496223958333332	2.0343793841104327
0.8496223958333332	2.328261608123429
0.9496223958333332	2.6235425858527828
1.0496223958333333	2.9196191021137365
1.1000000000000003	3.0689086122989253
1000001.1	3.0689086122989253
