-100000	0
0	0
0.0033333333333333335	0.006821204474937687
0.008333333333333333	0.017364904014359996
0.01583333333333333	0.03358893259231531
0.02708333333333333	0.05857061803188887
0.043958333333333335	0.09711520547684714
0.06927083333333334	0.1567453068981016
0.10723958333333333	0.24926485627756528
0.16419270833333333	0.3932093596488363
0.24962239583333334	0.6176168061959338
0.3496223958333333	0.8896551752996191
0.4496223958333333	1.1690243184522204
0.5496223958333333	1.4538052919720725
0.6496223958333333	1.742614752148671
0.7496223958333332	2.0343886195867564
0.8496223958333332	2.3282713434205298
0.9496223958333332	2.623552665162913
1.0496223958333333	2.9196299792504345
1.1000000000000003	3.068918782070502
1000001.1	3.068918782070502
