-100000	0
0	0
0.0033333333333333335	0.006821215744747253
0.008333333333333333	0.017364904014359965
0.01583333333333333	0.03358893259231522
0.02708333333333333	0.05857061986239218
0.043958333333333335	0.09711520547684725
0.06927083333333334	0.15674530689810245
0.10723958333333333	0.24926485627756512
0.16419270833333333	0.3932093596488347
0.24962239583333334	0.6176168061959325
0.3496223958333333	0.8896551752996199
0.4496223958333333	1.1690243177346742
0.5496223958333333	1.4538052919720734
0.6496223958333333	1.742614752148673
0.7496223958333332	2.0343886195867533
0.8496223958333332	2.328271343420536
0.9496223958333332	2.623552665162912
1.0496223958333333	2.9196292041348335
1.1000000000000003	3.0689187820705173
1000001.1	3.0689187820705173
