-100000	0
0	0
0.0033333333333333335	0.006821215744747249
0.008333333333333333	0.01736490401436002
0.01583333333333333	0.033588932592315275
0.02708333333333333	0.05857061437060204
0.043958333333333335	0.09711520547684703
0.06927083333333334	0.1567453068981021
0.10723958333333333	0.24926485627756512
0.16419270833333333	0.3932093596488354
0.24962239583333334	0.6176168061959315
0.3496223958333333	0.88965517529962
0.4496223958333333	1.1690243177346782
0.5496223958333333	1.453805291972077
0.6496223958333333	1.7426147521486701
0.7496223958333332	2.034388619586758
0.8496223958333332	2.3282713434205347
0.9496223958333332	2.6235526651629164
1.0496223958333333	2.9196292041348264
1.1000000000000003	3.0689187820705026
1000001.1	3.0689187820705026
