-100000	0
0	0
0.0033333333333333335	0.006821171265311735
0.008333333333333333	0.017364793738048584
0.01583333333333333	0.03358872523478314
0.02708333333333333	0.05857026330781057
0.043958333333333335	0.09711464478259077
0.06927083333333334	0.15674443881661698
0.10723958333333333	0.24926353847064453
0.16419270833333333	0.3932074028452923
0.24962239583333334	0.6176139944212852
0.3496223958333333	0.8896514741031873
0.4496223958333333	1.1690198335977042
0.5496223958333333	1.45380009812873
0.6496223958333333	1.7426090218730925
0.7496223958333332	2.0343824071533376
0.8496223958333332	2.328264779842281
0.9496223958333332	2.623545861106014
1.0496223958333333	2.9196222519384807
1.1000000000000003	3.068911980959821
1000001.1	3.068911980959821
