-100000	0
0	0
0.0033333333333333335	0.0068211369338737156
0.008333333333333333	0.01736474957815959
0.01583333333333333	0.033588640499144035
0.02708333333333333	0.058570117748700065
0.043958333333333335	0.0971144066093453
0.06927083333333334	0.15674406937762153
0.10723958333333333	0.24926297540393194
0.16419270833333333	0.39320656802249226
0.24962239583333334	0.6176127694953961
0.3496223958333333	0.8896498905493355
0.4496223958333333	1.1690179613946714
0.5496223958333333	1.4537980209247918
0.6496223958333333	1.7426067962625766
0.7496223958333332	2.034380029318387
0.8496223958333332	2.3282622398805826
0.9496223958333332	2.623543164285562
1.0496223958333333	2.9196194537735236
1.1000000000000003	3.068909844709745
1000001.1	3.068909844709745
