-100000	0
0	0
0.0033333333333333335	0.00682119077426807
0.008333333333333333	0.017364870041623053
0.01583333333333333	0.03358886833003383
0.02708333333333333	0.05857050953992417
0.043958333333333335	0.09711503189502721
0.06927083333333334	0.15674503949180468
0.10723958333333333	0.2492644576934985
0.16419270833333333	0.39320878458665165
0.24962239583333334	0.6176160152819995
0.3496223958333333	0.8896541936790021
0.4496223958333333	1.1690232216069627
0.5496223958333333	1.4538041647415811
0.6496223958333333	1.7426136149246998
0.7496223958333332	2.0343874838111864
0.8496223958333332	2.3282702085355123
0.9496223958333332	2.6235515296707286
1.0496223958333333	2.9196280621378135
1.1000000000000003	3.0689176504387254
1000001.1	3.0689176504387254
