-100000	0
0	0
0.0033333333333333335	0.006821196418271591
0.008333333333333333	0.017364855824448827
0.01583333333333333	0.03358884154427662
0.02708333333333333	0.05857046541372971
0.043958333333333335	0.09711495648606797
0.06927083333333334	0.15674492096358766
0.10723958333333333	0.24926426537370241
0.16419270833333333	0.3932084811713616
0.24962239583333334	0.6176155336654241
0.3496223958333333	0.889653494295622
0.4496223958333333	1.1690222599314612
0.5496223958333333	1.4538029362480265
0.6496223958333333	1.7426121355185424
0.7496223958333332	2.0343858006561306
0.8496223958333332	2.3282683648774043
0.9496223958333332	2.6235495837817906
1.0496223958333333	2.9196260690261244
1.1000000000000003	3.0689156519795127
1000001.1	3.0689156519795127
