-100000	0
0	0
0.0033333333333333335	0.006821196507480072
0.008333333333333333	0.01736485636104881
0.01583333333333333	0.033588843040169014
0.02708333333333333	0.05857046292484933
0.043958333333333335	0.09711496294895124
0.06927083333333334	0.1567449317080791
0.10723958333333333	0.24926428710787732
0.16419270833333333	0.3932085196010788
0.24962239583333334	0.6176156027372748
0.3496223958333333	0.8896535920888634
0.4496223958333333	1.1690223895935965
0.5496223958333333	1.4538030976400387
0.6496223958333333	1.742612327924069
0.7496223958333332	2.0343860152958047
0.8496223958333332	2.3282686020242864
0.9496223958333332	2.6235498357232103
1.0496223958333333	2.919626337908275
1.1000000000000003	3.068915829458305
1000001.1	3.068915829458305
