-100000	0
0	0
0.0033333333333333335	0.0068211946075998125
0.008333333333333333	0.017364851313640243
0.01583333333333333	0.03358883294577687
0.02708333333333333	0.05857045085824831
0.043958333333333335	0.09711493465040824
0.06927083333333334	0.15674488587143015
0.10723958333333333	0.2492642165251477
0.16419270833333333	0.39320840885949726
0.24962239583333334	0.6176154080668459
0.3496223958333333	0.8896533215609207
0.4496223958333333	1.1690220725381752
0.5496223958333333	1.4538027084288259
0.6496223958333333	1.7426118762954521
0.7496223958333332	2.0343855191332945
0.8496223958333332	2.328268067555926
0.9496223958333332	2.6235492778543694
1.0496223958333333	2.9196263799709614
1.1000000000000003	3.0689153676846916
1000001.1	3.0689153676846916
