-100000	0
0	0
0.0033333333333333335	0.0068210915391188716
0.008333333333333333	0.01736459308275889
0.01583333333333333	0.03358834143044415
0.02708333333333333	0.05856960399197197
0.043958333333333335	0.09711357195986342
0.06927083333333334	0.15674275040455893
0.10723958333333333	0.2492609490695772
0.16419270833333333	0.3932034786608793
0.24962239583333334	0.6176082440938034
0.3496223958333333	0.8896437759923734
0.4496223958333333	1.1690103661763556
0.5496223958333333	1.4537891552000368
0.6496223958333333	1.7425967767952737
0.7496223958333332	2.03436918198701
0.8496223958333332	2.3282508168563574
0.9496223958333332	2.623531383550321
1.0496223958333333	2.9196075128690784
1.1000000000000003	3.0688972776551866
1000001.1	3.0688972776551866
