-100000	0
0	0
0.0033333333333333335	0.006821048813415839
0.008333333333333333	0.017364487133297978
0.01583333333333333	0.033588142171827096
0.02708333333333333	0.05856926744976848
0.043958333333333335	0.09711303231955139
0.06927083333333334	0.15674191697570325
0.10723958333333333	0.24925969550269025
0.16419270833333333	0.39320164491530385
0.24962239583333334	0.6176055735259589
0.3496223958333333	0.8896402308862873
0.4496223958333333	1.1690060965232272
0.5496223958333333	1.4537842698550325
0.6496223958333333	1.74259142924686
0.7496223958333332	2.0343634273998066
0.8496223958333332	2.328244747785542
0.9496223958333332	2.6235251101172246
1.0496223958333333	2.919601173063646
1.1000000000000003	3.0688907820265734
1000001.1	3.0688907820265734
