-100000	0
0	0
0.0033333333333333335	0.006821134167478366
0.008333333333333333	0.017364742931044834
0.01583333333333333	0.03358862763652236
0.02708333333333333	0.05857009616637916
0.043958333333333335	0.09711437132433696
0.06927083333333334	0.1567440104369808
0.10723958333333333	0.24926288529271856
0.16419270833333333	0.3932064528708291
0.24962239583333334	0.617612544563007
0.3496223958333333	0.8896495104049478
0.4496223958333333	1.1690174270502458
0.5496223958333333	1.453797394365903
0.6496223958333333	1.7426058979403778
0.7496223958333332	2.034379127295933
0.8496223958333332	2.328261327653103
0.9496223958333332	2.6235422956462457
1.0496223958333333	2.9196186501815524
1.1000000000000003	3.0689083277725637
1000001.1	3.0689083277725637
