-100000	0
0	0
0.0033333333333333335	0.006821204474937684
0.008333333333333333	0.01736490401436002
0.01583333333333333	0.03358893259231528
0.02708333333333333	0.05857061802466332
0.043958333333333335	0.09711520547684739
0.06927083333333334	0.1567453068981022
0.10723958333333333	0.24926485627756528
0.16419270833333333	0.39320935964883513
0.24962239583333334	0.6176168061959344
0.3496223958333333	0.8896551752996199
0.4496223958333333	1.1690243184393871
0.5496223958333333	1.4538052919720752
0.6496223958333333	1.7426147521486708
0.7496223958333332	2.034388619586763
0.8496223958333332	2.3282713434205324
0.9496223958333332	2.6235526651629133
1.0496223958333333	2.91962920413482
1.1000000000000003	3.0689187820704897
1000001.1	3.0689187820704897
