-100000	0
0	0
0.0033333333333333335	0.006821182460349545
0.008333333333333333	0.01736482103897125
0.01583333333333333	0.03358877585892339
0.02708333333333333	0.058570353828756534
0.043958333333333335	0.09711477676126493
0.06927083333333334	0.15674464009912806
0.10723958333333333	0.24926384336531046
0.16419270833333333	0.39320785847134815
0.24962239583333334	0.6176146136270009
0.3496223958333333	0.8896522794226197
0.4496223958333333	1.1690207955582472
0.5496223958333333	1.4538012145212529
0.6496223958333333	1.742610219264409
0.7496223958333332	2.034383736316308
0.8496223958333332	2.328266187222951
0.9496223958333332	2.6235473326481205
1.0496223958333333	2.9196237869666763
1.1000000000000003	3.0689134157753704
1000001.1	3.0689134157753704
