-100000	0
0	0
0.0033333333333333335	0.006821154066013305
0.008333333333333333	0.017364750250161685
0.01583333333333333	0.03358864161071895
0.02708333333333333	0.05857011947419673
0.043958333333333335	0.09711440880273366
0.06927083333333334	0.15674406692840206
0.10723958333333333	0.24926297211837847
0.16419270833333333	0.3932065539554174
0.24962239583333334	0.6176127206355098
0.3496223958333333	0.8896497516813753
0.4496223958333333	1.16901772533279
0.5496223958333333	1.4537976927069054
0.6496223958333333	1.7426063178676556
0.7496223958333332	2.0343795169052905
0.8496223958333332	2.3282617388010345
0.9496223958333332	2.623542727763484
1.0496223958333333	2.919619101139288
1.1000000000000003	3.0689086454791323
1000001.1	3.0689086454791323
