-100001.1	0
-0.000000000008730793865652231	0
0.0033333333246026164	0.021575206332157273
0.00833333332460251	0.05393644376392357
0.015833333324602572	0.10247475249513041
0.027083333324602554	0.17527419989461535
0.04395833332460253	0.2844552208899995
0.0692708333246026	0.4481855272505412
0.1072395833246027	0.6936869227718818
0.16419270832460264	1.0617229592945585
0.24962239582460266	1.6132759934551963
0.34962239582460275	2.2580741373399906
0.44962239582460284	2.9021436488437513
0.5496223958246029	3.545426829502281
0.649622395824603	4.187929401309405
0.7496223958246031	4.829657086258942
0.8496223958246032	5.4706156063447295
0.9496223958246031	6.111575630673426
1.0496223958246031	6.752382742565472
1.1496223958246032	7.393626877999989
1.2496223958246033	8.035305100435359
1.3496223958246034	8.677414473329941
1.4496223958246035	9.319952060142118
1.5496223958246036	9.962914924330274
1.6496223958246037	10.60630012935276
1.7496223958246038	11.250104738667968
1.8496223958246039	11.894325815734284
1.949622395824604	12.53896042401004
2.049622395824604	13.184005626953677
2.149622395824604	13.829458488023512
2.249622395824604	14.475316070677946
2.3496223958246043	15.117684551647537
2.4496223958246044	15.760620535515635
2.5496223958246045	16.411498245997322
2.6496223958246046	16.79694034695191
2.7496223958246047	16.79694034695191
2.8496223958246047	16.79694034695191
2.949622395824605	16.79694034695191
3.0496223958246045	16.79694034695191
3.149622395824604	16.79694034695191
3.2496223958246038	16.79694034695191
3.3496223958246034	16.79694034695191
3.449622395824603	16.79694034695191
3.5496223958246027	16.79694034695191
3.6496223958246023	16.79694034695191
3.749622395824602	16.79694034695191
3.8496223958246016	16.79694034695191
3.9496223958246013	16.79694034695191
4.049622395824601	16.79694034695191
4.149622395824601	16.79694034695191
4.2496223958246	16.79694034695191
4.3496223958246	16.79694034695191
4.4496223958245995	16.79694034695191
4.549622395824599	16.79694034695191
4.649622395824599	16.79694034695191
4.749622395824598	16.79694034695191
4.849622395824598	16.79694034695191
4.949622395824598	16.79694034695191
5.049622395824597	16.79694034695191
5.149622395824597	16.79694034695191
5.249622395824597	16.79694034695191
5.349622395824596	16.79694034695191
5.449622395824596	16.79694034695191
5.549622395824596	16.79694034695191
5.649622395824595	16.79694034695191
5.749622395824595	16.79694034695191
5.8496223958245945	16.79694034695191
5.949622395824594	16.79694034695191
6.049622395824594	16.79694034695191
6.1496223958245935	16.79694034695191
6.249622395824593	16.79694034695191
6.349622395824593	16.79694034695191
6.449622395824592	16.79694034695191
6.549622395824592	16.79694034695191
6.649622395824592	16.79694034695191
6.749622395824591	16.79694034695191
6.849622395824591	16.79694034695191
6.949622395824591	16.79694034695191
7.04962239582459	16.79694034695191
7.14962239582459	16.79694034695191
7.24962239582459	16.79694034695191
7.349622395824589	16.79694034695191
7.449622395824589	16.79694034695191
7.5496223958245885	16.79694034695191
7.649622395824588	16.79694034695191
7.749622395824588	16.79694034695191
7.849622395824587	16.79694034695191
7.949622395824587	16.79694034695191
8.049622395824587	16.79694034695191
8.149622395824586	16.79694034695191
8.249622395824586	16.79694034695191
8.349622395824586	17.759151324943108
8.449622395824585	18.725532656111472
8.549622395824585	19.686558222516968
8.649622395824585	20.641226866961244
8.749622395824584	21.589632436208014
8.849622395824584	22.531868777020975
8.949622395824584	23.97725412825741
9.049622395824583	25.074845236335264
9.149622395824583	26.185704687619392
9.249622395824582	27.317629934506964
9.349622395824582	28.442830137263034
9.449622395824582	29.571187225971517
9.549622395824581	30.640048943551744
9.649622395824581	31.74713539544657
9.74962239582458	32.86990762816342
9.84962239582458	34.00803943003248
9.94962239582458	35.161204589384056
10.04962239582458	36.27734530620792
10.14962239582458	37.423404865066594
10.249622395824579	38.52793313214123
10.349622395824579	39.6309028217599
10.449622395824578	40.712563154747855
10.549622395824578	41.82285800942316
10.649622395824577	42.819932943234896
10.749622395824577	43.79322196054564
10.805	44.38147235837107
1000010.805	44.38147235837107
