-100001.1	0
-0.000000000008730793865652231	0
0.0033333333246026164	0.025229374933399752
0.00833333332460251	0.06307343743339835
0.015833333324602572	0.11983953118339802
0.027083333324602554	0.2049886718083984
0.04395833332460253	0.3327123827458972
0.0692708333246026	0.5242979491521458
0.1072395833246027	0.8116762987615195
0.16419270832460264	1.2427438231755785
0.24962239582460266	1.8893451097966691
0.34962239582460275	2.6462263597966675
0.44962239582460284	3.403107609796663
0.5496223958246029	4.1599888597966554
0.649622395824603	4.916870109796653
0.7496223958246031	5.673751359796651
0.8496223958246032	6.430632609796648
0.9496223958246031	7.18751385979664
1.0496223958246031	7.944395109796629
1.1496223958246032	8.701276359796633
1.2496223958246033	9.458157609796634
1.3496223958246034	10.215038859796627
1.4496223958246035	10.971920109796615
1.5496223958246036	11.728801359796618
1.6496223958246037	12.485682609796623
1.7496223958246038	13.242563859796611
1.8496223958246039	13.99944510979661
1.949622395824604	14.75632635979659
2.049622395824604	15.513207610062349
2.149622395824604	16.270088862198744
2.249622395824604	17.026970117531494
2.3496223958246043	17.783851376158143
2.4496223958246044	18.540732638053022
2.5496223958246045	19.29761390316976
2.6496223958246046	19.927195835134885
2.7496223958246047	20.362795835134886
2.8496223958246047	20.798395835134873
2.949622395824605	21.23399583513489
3.0496223958246045	21.669595835134867
3.149622395824604	22.105195835134843
3.2496223958246038	22.540795835134862
3.3496223958246034	22.97639583513485
3.449622395824603	23.41199583513482
3.5496223958246027	23.847595835134797
3.6496223958246023	24.28319583513481
3.749622395824602	24.718795835134785
3.8496223958246016	25.154395835134775
3.9496223958246013	25.58999583513478
4.049622395824601	26.02559583513477
4.149622395824601	26.461195835134763
4.2496223958246	26.896795835134743
4.3496223958246	27.33239583513475
4.4496223958245995	27.767995835134744
4.549622395824599	28.203595835134717
4.649622395824599	28.639195835134714
4.749622395824598	29.074795835134697
4.849622395824598	29.510395835134698
4.949622395824598	29.945995835134713
5.049622395824597	30.381595835134735
5.149622395824597	30.817195835134747
5.249622395824597	31.252795835134748
5.349622395824596	31.6883958351348
5.449622395824596	32.1239958351348
5.549622395824596	32.55959583513482
5.649622395824595	32.99519583513483
5.749622395824595	33.43079583513487
5.8496223958245945	33.86639583513488
5.949622395824594	34.30199583513491
6.049622395824594	34.737595835134925
6.1496223958245935	35.17319583513494
6.249622395824593	35.60879583513494
6.349622395824593	36.044395835135006
6.449622395824592	36.479995835135014
6.549622395824592	36.91559583513498
6.649622395824592	37.35119583513501
6.749622395824591	37.78679583513503
6.849622395824591	38.22239583513506
6.949622395824591	38.657995835135075
7.04962239582459	39.09359583513507
7.14962239582459	39.529195835135084
7.24962239582459	39.96479583513507
7.349622395824589	40.4003958351351
7.449622395824589	40.83599583513505
7.5496223958245885	41.27159583513509
7.649622395824588	41.70719583513506
7.749622395824588	42.14279583513507
7.849622395824587	42.578395835135034
7.949622395824587	43.01399583513505
8.049622395824587	43.44959583513499
8.149622395824586	43.88519583513502
8.249622395824586	44.320795835135016
8.349622395824586	45.2955522413377
8.449622395824585	46.27235224133769
8.549622395824585	47.24915224133765
8.649622395824585	48.225952241337644
8.749622395824584	49.2027522413376
8.849622395824584	50.17955224133765
8.949622395824584	51.15635224133763
9.049622395824583	52.133152241337605
9.149622395824583	53.109952241337595
9.249622395824582	54.08675224133755
9.349622395824582	55.06355224133751
9.449622395824582	56.04035224133751
9.549622395824581	57.01715224133758
9.649622395824581	57.993952241337574
9.74962239582458	58.9707522413375
9.84962239582458	59.94755224133751
9.94962239582458	60.92435224133756
10.04962239582458	61.9011522413375
10.14962239582458	62.877952241337475
10.249622395824579	63.854752241337486
10.349622395824579	64.83155224133746
10.449622395824578	65.80835224133747
10.549622395824578	66.7851522413375
10.649622395824577	67.76195224133744
10.749622395824577	68.73875224133741
10.805	69.27968067892297
1000010.805	69.27968067892297
