-100001.1	0
-0.000000000008730793865652231	0
0.0033333333246026164	0.026447291596546157
0.00833333332460251	0.06611822909654515
0.015833333324602572	0.12562463534654567
0.027083333324602554	0.21488424472154632
0.04395833332460253	0.3487736587840462
0.0692708333246026	0.5496077798777966
0.1072395833246027	0.8508589615184238
0.16419270832460264	1.3027357339793615
0.24962239582460266	1.980550892670771
0.34962239582460275	2.773969642670776
0.44962239582460284	3.5673883926707735
0.5496223958246029	4.3608071426707795
0.649622395824603	5.1542258926707785
0.7496223958246031	5.947644642670788
0.8496223958246032	6.741063392670788
0.9496223958246031	7.534482142670792
1.0496223958246031	8.32790089267079
1.1496223958246032	9.121319642670805
1.2496223958246033	9.914738392670802
1.3496223958246034	10.7081571426708
1.4496223958246035	11.501575892670804
1.5496223958246036	12.294994642670813
1.6496223958246037	13.088413392670809
1.7496223958246038	13.881832142670804
1.8496223958246039	14.675250892670816
1.949622395824604	15.468669642670816
2.049622395824604	16.262088393940942
2.149622395824604	17.055507148195108
2.249622395824604	17.848925905440876
2.3496223958246043	18.64234466548062
2.4496223958246044	19.435763427739833
2.5496223958246045	20.229182191621963
2.6496223958246046	21.09526099540306
2.7496223958246047	22.072060995403092
2.8496223958246047	23.04886099540308
2.949622395824605	24.0256609954031
3.0496223958246045	25.002460995403087
3.149622395824604	25.97926099540307
3.2496223958246038	26.956060995403078
3.3496223958246034	27.932860995403093
3.449622395824603	28.90966099540309
3.5496223958246027	29.88646099540308
3.6496223958246023	30.863260995403063
3.749622395824602	31.840060995403075
3.8496223958246016	32.816860995403076
3.9496223958246013	33.79366099540307
4.049622395824601	34.770460995403084
4.149622395824601	35.747260995403074
4.2496223958246	36.72406099540309
4.3496223958246	37.700860995403055
4.4496223958245995	38.677660995403066
4.549622395824599	39.65446099540311
4.649622395824599	40.63126099540307
4.749622395824598	41.60806099540308
4.849622395824598	42.584860995403126
4.949622395824598	43.5616609954032
5.049622395824597	44.538460995403284
5.149622395824597	45.51526099540348
5.249622395824597	46.49206099540366
5.349622395824596	47.46886099540385
5.449622395824596	48.44566099540407
5.549622395824596	49.422460995404286
5.649622395824595	50.399260995404546
5.749622395824595	51.37606099540472
5.8496223958245945	52.3528609954049
5.949622395824594	53.32966099540513
6.049622395824594	54.30646099540531
6.1496223958245935	55.28326099540548
6.249622395824593	56.26006099540563
6.349622395824593	57.236860995405785
6.449622395824592	58.213660995405874
6.549622395824592	59.190460995405985
6.649622395824592	60.16726099540605
6.749622395824591	61.14406099540614
6.849622395824591	62.12086099540614
6.949622395824591	63.09766099540618
7.04962239582459	64.07446099540623
7.14962239582459	65.05126099540624
7.24962239582459	66.0280609954063
7.349622395824589	67.00486099540626
7.449622395824589	67.98166099540624
7.5496223958245885	68.95846099540624
7.649622395824588	69.93526099540622
7.749622395824588	70.91206099540624
7.849622395824587	71.88886099540625
7.949622395824587	72.86566099540626
8.049622395824587	73.84246099540621
8.149622395824586	74.81926099540622
8.249622395824586	75.7960609954063
8.349622395824586	76.77286099540626
8.449622395824585	77.7496609954063
8.549622395824585	78.7264609954062
8.649622395824585	79.70326099540618
8.749622395824584	80.68006099540625
8.849622395824584	81.65686099540625
8.949622395824584	82.63366099540619
9.049622395824583	83.61046099540629
9.149622395824583	84.58726099540625
9.249622395824582	85.56406099540627
9.349622395824582	86.54086099540628
9.449622395824582	87.51766099540623
9.549622395824581	88.49446099540626
9.649622395824581	89.47126099540631
9.74962239582458	90.44806099540627
9.84962239582458	91.42486099540622
9.94962239582458	92.40166099540625
10.04962239582458	93.37846099540623
10.14962239582458	94.35526099540627
10.249622395824579	95.33206099540617
10.349622395824579	96.30886099540623
10.449622395824578	97.28566099540627
10.549622395824578	98.26246099540617
10.649622395824577	99.2392609954062
10.749622395824577	100.21606099540622
10.805	100.7569894329917
1000010.805	100.7569894329917
