-100001.1	0
-0.000000000008730793865652231	0
0.0033333333246026164	0.030074795007953063
0.00833333332460251	0.07518686719823407
0.015833333324602572	0.14285509347915293
0.027083333324602554	0.24435585070642135
0.04395833332460253	0.39660526712344335
0.0692708333246026	0.6249770913922523
0.1072395833246027	0.9672636143358656
0.16419270832460264	1.4804535022450622
0.24962239582460266	2.2478335363548143
0.34962239582460275	3.146715327243867
0.44962239582460284	4.0449375180299025
0.5496223958246029	4.942228866198977
0.649622395824603	5.832743511443676
0.7496223958246031	6.72389734166856
0.8496223958246032	7.614505639557246
0.9496223958246031	8.501640987852843
1.0496223958246031	9.385490399453394
1.1496223958246032	10.270301232554461
1.2496223958246033	11.151393996530004
1.3496223958246034	12.025196962060637
1.4496223958246035	12.893564015939583
1.5496223958246036	13.764046209530676
1.6496223958246037	14.636494070846178
1.7496223958246038	15.511840589087628
1.8496223958246039	16.38936423695283
1.949622395824604	17.2784069788465
2.049622395824604	18.15569322627694
2.149622395824604	19.03435138222847
2.249622395824604	19.914414636869488
2.3496223958246043	20.800106289662008
2.4496223958246044	21.6888274037015
2.5496223958246045	22.582436208253366
2.6496223958246046	23.483448660692286
2.7496223958246047	24.43261446531551
2.8496223958246047	25.386369926173213
2.949622395824605	26.380833711739587
3.0496223958246045	27.363498528691373
3.149622395824604	28.332302701249482
3.2496223958246038	29.302856172946434
3.3496223958246034	30.275026100651377
3.449622395824603	31.24736402734295
3.5496223958246027	32.22111387201882
3.6496223958246023	33.19204761755718
3.749622395824602	34.16718532285377
3.8496223958246016	35.14420380033016
3.9496223958246013	36.12180170372505
4.049622395824601	37.09939960711987
4.149622395824601	38.07699751051472
4.2496223958246	39.05459541390955
4.3496223958246	40.032193317304404
4.4496223958245995	41.00979122069927
4.549622395824599	41.987389124094086
4.649622395824599	42.95755667497861
4.749622395824598	43.93552913981885
4.849622395824598	44.906166421503976
4.949622395824598	45.88194006842659
5.049622395824597	46.85771371534918
5.149622395824597	47.833487362271754
5.249622395824597	48.809261009194415
5.349622395824596	49.79492398743487
5.449622395824596	50.773198500250686
5.549622395824596	51.74247999093456
5.649622395824595	52.720946721881916
5.749622395824595	53.69941345282935
5.8496223958245945	54.677880183776736
5.949622395824594	55.65634691472408
6.049622395824594	56.64198576816739
6.1496223958245935	57.61811215020258
6.249622395824593	58.57650574463557
6.349622395824593	59.55316011050568
6.449622395824592	60.529814476375854
6.549622395824592	61.51352578848899
6.649622395824592	62.488747408861094
6.749622395824591	63.46396902923322
6.849622395824591	64.43919064960534
6.949622395824591	65.39989725883986
7.04962239582459	66.37743259018934
7.14962239582459	67.35496792153879
7.24962239582459	68.3325032528883
7.349622395824589	69.31003858423779
7.449622395824589	70.2875739155873
7.5496223958245885	71.26510924693676
7.649622395824588	72.24264457828626
7.749622395824588	73.2046279345294
7.849622395824587	74.18183448299646
7.949622395824587	75.17014569028404
8.049622395824587	76.14550584340162
8.149622395824586	77.12086599651919
8.249622395824586	78.09622614963678
8.349622395824586	79.07158630275426
8.449622395824585	80.02544567197758
8.549622395824585	81.00294219173686
8.649622395824585	81.98043871149626
8.749622395824584	82.95793523125555
8.849622395824584	83.93543175101497
8.949622395824584	84.91292827077432
9.049622395824583	85.89042479053361
9.149622395824583	86.87871515800705
9.249622395824582	87.8539021995693
9.349622395824582	88.81846808595482
9.449622395824582	89.79833907552126
9.549622395824581	90.77405607484347
9.649622395824581	91.74977307416557
9.74962239582458	92.72549007348768
9.84962239582458	93.70120707280995
9.94962239582458	94.66386835806307
10.04962239582458	95.64136633227083
10.14962239582458	96.61886430647863
10.249622395824579	97.5963622806864
10.349622395824579	98.5738602548941
10.449622395824578	99.55867010985052
10.549622395824578	100.5344519616993
10.649622395824577	101.51023381354824
10.749622395824577	102.48601566539709
10.805	103.0521196658192
1000010.805	103.0521196658192
