-100001.1	0
0	0
0.0033333333333334103	0.032097551442093135
0.008333333333333304	0.08029307964591277
0.015833333333333366	0.1526970376784062
0.027083333333333348	0.2615242521581227
0.04395833333333332	0.4252116788785108
0.06927083333333339	0.6719264543850234
0.1072395833333335	1.0445269493992893
0.16419270833333344	1.6089022892174933
0.24962239583333345	2.462533900544107
0.34962239583333354	3.469096546934469
0.44962239583333363	4.481904828915724
0.5496223958333337	5.501389760917993
0.6496223958333338	6.5277134310989195
0.7496223958333339	7.560494140604562
0.849622395833334	8.599463889534587
0.9496223958333339	9.645347033267484
1.049622395833334	10.697801936285183
1.149622395833334	11.754998493094444
1.2496223958333341	12.821310960330937
1.3496223958333342	13.893776132073162
1.4496223958333343	14.972905914031506
1.5496223958333344	16.05931570738448
1.6496223958333345	17.15162969861928
1.7496223958333346	18.250567768636817
1.8496223958333347	19.356128522641484
1.9496223958333347	20.464031171191973
2.049622395833335	21.580659924784772
2.149622395833335	22.702889806982938
2.249622395833335	23.833812885221615
2.349622395833335	24.95440956497958
2.449622395833335	26.071844281146216
2.5496223958333353	27.183845742089524
2.6496223958333354	28.28746964016371
2.7496223958333355	29.587473539398573
2.8496223958333355	30.6934003058447
2.9496223958333356	31.809506390110652
3.0496223958333353	32.92846640678376
3.149622395833335	34.053336888921955
3.2496223958333346	35.185868994097326
3.349622395833334	36.330093357064214
3.449622395833334	37.47338844265396
3.5496223958333335	38.621705769113525
3.649622395833333	39.77603920452983
3.749622395833333	40.93638403823958
3.8496223958333324	42.10273555958019
3.949622395833332	43.27508905788833
4.049622395833332	44.45343982250093
4.149622395833331	45.63778314275509
4.249622395833331	46.82811430798767
4.349622395833331	48.0173161057561
4.44962239583333	49.220876234158446
4.54962239583333	50.41979464593637
4.64962239583333	51.59372215252574
4.749622395833329	52.776058718157984
4.849622395833329	53.94786376500733
4.9496223958333285	55.11353908406073
5.049622395833328	56.273753634206926
5.149622395833328	57.42851398814536
5.2496223958333275	58.57782671857571
5.349622395833327	59.721698398197624
5.449622395833327	60.86264039631656
5.549622395833326	62.0585466443159
5.649622395833326	63.2583590279839
5.749622395833326	64.45654410141509
5.849622395833325	65.65309807651931
5.949622395833325	66.84801716520766
6.049622395833325	68.04329620410718
6.149622395833324	69.22423752302649
6.249622395833324	70.42402774969135
6.3496223958333236	71.59139366790528
6.449622395833323	72.75621488573361
6.549622395833323	73.9575856975553
6.6496223958333225	75.11769522346009
6.749622395833322	76.27972466428912
6.849622395833322	77.43528611228112
6.949622395833321	78.5843839031362
7.049622395833321	79.72702237255434
7.149622395833321	80.8724838965024
7.24962239583332	82.00234535321891
7.34962239583332	83.12575507397152
7.44962239583332	84.24271739810625
7.549622395833319	85.35323666496951
7.649622395833319	86.42078689239536
7.749622395833319	87.55538190190038
7.849622395833318	88.67357257449449
7.949622395833318	89.81693432725079
8.049622395833318	90.92437309856145
8.149622395833317	92.02061531652036
8.249622395833317	93.11689897436926
8.349622395833316	94.20120766241742
8.449622395833316	95.27355335793702
8.549622395833316	96.34460180236492
8.649622395833315	97.36166312059089
8.749622395833315	98.41757807543763
8.849622395833315	99.47717967737321
8.949622395833314	100.52960711253553
9.049622395833314	101.59652372346524
9.149622395833314	102.6952100490499
9.249622395833313	103.74655114531215
9.349622395833313	104.81243348357447
9.449622395833313	105.90482004549764
9.549622395833312	106.96887920808636
9.649622395833312	108.03633676434328
9.749622395833311	109.10023327159023
9.849622395833311	110.18362772593211
9.94962239583331	111.25694342399726
10.04962239583331	112.33179696960137
10.14962239583331	113.37329805601573
10.24962239583331	114.41631674232895
10.34962239583331	115.44921617708422
10.449622395833309	116.49286973965137
10.549622395833309	117.49119598329156
10.649622395833308	118.4793163770493
10.749622395833308	119.45725110234244
10.805	120.08421676336458
1000010.805	120.08421676336458
