-100006.313	0
0	0
0.0033333333333329662	0.007525000000001205
0.00833333333333286	0.018812500000001012
0.015833333333333144	0.03574375000000172
0.02708333333333357	0.06114062500000277
0.04395833333333332	0.09923593750000236
0.06927083333333339	0.15637890625000275
0.1072395833333335	0.24209335937500337
0.16419270833333321	0.37066503906250325
0.2496223958333328	0.563522558593753
0.34962239583333243	0.7892725585937534
0.4496223958333321	1.0150225585937533
0.5496223958333317	1.240772558593754
0.6496223958333314	1.4665225585937534
0.749622395833331	1.692272558593754
0.8496223958333307	1.9180225585937538
0.9496223958333303	2.1437725585937533
1.04962239583333	2.369522558593754
1.1496223958333296	2.595272558593753
1.2496223958333292	2.8210225585937545
1.3496223958333289	3.0467725585937533
1.4496223958333285	3.272522558593755
1.5496223958333282	3.4982725585937544
1.6496223958333278	3.7240225585937528
1.7496223958333275	3.9497725585937538
1.849622395833327	4.175522558593754
1.9496223958333267	4.401272558593754
2.0496223958333264	4.627022558593754
2.149622395833326	4.852772558593757
2.2496223958333257	5.078522558593756
2.3496223958333253	5.3042725585937545
2.449622395833325	5.530022558593757
2.5496223958333246	5.755772558593756
2.6496223958333243	5.981522558593757
2.749622395833324	6.207272558593757
2.8496223958333236	6.433022558593758
2.949622395833323	6.658772558593759
3.049622395833323	6.884522558593754
3.1496223958333225	7.1102725585937545
3.249622395833322	7.336022558593757
3.3369999999999997	7.5332775000000325
1000003.337	7.5332775000000325
