-100006.313	0
0	0
0.0033333333333329662	0.0072933333333345075
0.00833333333333286	0.018233333333334333
0.015833333333333144	0.034643333333335025
0.02708333333333357	0.05925833333333607
0.04395833333333332	0.09618083333333569
0.06927083333333339	0.15156458333333617
0.1072395833333335	0.23464020833333676
0.16419270833333321	0.35925364583333697
0.2496223958333328	0.5461738020833367
0.34962239583333243	0.7649738020833371
0.4496223958333321	0.9837738020833373
0.5496223958333317	1.2025738020833376
0.6496223958333314	1.421373802083338
0.749622395833331	1.6401738020833385
0.8496223958333307	1.8589738020833384
0.9496223958333303	2.0777738020833385
1.04962239583333	2.2965738020833384
1.1496223958333296	2.515373802083339
1.2496223958333292	2.73417380208334
1.3496223958333289	2.952973802083341
1.4496223958333285	3.17177380208334
1.5496223958333282	3.3905738020833396
1.6496223958333278	3.6093738020833412
1.7496223958333275	3.8281738020833393
1.849622395833327	4.046973802083342
1.9496223958333267	4.265773802083343
2.0496223958333264	4.484573802083342
2.149622395833326	4.703373802083344
2.2496223958333257	4.922173802083344
2.3496223958333253	5.140973802083342
2.449622395833325	5.359773802083343
2.5496223958333246	5.578573802083342
2.6496223958333243	5.797373802083345
2.749622395833324	6.016173802083345
2.8496223958333236	6.234973802083347
2.949622395833323	6.453773802083345
3.049622395833323	6.672573802083345
3.1496223958333225	6.891373802083344
3.249622395833322	7.110173802083345
3.3369999999999997	7.3013560000000375
1000003.337	7.3013560000000375
