-100006.313	0
0	0
0.0033333333333329662	0.0059033333333342805
0.00833333333333286	0.014758333333334128
0.015833333333333144	0.02804083333333469
0.02708333333333357	0.04796458333333553
0.04395833333333332	0.0778502083333352
0.06927083333333339	0.12267864583333551
0.1072395833333335	0.189921302083336
0.16419270833333321	0.29078528645833585
0.2496223958333328	0.4420812630208356
0.34962239583333243	0.6191812630208355
0.4496223958333321	0.7962812630208359
0.5496223958333317	0.9733812630208359
0.6496223958333314	1.150481263020836
0.749622395833331	1.3275812630208363
0.8496223958333307	1.5046812630208364
0.9496223958333303	1.6817812630208366
1.04962239583333	1.8588812630208364
1.1496223958333296	2.0359812630208363
1.2496223958333292	2.213081263020836
1.3496223958333289	2.3901812630208363
1.4496223958333285	2.5672812630208366
1.5496223958333282	2.744381263020837
1.6496223958333278	2.921481263020836
1.7496223958333275	3.0985812630208374
1.849622395833327	3.2756812630208367
1.9496223958333267	3.4527812630208383
2.0496223958333264	3.6298812630208377
2.149622395833326	3.8069812630208384
2.2496223958333257	3.9840812630208364
2.3496223958333253	4.161181263020838
2.449622395833325	4.338281263020839
2.5496223958333246	4.515381263020839
2.6496223958333243	4.692481263020836
2.749622395833324	4.869581263020838
2.8496223958333236	5.046681263020841
2.949622395833323	5.223781263020839
3.049622395833323	5.400881263020839
3.1496223958333225	5.577981263020838
3.249622395833322	5.7550812630208386
3.3369999999999997	5.909827000000024
1000003.337	5.909827000000024
