-100000	0
0.005716506099488372	0
0.009049839432821706	0.00001124517117797818
0.014049839432821707	0.00016289259682860082
0.021549839432821707	0.0007132866290410269
0.032799839432821706	0.002115751857853889
0.04967483943282171	0.005246275485113361
0.07498733943282171	0.011764648015485223
0.1129560894328217	0.02475352132881918
0.1699092144328217	0.04984012128529176
0.2553389019328217	0.09711482806477119
0.3553389019328217	0.1637474820102406
0.45533890193282167	0.2399611714869378
0.5553389019328216	0.32398060292839603
0.6553389019328216	0.41455516153336097
0.7553389019328216	0.5107462093265104
0.8553389019328216	0.6118213167115927
0.9553389019328216	0.7171897306391779
1.0553389019328216	0.8263677545098839
1.1553389019328217	0.9389488228038516
1.2553389019328218	1.0545944924346344
1.355338901932822	1.173015381105237
1.455338901932822	1.2939662022878047
1.555338901932822	1.4172389008233228
1.600000000005821	1.4729967298791977
1000001.6	1.4729967298791977
