-100000	0
0.0000000000000004440892098500626	0
0.0033333333333337776	0.000024480458459427708
0.008333333333333777	0.00024229131144497436
0.015833333333333775	0.0009926965365185461
0.027083333333333775	0.002823134462856005
0.04395833333333378	0.006767900096138094
0.06927083333333378	0.014746682222606045
0.10723958333333378	0.03027565187916539
0.16419270833333377	0.059699962633018806
0.2496223958333338	0.11428514467882764
0.34962239583333377	0.19033453343812962
0.44962239583333374	0.2766474250340542
0.5496223958333337	0.3712977288339318
0.6496223958333337	0.47293815722624943
0.7496223958333337	0.5805637297370868
0.8496223958333337	0.6933942672232217
0.9496223958333336	0.8108055090094277
1.0496223958333337	0.9322884726632266
1.1496223958333338	1.0574224215225727
1.249622395833334	1.1858567256600319
1.349622395833334	1.3172982724566575
1.449622395833334	1.4515024016639426
1.5496223958333342	1.5882664712289303
1.600000000005821	1.6580811399448574
1000001.6	1.6580811399448574
