-100000	0
0	0
0.0033333333333333335	0.0003339499001882527
0.008333333333333333	0.0011661267826653095
0.01583333333333333	0.0028884076013288083
0.02708333333333333	0.006260994860152414
0.043958333333333335	0.012724885112804299
0.06927083333333334	0.0247955674783693
0.10723958333333333	0.046757831435569
0.16419270833333333	0.08671707801511226
0.24962239583333334	0.1592613323958016
0.3496223958333333	0.25931983181822027
0.4496223958333333	0.3701143101626794
0.5496223958333333	0.49176035923069467
0.6496223958333333	0.622388537667243
0.7496223958333332	0.7602422931202936
0.8496223958333332	0.9018386409742302
0.9496223958333332	1.0486944229916362
1.0496223958333333	1.201077732718715
1.1496223958333334	1.3588796283029299
1.2496223958333335	1.5222692572179417
1.3496223958333335	1.6866069325450221
1.4496223958333336	1.8503842418259262
1.5496223958333337	2.011902230811994
1.600000000005821	2.0855890375563813
1000001.6	2.0855890375563813
