-100000	0
0	0
0.0033333333333333335	0.0000000000000000000000833133672649424
0.008333333333333333	0.000000000000000000000000000000008425943506694157
0.01583333333333333	0.000000000000000000000000000000011748172660762139
0.02708333333333333	0
0.043958333333333335	0.00000000000000000000000000000003182599233099907
0.06927083333333334	0.000000000000000000000000000000033125995043460457
0.10723958333333333	0.00000000000000000000000000000007934831370875413
0.16419270833333333	0.00000000000000000000000000000015484476752873376
0.24962239583333334	0.0000000000000000000000000000007981053689540705
0.3496223958333333	0.0000000000000000000000000000000677927340424307
0.4496223958333333	0.0000000000000000000000000000004252453317207017
0.5496223958333333	0.00000000000000000000000000000030814879110195774
0.6496223958333333	0.000000000000000000000000000003170851060439145
0.7496223958333332	0.0000000000000000000000000000026716500188539736
0.8496223958333332	0.00000000000000000000000000000048379360203007365
0.9496223958333332	0.00000000000000000000000000000043757128336478
1.0496223958333333	0.0000000000000000000062120680610264164
1.1496223958333334	0.00000000000000000000000000001414402951157986
1.2496223958333335	0.00000000000000000000000000006167906202696786
1.3496223958333335	0.0000000000000000000000000000014821956852004167
1.4496223958333336	0.000000000000000000000000000018871031967083892
1.5496223958333337	0
1.6000000000000003	0.0000000000000000000000000000004683861624749758
1000001.6	0.0000000000000000000000000000004683861624749758
