-100001.1	0
-0.000000000008730793865652231	0
0.0033333333246026164	0.000000000000000044714757042834105
0.00833333332460251	0.00000000000000000032544295670529093
0.015833333324602572	0.0000000000000002133226086728111
0.027083333324602554	0.0000000000000000034374912308434266
0.04395833332460253	0.0000000000000005980448284887325
0.0692708333246026	0.0000000000000009506337940654096
0.1072395833246027	0.0000000000000014907772509200615
0.16419270832460264	0.000000000000002326327455303803
0.24962239582460266	0.0000000000000002920145312794231
0.34962239582460275	0.0000000000000005728433267322794
0.44962239582460284	0.0000000000000009473996937416172
0.5496223958246029	0.000000000000008779967418186587
0.649622395824603	0.0000000000000019776951424297183
0.7496223958246031	0.0000000000000026334342241084814
0.8496223958246032	0.000000000000014766826425523336
0.9496223958246031	0.00000000000001694990123774856
1.0496223958246031	0.000000000000005163016898483626
1.1496223958246032	0.000000000000021597233576868538
1.2496223958246033	0.00000000000002406149110376329
1.3496223958246034	0.000000000000008536147716867064
1.4496223958246035	0.000000000000029271188872222265
1.5496223958246036	0.000000000000011253539453571728
1.6496223958246037	0.00000000000001275282667925878
1.7496223958246038	0.000000000000014345841476502305
1.8496223958246039	0.00000000000001603258384530231
1.949622395824604	0.000000000000017813053785658788
2.049622395824604	0.000000000000019687251297571737
2.149622395824604	0.000000000000021655176381041167
2.249622395824604	0.000000000000053859082808318
2.3496223958246043	0.00000000000005735434362233422
2.4496223958246044	0.00000000000006094333200790692
2.5496223958246045	0.000000000000030464152430483656
2.6496223958246046	0.00000000000003290071537173546
2.7496223958246047	0.000000000000035431005884543746
2.8496223958246047	0.000000000000007703013672402875
2.949622395824605	0.000000000000008985108819474365
3.0496223958246045	0.000000000000010335807876794717
3.149622395824604	0.000000000000011755110844363966
3.2496223958246038	0.000000000000013243017722182078
3.3496223958246034	0.000000000000014799528510249077
3.449622395824603	0.000000000000016424643208564957
3.5496223958246027	0.000000000000018118361817129727
3.6496223958246023	0.000000000000019880684335943374
3.749622395824602	0.000000000000021711610765005894
3.8496223958246016	0.000000000000023611141104317312
3.9496223958246013	0.00000000000002557927535387758
4.049622395824601	0.000000000000027616013513686763
4.149622395824601	0.000000000000029721355583744815
4.2496223958246	0.00000000000003189530156405176
4.3496223958246	0.00000000000003413785145460757
4.4496223958245995	0.00000000000003644900525541228
4.549622395824599	0.00000000000003882876296646587
4.649622395824599	0.00000000000004127712458776832
4.749622395824598	0.00000000000004379409011931967
4.849622395824598	0.0000000000000463796595611199
4.949622395824598	0.00000000000004903383291316901
5.049622395824597	0.000000000000051756610175467016
5.149622395824597	0.00000000000005454799134801388
5.249622395824597	0.00000000000005740797643080963
5.349622395824596	0.00000000000006033656542385427
5.449622395824596	0.00000000000003365258674696811
5.549622395824596	0.0000000000003747793287558647
5.649622395824595	0.0000000000003837424823579133
5.749622395824595	0.0000000000003926677302612113
5.8496223958245945	0.00000000000040155507246575876
5.949622395824594	0.00000000000041040450897155576
6.049622395824594	0.00000000000041921603977860197
6.1496223958245935	0.00000000000042798966488689775
6.249622395824593	0.000000000000436725384296443
6.349622395824593	0.0000000000004454231980072376
6.449622395824592	0.0000000000004540831060192817
6.549622395824592	0.0000000000004627051083325751
6.649622395824592	0.0000000000004712892049471182
6.749622395824591	0.0000000000004798353958629105
6.849622395824591	0.0000000000004883436810799523
6.949622395824591	0.0000000000004968140605982435
7.04962239582459	0.0000000000005052465344177843
7.14962239582459	0.0000000000005136411025385743
7.24962239582459	0.0000000000005219977649606139
7.349622395824589	0.0000000000005303165216839029
7.449622395824589	0.0000000000005385973727084414
7.5496223958245885	0.0000000000005468403180342292
7.649622395824588	0.0000000000005550453576612665
7.749622395824588	0.0000000000005632124915895533
7.849622395824587	0.0000000000005713417198190894
7.949622395824587	0.000000000000579433042349875
8.049622395824587	0.0000000000005874864591819101
8.149622395824586	0.0000000000005955019703151946
8.249622395824586	0.0000000000005330015313850759
8.349622395824586	0.0000000000005408616340140233
8.449622395824585	0.0000000000005487406894923459
8.549622395824585	0.0000000000005566386978200436
8.649622395824585	0.0000000000005645556589971166
8.749622395824584	0.0000000000005724915730235647
8.849622395824584	0.0000000000005804464398993882
8.949622395824584	0.0000000000005884202596245866
9.049622395824583	0.0000000000005964130321991603
9.149622395824583	0.0000000000006044247576231092
9.249622395824582	0.0000000000006124554358964334
9.349622395824582	0.0000000000006205050670191327
9.449622395824582	0.000000000000628573650991207
9.549622395824581	0.0000000000006366611878126568
9.649622395824581	0.0000000000006447676774834816
9.74962239582458	0.0000000000006528931200036817
9.84962239582458	0.0000000000006610375153732569
9.94962239582458	0.0000000000006692008635922074
10.04962239582458	0.000000000000677383164660533
10.14962239582458	0.0000000000006855844185782337
10.249622395824579	0.0000000000006938046253453099
10.349622395824579	0.000000000000702043784961761
10.449622395824578	0.0000000000007103018974275874
10.549622395824578	0.0000000000007185789627427889
10.649622395824577	0.0000000000007268749809073656
10.749622395824577	0.0000000000007351899519213176
10.805	0.00000000000003538246239249315
1000010.805	0.00000000000003538246239249315
