-100001.1	0
0	0
0.0033333333333334103	0
0.008333333333333304	0
0.015833333333333366	0
0.027083333333333348	0
0.04395833333333332	0
0.06927083333333339	0
0.1072395833333335	0
0.16419270833333344	0
0.24962239583333345	0
0.34962239583333354	0
0.44962239583333363	0
0.5496223958333337	0
0.6496223958333338	0
0.7496223958333339	0
0.849622395833334	0
0.9496223958333339	0
1.049622395833334	0
1.149622395833334	0
1.2496223958333341	0
1.3496223958333342	0
1.4496223958333343	0
1.5496223958333344	0
1.6496223958333345	0
1.7496223958333346	0
1.8496223958333347	0
1.9496223958333347	0
2.049622395833335	0
2.149622395833335	0
2.249622395833335	0
2.349622395833335	0
2.449622395833335	0
2.5496223958333353	0
2.6496223958333354	0
2.7496223958333355	0
2.8496223958333355	0
2.9496223958333356	0.000000000000019265289454801428
3.0496223958333353	0.00000000000002047693627406526
3.149622395833335	0.000000000000021653080887864958
3.2496223958333346	0.000000000000022793723296200485
3.349622395833334	0.00000000000002389886349907188
3.449622395833334	0.00000000000002496850149647911
3.5496223958333335	0.000000000000026002637288422177
3.649622395833333	0.000000000000027001270874901122
3.749622395833333	0.000000000000027964402255915898
3.8496223958333324	0.00000000000002889203143146653
3.949622395833332	0.000000000000029784158401553005
4.049622395833332	0.000000000000030640783166175336
4.149622395833331	0.00000000000003146190572533351
4.249622395833331	0.00000000000002328743427042956
4.349622395833331	0.000000000000023558411341739752
4.44962239583333	0.000000000000023815363367259112
4.54962239583333	0.000000000000024058290346987644
4.64962239583333	0.00000000000002428719228092535
4.749622395833329	0.000000000000024502069169072234
4.849622395833329	0.000000000000024702921011428284
4.9496223958333285	0.00000000000002488974780799352
5.049622395833328	0.000000000000025062549558767942
5.149622395833328	0.000000000000025221326263751523
5.2496223958333275	0.000000000000025366077922944278
5.349622395833327	0.000000000000025496804536346207
5.449622395833327	0.000000000000025613506103957312
5.549622395833326	0.000000000000005451446586494378
5.649622395833326	0.000000000000014472996410726117
5.749622395833326	0.000000000000035962580664044665
5.849622395833325	0.00000000000003697440247606132
5.949622395833325	0.00000000000003787833061509204
6.049622395833325	0.00000000000003867436508113679
6.149622395833324	0.000000000000039362505874195636
6.249622395833324	0.00000000000004019751318209298
6.3496223958333236	0.00000000000004218559364456651
6.449622395833323	0.0000000000000428227359163824
6.549622395833323	0.000000000000043260181567353984
6.6496223958333225	0.00000000000004359736852822077
6.749622395833322	0.00000000000004383429679898275
6.849622395833322	0.000000000000023677119936364908
6.949622395833321	0.000000000000024545489964982712
7.049622395833321	0.00000000000002547945085440833
7.149622395833321	0.000000000000026479002604641772
7.24962239583332	0.000000000000027544145215683038
7.34962239583332	0.000000000000028674878687532105
7.44962239583332	0.000000000000029871203020189
7.549622395833319	0.00000000000003114035181670223
7.649622395833319	0.00000000000003246241733744492
7.749622395833319	0.000000000000024800022358950605
7.849622395833318	0.000000000000025488649337139257
7.949622395833318	0.000000000000026210952710382616
8.049622395833318	0.000000000000013558058805622147
8.149622395833317	0.000000000000012779758525532346
8.249622395833317	0.000000000000011964761836927631
8.349622395833316	0.000000000000011103437094390604
8.449622395833316	0.00000000000003049146316137232
8.549622395833316	0.000000000000051527810307328047
8.55	0.000000000000010979750442204163
1000008.55	0.000000000000010979750442204163
