-100001.1	0
0	0
0.0033333333333334103	0.0032929999999996135
0.008333333333333304	0.008232499999999476
0.015833333333333366	0.01564174999999956
0.027083333333333348	0.02675562499999931
0.04395833333333332	0.043426437499999256
0.06927083333333339	0.06843265624999914
0.1072395833333335	0.10594198437499901
0.16419270833333344	0.16220597656249858
0.24962239583333345	0.24660196484374786
0.34962239583333354	0.3453919648437474
0.44962239583333363	0.4441819648437467
0.5496223958333337	0.5429719648437462
0.6496223958333338	0.6417619648437456
0.7496223958333339	0.7405519648437449
0.849622395833334	0.8393419648437442
0.9496223958333339	0.9381319648437435
1.049622395833334	1.036921964843743
1.149622395833334	1.1357119648437428
1.2496223958333341	1.2345019648437423
1.3496223958333342	1.3332919648437411
1.4496223958333343	1.4320819648437408
1.5496223958333344	1.53087196484374
1.6496223958333345	1.6296619648437394
1.7496223958333346	1.7284519648437384
1.8496223958333347	1.8272419648437384
1.9496223958333347	1.9260319648437372
2.049622395833335	2.024821964843737
2.149622395833335	2.123611964843737
2.249622395833335	2.2224019648437348
2.349622395833335	2.3211919648437354
2.449622395833335	2.4199819648437355
2.5496223958333353	2.5187719648437343
2.6496223958333354	2.6175619648437336
2.7496223958333355	2.7163519648437333
2.8496223958333355	2.8151419648437317
2.9496223958333356	2.91393196484373
3.0496223958333353	3.0127219648437142
3.149622395833335	3.1115119648436833
3.2496223958333346	3.210301964843637
3.349622395833334	3.309091964843576
3.449622395833334	3.4078819648435017
3.5496223958333335	3.5066719648434144
3.649622395833333	3.6054619648433146
3.749622395833333	3.704251964843202
3.8496223958333324	3.8030419648430787
3.949622395833332	3.901831964842944
4.049622395833332	4.000621964842799
4.149622395833331	4.099411964842647
4.249622395833331	4.198201964842484
4.349622395833331	4.296991964842316
4.44962239583333	4.39578196484214
4.54962239583333	4.494571964841955
4.64962239583333	4.593361964841764
4.749622395833329	4.69215196484157
4.849622395833329	4.790941964841366
4.9496223958333285	4.889731964841164
5.049622395833328	4.988521964840953
5.149622395833328	5.087311964840743
5.2496223958333275	5.186101964840529
5.349622395833327	5.284891964840316
5.449622395833327	5.383681964840099
5.549622395833326	5.482471964839887
5.649622395833326	5.581261964839795
5.749622395833326	5.68005196483979
5.849622395833325	5.778841964839779
5.949622395833325	5.877631964839756
6.049622395833325	5.9764219648397185
6.149622395833324	6.0752119648396725
6.249622395833324	6.174001964839613
6.3496223958333236	6.272791964839545
6.449622395833323	6.3715819648394705
6.549622395833323	6.470371964839389
6.6496223958333225	6.569161964839311
6.749622395833322	6.667951964839222
6.849622395833322	6.766741964839137
6.949622395833321	6.8655319648390485
7.049622395833321	6.964321964838957
7.149622395833321	7.06311196483888
7.24962239583332	7.161901964838795
7.34962239583332	7.260691964838717
7.44962239583332	7.35948196483864
7.549622395833319	7.458271964838567
7.649622395833319	7.557061964838502
7.749622395833319	7.655851964838441
7.849622395833318	7.754641964838383
7.949622395833318	7.853431964838337
8.049622395833318	7.952221964838295
8.149622395833317	8.051011964838256
8.249622395833317	8.149801964838238
8.349622395833316	8.248591964838223
8.449622395833316	8.34738196483822
8.549622395833316	8.446171964838218
8.55	8.446544999994487
1000008.55	8.446544999994487
