-100001.1	0
0	0
0.0033333333333334103	0.003292999999999678
0.008333333333333304	0.008232499999999634
0.015833333333333366	0.015641749999999784
0.027083333333333348	0.026755624999999894
0.04395833333333332	0.04342643750000009
0.06927083333333339	0.06843265625000045
0.1072395833333335	0.10594198437500102
0.16419270833333344	0.1622059765625016
0.24962239583333345	0.24660196484375269
0.34962239583333354	0.345391964843754
0.44962239583333363	0.4441819648437553
0.5496223958333337	0.5429719648437566
0.6496223958333338	0.641761964843758
0.7496223958333339	0.7405519648437593
0.849622395833334	0.8393419648437603
0.9496223958333339	0.9381319648437617
1.049622395833334	1.0369219648437629
1.149622395833334	1.1357119648437646
1.2496223958333341	1.2345019648437656
1.3496223958333342	1.3332919648437662
1.4496223958333343	1.4320819648437684
1.5496223958333344	1.530871964843769
1.6496223958333345	1.629661964843771
1.7496223958333346	1.7284519648437717
1.8496223958333347	1.8272419648437732
1.9496223958333347	1.926031964843775
2.049622395833335	2.0248219648437757
2.149622395833335	2.123611964843778
2.249622395833335	2.222401964843778
2.349622395833335	2.32119196484378
2.449622395833335	2.4199819648437813
2.5496223958333353	2.5187719648437827
2.6496223958333354	2.617561964843784
2.7496223958333355	2.716351964843785
2.8496223958333355	2.8151419648437876
2.9496223958333356	2.9139319648437874
3.0496223958333353	3.012721964843789
3.149622395833335	3.1115119648437894
3.2496223958333346	3.2103019648437896
3.349622395833334	3.309091964843792
3.449622395833334	3.4078819648437917
3.5496223958333335	3.5066719648437945
3.649622395833333	3.605461964843793
3.749622395833333	3.704251964843794
3.8496223958333324	3.803041964843795
3.949622395833332	3.9018319648437956
4.049622395833332	4.000621964843797
4.149622395833331	4.099411964843798
4.249622395833331	4.1982019648438
4.349622395833331	4.2969919648438
4.44962239583333	4.3957819648438
4.54962239583333	4.494571964843801
4.64962239583333	4.593361964843803
4.749622395833329	4.692151964843802
4.849622395833329	4.790941964843804
4.9496223958333285	4.889731964843805
5.049622395833328	4.988521964843805
5.149622395833328	5.087311964843806
5.2496223958333275	5.186101964843806
5.349622395833327	5.284891964843807
5.449622395833327	5.383681964843747
5.549622395833326	5.48247196484342
5.649622395833326	5.581261964843119
5.749622395833326	5.680051964842942
5.849622395833325	5.77884196484288
5.949622395833325	5.8776319648428785
6.049622395833325	5.976421964842862
6.149622395833324	6.075211964842826
6.249622395833324	6.174001964842773
6.3496223958333236	6.272791964842701
6.449622395833323	6.371581964842615
6.549622395833323	6.470371964842505
6.6496223958333225	6.5691619648423805
6.749622395833322	6.667951964842237
6.849622395833322	6.766741964842071
6.949622395833321	6.865531964841913
7.049622395833321	6.964321964841769
7.149622395833321	7.0631119648416405
7.24962239583332	7.16190196484153
7.34962239583332	7.260691964841436
7.44962239583332	7.359481964841357
7.549622395833319	7.458271964841294
7.649622395833319	7.557061964841244
7.749622395833319	7.655851964841205
7.849622395833318	7.754641964841187
7.949622395833318	7.85343196484118
8.049622395833318	7.952221964841177
8.149622395833317	8.051011964841182
8.249622395833317	8.149801964841181
8.349622395833316	8.248591964841182
8.449622395833316	8.34738196484118
8.549622395833316	8.446171964841186
8.55	8.446544999997453
1000008.55	8.446544999997453
