-100001.1	0
0	0
0.0033333333333334103	0.0032929999999996777
0.008333333333333304	0.008232499999999634
0.015833333333333366	0.01564174999999978
0.027083333333333348	0.02675562499999991
0.04395833333333332	0.04342643750000009
0.06927083333333339	0.06843265625000046
0.1072395833333335	0.10594198437500099
0.16419270833333344	0.16220597656250166
0.24962239583333345	0.24660196484375274
0.34962239583333354	0.34539196484375406
0.44962239583333363	0.44418196484375544
0.5496223958333337	0.5429719648437565
0.6496223958333338	0.6417619648437581
0.7496223958333339	0.7405519648437591
0.849622395833334	0.8393419648437603
0.9496223958333339	0.9381319648437617
1.049622395833334	1.0369219648437629
1.149622395833334	1.1357119648437644
1.2496223958333341	1.2345019648437658
1.3496223958333342	1.3332919648437664
1.4496223958333343	1.432081964843768
1.5496223958333344	1.5308719648437694
1.6496223958333345	1.6296619648437702
1.7496223958333346	1.7284519648437724
1.8496223958333347	1.8272419648437732
1.9496223958333347	1.926031964843775
2.049622395833335	2.0248219648437757
2.149622395833335	2.1236119648437772
2.249622395833335	2.2224019648437783
2.349622395833335	2.32119196484378
2.449622395833335	2.419981964843781
2.5496223958333353	2.5187719648437823
2.6496223958333354	2.6175619648437842
2.7496223958333355	2.716351964843785
2.8496223958333355	2.8151419648437863
2.9496223958333356	2.9139319648437874
3.0496223958333353	3.012721964843789
3.149622395833335	3.1115119648437903
3.2496223958333346	3.2103019648437896
3.349622395833334	3.309091964843791
3.449622395833334	3.407881964843791
3.5496223958333335	3.506671964843793
3.649622395833333	3.605461964843793
3.749622395833333	3.704251964843795
3.8496223958333324	3.8030419648437954
3.949622395833332	3.9018319648437965
4.049622395833332	4.000621964843797
4.149622395833331	4.099411964843798
4.249622395833331	4.1982019648438
4.349622395833331	4.296991964843799
4.44962239583333	4.395781964843802
4.54962239583333	4.494571964843799
4.64962239583333	4.593361964843803
4.749622395833329	4.692151964843802
4.849622395833329	4.790941964843803
4.9496223958333285	4.889731964843806
5.049622395833328	4.988521964843803
5.149622395833328	5.087311964843802
5.2496223958333275	5.186101964843742
5.349622395833327	5.284891964843574
5.449622395833327	5.383681964843282
5.549622395833326	5.482471964842881
5.649622395833326	5.581261964842547
5.749622395833326	5.6800519648423045
5.849622395833325	5.778841964842149
5.949622395833325	5.8776319648420845
6.049622395833325	5.976421964842084
6.149622395833324	6.075211964842074
6.249622395833324	6.174001964842046
6.3496223958333236	6.2727919648419945
6.449622395833323	6.3715819648419245
6.549622395833323	6.47037196484183
6.6496223958333225	6.5691619648417126
6.749622395833322	6.667951964841574
6.849622395833322	6.766741964841412
6.949622395833321	6.86553196484126
7.049622395833321	6.964321964841148
7.149622395833321	7.06311196484106
7.24962239583332	7.161901964840996
7.34962239583332	7.260691964840963
7.44962239583332	7.359481964840947
7.549622395833319	7.458271964840951
7.649622395833319	7.557061964840948
7.749622395833319	7.655851964840951
7.849622395833318	7.754641964840947
7.949622395833318	7.853431964840947
8.049622395833318	7.952221964840949
8.149622395833317	8.051011964840953
8.249622395833317	8.149801964840954
8.349622395833316	8.248591964840957
8.449622395833316	8.347381964840958
8.549622395833316	8.44617196484096
8.55	8.446544999997224
1000008.55	8.446544999997224
