-100001.1	0
0	0
0.0033333333333334103	0.0032929999999996777
0.008333333333333304	0.008232499999999634
0.015833333333333366	0.015641749999999788
0.027083333333333348	0.026755624999999904
0.04395833333333332	0.04342643750000009
0.06927083333333339	0.06843265625000045
0.1072395833333335	0.10594198437500102
0.16419270833333344	0.16220597656250169
0.24962239583333345	0.24660196484375269
0.34962239583333354	0.3453919648437539
0.44962239583333363	0.44418196484375516
0.5496223958333337	0.5429719648437566
0.6496223958333338	0.6417619648437579
0.7496223958333339	0.7405519648437591
0.849622395833334	0.8393419648437609
0.9496223958333339	0.9381319648437617
1.049622395833334	1.0369219648437629
1.149622395833334	1.1357119648437644
1.2496223958333341	1.2345019648437654
1.3496223958333342	1.3332919648437673
1.4496223958333343	1.4320819648437677
1.5496223958333344	1.5308719648437696
1.6496223958333345	1.6296619648437707
1.7496223958333346	1.728451964843772
1.8496223958333347	1.8272419648437732
1.9496223958333347	1.9260319648437754
2.049622395833335	2.0248219648437757
2.149622395833335	2.1236119648437772
2.249622395833335	2.2224019648437783
2.349622395833335	2.3211919648437798
2.449622395833335	2.4199819648437813
2.5496223958333353	2.518771964843782
2.6496223958333354	2.6175619648437833
2.7496223958333355	2.716351964843785
2.8496223958333355	2.815141964843786
2.9496223958333356	2.9139319648437874
3.0496223958333353	3.0127219648437893
3.149622395833335	3.111511964843789
3.2496223958333346	3.2103019648437905
3.349622395833334	3.309091964843792
3.449622395833334	3.407881964843793
3.5496223958333335	3.506671964843793
3.649622395833333	3.6054619648437938
3.749622395833333	3.704251964843793
3.8496223958333324	3.803041964843795
3.949622395833332	3.9018319648437965
4.049622395833332	4.000621964843798
4.149622395833331	4.099411964843797
4.249622395833331	4.1982019648438
4.349622395833331	4.2969919648438
4.44962239583333	4.395781964843801
4.54962239583333	4.4945719648438
4.64962239583333	4.593361964843801
4.749622395833329	4.692151964843804
4.849622395833329	4.790941964843802
4.9496223958333285	4.889731964843804
5.049622395833328	4.988521964843796
5.149622395833328	5.087311964843732
5.2496223958333275	5.186101964843586
5.349622395833327	5.284891964843349
5.449622395833327	5.383681964843022
5.549622395833326	5.482471964842615
5.649622395833326	5.581261964842264
5.749622395833326	5.6800519648420025
5.849622395833325	5.778841964841817
5.949622395833325	5.87763196484171
6.049622395833325	5.976421964841679
6.149622395833324	6.075211964841679
6.249622395833324	6.174001964841669
6.3496223958333236	6.272791964841635
6.449622395833323	6.371581964841576
6.549622395833323	6.470371964841489
6.6496223958333225	6.569161964841377
6.749622395833322	6.667951964841245
6.849622395833322	6.76674196484108
6.949622395833321	6.865531964840949
7.049622395833321	6.964321964840873
7.149622395833321	7.063111964840839
7.24962239583332	7.1619019648408235
7.34962239583332	7.260691964840824
7.44962239583332	7.359481964840826
7.549622395833319	7.458271964840829
7.649622395833319	7.557061964840827
7.749622395833319	7.655851964840825
7.849622395833318	7.754641964840826
7.949622395833318	7.853431964840827
8.049622395833318	7.9522219648408345
8.149622395833317	8.051011964840834
8.249622395833317	8.149801964840833
8.349622395833316	8.248591964840834
8.449622395833316	8.347381964840839
8.549622395833316	8.446171964840833
8.55	8.446544999997101
1000008.55	8.446544999997101
