-100001.1	0
0	0
0.0033333333333334103	0.0032929999999996777
0.008333333333333304	0.008232499999999632
0.015833333333333366	0.015641749999999784
0.027083333333333348	0.026755624999999904
0.04395833333333332	0.04342643750000009
0.06927083333333339	0.06843265625000045
0.1072395833333335	0.10594198437500102
0.16419270833333344	0.16220597656250169
0.24962239583333345	0.24660196484375277
0.34962239583333354	0.34539196484375395
0.44962239583333363	0.44418196484375516
0.5496223958333337	0.5429719648437565
0.6496223958333338	0.6417619648437579
0.7496223958333339	0.7405519648437592
0.849622395833334	0.8393419648437606
0.9496223958333339	0.9381319648437618
1.049622395833334	1.036921964843763
1.149622395833334	1.1357119648437644
1.2496223958333341	1.2345019648437654
1.3496223958333342	1.3332919648437669
1.4496223958333343	1.4320819648437682
1.5496223958333344	1.530871964843769
1.6496223958333345	1.6296619648437707
1.7496223958333346	1.7284519648437717
1.8496223958333347	1.8272419648437732
1.9496223958333347	1.9260319648437738
2.049622395833335	2.024821964843776
2.149622395833335	2.1236119648437772
2.249622395833335	2.2224019648437787
2.349622395833335	2.3211919648437807
2.449622395833335	2.419981964843781
2.5496223958333353	2.5187719648437823
2.6496223958333354	2.617561964843784
2.7496223958333355	2.716351964843785
2.8496223958333355	2.8151419648437863
2.9496223958333356	2.913931964843787
3.0496223958333353	3.012721964843787
3.149622395833335	3.111511964843789
3.2496223958333346	3.21030196484379
3.349622395833334	3.309091964843791
3.449622395833334	3.407881964843793
3.5496223958333335	3.506671964843793
3.649622395833333	3.6054619648437938
3.749622395833333	3.704251964843793
3.8496223958333324	3.8030419648437954
3.949622395833332	3.9018319648437974
4.049622395833332	4.000621964843797
4.149622395833331	4.099411964843797
4.249622395833331	4.198201964843799
4.349622395833331	4.296991964843791
4.44962239583333	4.3957819648437555
4.54962239583333	4.49457196484369
4.64962239583333	4.593361964843596
4.749622395833329	4.692151964843476
4.849622395833329	4.790941964843334
4.9496223958333285	4.889731964843173
5.049622395833328	4.988521964842995
5.149622395833328	5.087311964842803
5.2496223958333275	5.186101964842606
5.349622395833327	5.284891964842393
5.449622395833327	5.383681964842181
5.549622395833326	5.482471964841968
5.649622395833326	5.581261964841755
5.749622395833326	5.68005196484155
5.849622395833325	5.778841964841365
5.949622395833325	5.877631964841193
6.049622395833325	5.9764219648410455
6.149622395833324	6.075211964840932
6.249622395833324	6.1740019648408575
6.3496223958333236	6.27279196484082
6.449622395833323	6.371581964840815
6.549622395833323	6.47037196484078
6.6496223958333225	6.569161964840702
6.749622395833322	6.667951964840585
6.849622395833322	6.766741964840428
6.949622395833321	6.865531964840267
7.049622395833321	6.964321964840122
7.149622395833321	7.063111964839983
7.24962239583332	7.161901964839864
7.34962239583332	7.260691964839752
7.44962239583332	7.359481964839656
7.549622395833319	7.45827196483957
7.649622395833319	7.557061964839499
7.749622395833319	7.655851964839442
7.849622395833318	7.7546419648393945
7.949622395833318	7.853431964839356
8.049622395833318	7.952221964839334
8.149622395833317	8.051011964839317
8.249622395833317	8.14980196483931
8.349622395833316	8.248591964839301
8.449622395833316	8.347381964839307
8.549622395833316	8.446171964839312
8.55	8.446544999995577
1000008.55	8.446544999995577
