-100001.1	0
0	0
0.0033333333333334103	0.0032929999999996777
0.008333333333333304	0.008232499999999632
0.015833333333333366	0.015641749999999788
0.027083333333333348	0.026755624999999894
0.04395833333333332	0.043426437500000074
0.06927083333333339	0.06843265625000045
0.1072395833333335	0.10594198437500102
0.16419270833333344	0.1622059765625016
0.24962239583333345	0.24660196484375269
0.34962239583333354	0.3453919648437541
0.44962239583333363	0.4441819648437553
0.5496223958333337	0.5429719648437564
0.6496223958333338	0.6417619648437578
0.7496223958333339	0.7405519648437592
0.849622395833334	0.8393419648437602
0.9496223958333339	0.9381319648437618
1.049622395833334	1.0369219648437629
1.149622395833334	1.1357119648437641
1.2496223958333341	1.2345019648437656
1.3496223958333342	1.3332919648437669
1.4496223958333343	1.432081964843768
1.5496223958333344	1.5308719648437694
1.6496223958333345	1.6296619648437707
1.7496223958333346	1.7284519648437724
1.8496223958333347	1.8272419648437732
1.9496223958333347	1.9260319648437747
2.049622395833335	2.0248219648437753
2.149622395833335	2.123611964843777
2.249622395833335	2.222401964843778
2.349622395833335	2.32119196484378
2.449622395833335	2.4199819648437804
2.5496223958333353	2.518771964843783
2.6496223958333354	2.6175619648437842
2.7496223958333355	2.7163519648437844
2.8496223958333355	2.8151419648437863
2.9496223958333356	2.9139319648437865
3.0496223958333353	3.012721964843789
3.149622395833335	3.1115119648437894
3.2496223958333346	3.2103019648437914
3.349622395833334	3.3090919648437898
3.449622395833334	3.4078819648437917
3.5496223958333335	3.5066719648437927
3.649622395833333	3.605461964843793
3.749622395833333	3.704251964843793
3.8496223958333324	3.803041964843795
3.949622395833332	3.9018319648437947
4.049622395833332	4.000621964843797
4.149622395833331	4.099411964843798
4.249622395833331	4.198201964843799
4.349622395833331	4.296991964843788
4.44962239583333	4.395781964843748
4.54962239583333	4.494571964843668
4.64962239583333	4.593361964843554
4.749622395833329	4.692151964843407
4.849622395833329	4.790941964843223
4.9496223958333285	4.889731964843005
5.049622395833328	4.988521964842751
5.149622395833328	5.087311964842462
5.2496223958333275	5.1861019648421385
5.349622395833327	5.28489196484178
5.449622395833327	5.383681964841384
5.549622395833326	5.482471964841019
5.649622395833326	5.581261964840897
5.749622395833326	5.6800519648408745
5.849622395833325	5.77884196484088
5.949622395833325	5.877631964840877
6.049622395833325	5.976421964840877
6.149622395833324	6.075211964840879
6.249622395833324	6.17400196484088
6.3496223958333236	6.272791964840881
6.449622395833323	6.371581964840878
6.549622395833323	6.470371964840844
6.6496223958333225	6.569161964840765
6.749622395833322	6.667951964840651
6.849622395833322	6.766741964840497
6.949622395833321	6.865531964840396
7.049622395833321	6.964321964840339
7.149622395833321	7.063111964840319
7.24962239583332	7.161901964840313
7.34962239583332	7.26069196484031
7.44962239583332	7.359481964840311
7.549622395833319	7.458271964840312
7.649622395833319	7.5570619648403135
7.749622395833319	7.655851964840314
7.849622395833318	7.754641964840313
7.949622395833318	7.853431964840319
8.049622395833318	7.952221964840314
8.149622395833317	8.05101196484032
8.249622395833317	8.14980196484032
8.349622395833316	8.248591964840317
8.449622395833316	8.34738196484032
8.549622395833316	8.446171964840318
8.55	8.446544999996593
1000008.55	8.446544999996593
