-100001.1	0
0	0
0.0033333333333334103	0.0032929999999996773
0.008333333333333304	0.008232499999999632
0.015833333333333366	0.015641749999999784
0.027083333333333348	0.0267556249999999
0.04395833333333332	0.04342643750000008
0.06927083333333339	0.06843265625000045
0.1072395833333335	0.10594198437500102
0.16419270833333344	0.16220597656250166
0.24962239583333345	0.24660196484375274
0.34962239583333354	0.34539196484375395
0.44962239583333363	0.4441819648437553
0.5496223958333337	0.5429719648437566
0.6496223958333338	0.6417619648437578
0.7496223958333339	0.7405519648437592
0.849622395833334	0.8393419648437606
0.9496223958333339	0.9381319648437613
1.049622395833334	1.0369219648437626
1.149622395833334	1.1357119648437641
1.2496223958333341	1.2345019648437656
1.3496223958333342	1.3332919648437669
1.4496223958333343	1.432081964843768
1.5496223958333344	1.5308719648437696
1.6496223958333345	1.6296619648437711
1.7496223958333346	1.7284519648437724
1.8496223958333347	1.8272419648437732
1.9496223958333347	1.9260319648437743
2.049622395833335	2.024821964843776
2.149622395833335	2.1236119648437772
2.249622395833335	2.2224019648437787
2.349622395833335	2.3211919648437793
2.449622395833335	2.419981964843781
2.5496223958333353	2.518771964843782
2.6496223958333354	2.6175619648437833
2.7496223958333355	2.716351964843785
2.8496223958333355	2.8151419648437854
2.9496223958333356	2.9139319648437874
3.0496223958333353	3.0127219648437884
3.149622395833335	3.111511964843788
3.2496223958333346	3.21030196484379
3.349622395833334	3.309091964843792
3.449622395833334	3.407881964843792
3.5496223958333335	3.506671964843793
3.649622395833333	3.605461964843793
3.749622395833333	3.704251964843795
3.8496223958333324	3.8030419648437954
3.949622395833332	3.9018319648437956
4.049622395833332	4.000621964843797
4.149622395833331	4.0994119648437986
4.249622395833331	4.198201964843799
4.349622395833331	4.2969919648438
4.44962239583333	4.395781964843798
4.54962239583333	4.494571964843789
4.64962239583333	4.593361964843772
4.749622395833329	4.692151964843747
4.849622395833329	4.7909419648437055
4.9496223958333285	4.889731964843643
5.049622395833328	4.988521964843562
5.149622395833328	5.0873119648434555
5.2496223958333275	5.1861019648433215
5.349622395833327	5.284891964843156
5.449622395833327	5.383681964842957
5.549622395833326	5.482471964842744
5.649622395833326	5.58126196484256
5.749622395833326	5.680051964842414
5.849622395833325	5.778841964842314
5.949622395833325	5.87763196484224
6.049622395833325	5.97642196484219
6.149622395833324	6.075211964842161
6.249622395833324	6.1740019648421525
6.3496223958333236	6.272791964842151
6.449622395833323	6.3715819648421474
6.549622395833323	6.470371964842144
6.6496223958333225	6.569161964842101
6.749622395833322	6.667951964842037
6.849622395833322	6.766741964841953
6.949622395833321	6.865531964841868
7.049622395833321	6.964321964841792
7.149622395833321	7.063111964841724
7.24962239583332	7.161901964841672
7.34962239583332	7.2606919648416195
7.44962239583332	7.359481964841582
7.549622395833319	7.458271964841541
7.649622395833319	7.557061964841519
7.749622395833319	7.655851964841497
7.849622395833318	7.754641964841481
7.949622395833318	7.853431964841464
8.049622395833318	7.952221964841458
8.149622395833317	8.051011964841452
8.249622395833317	8.14980196484145
8.349622395833316	8.248591964841449
8.449622395833316	8.347381964841446
8.549622395833316	8.446171964841453
8.55	8.446544999997716
1000008.55	8.446544999997716
