-100001.1	0
0	0
0.0033333333333334103	0.0032929999999996773
0.008333333333333304	0.008232499999999636
0.015833333333333366	0.015641749999999784
0.027083333333333348	0.026755624999999894
0.04395833333333332	0.04342643750000008
0.06927083333333339	0.06843265625000047
0.1072395833333335	0.10594198437500102
0.16419270833333344	0.16220597656250169
0.24962239583333345	0.24660196484375269
0.34962239583333354	0.34539196484375384
0.44962239583333363	0.44418196484375516
0.5496223958333337	0.5429719648437565
0.6496223958333338	0.6417619648437579
0.7496223958333339	0.7405519648437592
0.849622395833334	0.8393419648437607
0.9496223958333339	0.9381319648437615
1.049622395833334	1.0369219648437629
1.149622395833334	1.1357119648437646
1.2496223958333341	1.2345019648437654
1.3496223958333342	1.3332919648437667
1.4496223958333343	1.432081964843768
1.5496223958333344	1.5308719648437694
1.6496223958333345	1.6296619648437702
1.7496223958333346	1.7284519648437724
1.8496223958333347	1.827241964843772
1.9496223958333347	1.9260319648437747
2.049622395833335	2.0248219648437757
2.149622395833335	2.1236119648437772
2.249622395833335	2.2224019648437783
2.349622395833335	2.3211919648437798
2.449622395833335	2.4199819648437813
2.5496223958333353	2.5187719648437827
2.6496223958333354	2.617561964843783
2.7496223958333355	2.7163519648437853
2.8496223958333355	2.8151419648437863
2.9496223958333356	2.9139319648437874
3.0496223958333353	3.012721964843789
3.149622395833335	3.111511964843789
3.2496223958333346	3.2103019648437896
3.349622395833334	3.309091964843792
3.449622395833334	3.407881964843791
3.5496223958333335	3.5066719648437927
3.649622395833333	3.6054619648437947
3.749622395833333	3.7042519648437953
3.8496223958333324	3.8030419648437963
3.949622395833332	3.9018319648437956
4.049622395833332	4.000621964843796
4.149622395833331	4.099411964843799
4.249622395833331	4.1982019648438005
4.349622395833331	4.296991964843801
4.44962239583333	4.395781964843803
4.54962239583333	4.494571964843802
4.64962239583333	4.593361964843803
4.749622395833329	4.692151964843802
4.849622395833329	4.790941964843805
4.9496223958333285	4.889731964843803
5.049622395833328	4.988521964843804
5.149622395833328	5.087311964843805
5.2496223958333275	5.186101964843806
5.349622395833327	5.2848919648437676
5.449622395833327	5.383681964843613
5.549622395833326	5.482471964843233
5.649622395833326	5.5812619648428505
5.749622395833326	5.680051964842514
5.849622395833325	5.7788419648422265
5.949622395833325	5.877631964841987
6.049622395833325	5.976421964841792
6.149622395833324	6.075211964841643
6.249622395833324	6.174001964841542
6.3496223958333236	6.27279196484149
6.449622395833323	6.371581964841486
6.549622395833323	6.47037196484147
6.6496223958333225	6.569161964841441
6.749622395833322	6.667951964841367
6.849622395833322	6.766741964841287
6.949622395833321	6.8655319648412005
7.049622395833321	6.9643219648411145
7.149622395833321	7.063111964841031
7.24962239583332	7.161901964840948
7.34962239583332	7.260691964840873
7.44962239583332	7.359481964840797
7.549622395833319	7.4582719648407245
7.649622395833319	7.557061964840653
7.749622395833319	7.655851964840593
7.849622395833318	7.754641964840533
7.949622395833318	7.853431964840484
8.049622395833318	7.952221964840435
8.149622395833317	8.051011964840397
8.249622395833317	8.149801964840368
8.349622395833316	8.248591964840344
8.449622395833316	8.34738196484033
8.549622395833316	8.446171964840325
8.55	8.446544999996595
1000008.55	8.446544999996595
