-100001.1	0
0	0
0.0033333333333334103	0.0032929999999996777
0.008333333333333304	0.00823249999999963
0.015833333333333366	0.01564174999999978
0.027083333333333348	0.02675562499999991
0.04395833333333332	0.043426437500000074
0.06927083333333339	0.06843265625000045
0.1072395833333335	0.10594198437500103
0.16419270833333344	0.16220597656250166
0.24962239583333345	0.24660196484375269
0.34962239583333354	0.34539196484375395
0.44962239583333363	0.44418196484375533
0.5496223958333337	0.5429719648437565
0.6496223958333338	0.6417619648437578
0.7496223958333339	0.7405519648437593
0.849622395833334	0.8393419648437606
0.9496223958333339	0.9381319648437613
1.049622395833334	1.0369219648437626
1.149622395833334	1.1357119648437641
1.2496223958333341	1.2345019648437652
1.3496223958333342	1.333291964843767
1.4496223958333343	1.4320819648437677
1.5496223958333344	1.5308719648437699
1.6496223958333345	1.629661964843771
1.7496223958333346	1.7284519648437724
1.8496223958333347	1.827241964843773
1.9496223958333347	1.9260319648437743
2.049622395833335	2.0248219648437753
2.149622395833335	2.123611964843777
2.249622395833335	2.2224019648437787
2.349622395833335	2.3211919648437798
2.449622395833335	2.4199819648437817
2.5496223958333353	2.5187719648437827
2.6496223958333354	2.6175619648437833
2.7496223958333355	2.716351964843786
2.8496223958333355	2.8151419648437863
2.9496223958333356	2.913931964843788
3.0496223958333353	3.0127219648437893
3.149622395833335	3.1115119648437894
3.2496223958333346	3.21030196484379
3.349622395833334	3.309091964843792
3.449622395833334	3.407881964843793
3.5496223958333335	3.506671964843794
3.649622395833333	3.605461964843793
3.749622395833333	3.704251964843795
3.8496223958333324	3.803041964843795
3.949622395833332	3.9018319648437965
4.049622395833332	4.000621964843797
4.149622395833331	4.099411964843798
4.249622395833331	4.198201964843798
4.349622395833331	4.296991964843799
4.44962239583333	4.3957819648438
4.54962239583333	4.494571964843802
4.64962239583333	4.593361964843802
4.749622395833329	4.692151964843802
4.849622395833329	4.790941964843804
4.9496223958333285	4.889731964843803
5.049622395833328	4.988521964843807
5.149622395833328	5.087311964843788
5.2496223958333275	5.18610196484371
5.349622395833327	5.284891964843532
5.449622395833327	5.383681964843237
5.549622395833326	5.4824719648428335
5.649622395833326	5.58126196484245
5.749622395833326	5.680051964842114
5.849622395833325	5.778841964841826
5.949622395833325	5.877631964841582
6.049622395833325	5.976421964841389
6.149622395833324	6.075211964841244
6.249622395833324	6.174001964841143
6.3496223958333236	6.272791964841094
6.449622395833323	6.3715819648410825
6.549622395833323	6.470371964841082
6.6496223958333225	6.569161964841075
6.749622395833322	6.667951964841018
6.849622395833322	6.7667419648409375
6.949622395833321	6.865531964840851
7.049622395833321	6.964321964840778
7.149622395833321	7.063111964840711
7.24962239583332	7.161901964840654
7.34962239583332	7.260691964840604
7.44962239583332	7.3594819648405645
7.549622395833319	7.458271964840532
7.649622395833319	7.557061964840503
7.749622395833319	7.655851964840478
7.849622395833318	7.7546419648404665
7.949622395833318	7.853431964840449
8.049622395833318	7.95222196484044
8.149622395833317	8.051011964840434
8.249622395833317	8.149801964840437
8.349622395833316	8.248591964840431
8.449622395833316	8.347381964840432
8.549622395833316	8.44617196484044
8.55	8.446544999996705
1000008.55	8.446544999996705
