-100001.1	0
0	0
0.0033333333333334103	0.0032929999999996777
0.008333333333333304	0.008232499999999632
0.015833333333333366	0.015641749999999784
0.027083333333333348	0.0267556249999999
0.04395833333333332	0.04342643750000009
0.06927083333333339	0.06843265625000046
0.1072395833333335	0.10594198437500106
0.16419270833333344	0.16220597656250166
0.24962239583333345	0.24660196484375274
0.34962239583333354	0.34539196484375406
0.44962239583333363	0.4441819648437553
0.5496223958333337	0.5429719648437564
0.6496223958333338	0.6417619648437579
0.7496223958333339	0.7405519648437591
0.849622395833334	0.8393419648437603
0.9496223958333339	0.9381319648437617
1.049622395833334	1.0369219648437626
1.149622395833334	1.1357119648437641
1.2496223958333341	1.2345019648437658
1.3496223958333342	1.3332919648437667
1.4496223958333343	1.4320819648437682
1.5496223958333344	1.5308719648437699
1.6496223958333345	1.6296619648437711
1.7496223958333346	1.7284519648437724
1.8496223958333347	1.827241964843773
1.9496223958333347	1.9260319648437743
2.049622395833335	2.0248219648437753
2.149622395833335	2.123611964843777
2.249622395833335	2.2224019648437787
2.349622395833335	2.3211919648437793
2.449622395833335	2.4199819648437813
2.5496223958333353	2.5187719648437823
2.6496223958333354	2.617561964843784
2.7496223958333355	2.7163519648437844
2.8496223958333355	2.8151419648437868
2.9496223958333356	2.9139319648437874
3.0496223958333353	3.012721964843788
3.149622395833335	3.1115119648437894
3.2496223958333346	3.2103019648437887
3.349622395833334	3.309091964843791
3.449622395833334	3.407881964843792
3.5496223958333335	3.506671964843794
3.649622395833333	3.6054619648437947
3.749622395833333	3.704251964843794
3.8496223958333324	3.803041964843794
3.949622395833332	3.9018319648437974
4.049622395833332	4.0006219648437975
4.149622395833331	4.099411964843797
4.249622395833331	4.1982019648438
4.349622395833331	4.296991964843802
4.44962239583333	4.395781964843803
4.54962239583333	4.494571964843801
4.64962239583333	4.5933619648438
4.749622395833329	4.692151964843804
4.849622395833329	4.790941964843802
4.9496223958333285	4.889731964843794
5.049622395833328	4.9885219648437475
5.149622395833328	5.087311964843631
5.2496223958333275	5.186101964843449
5.349622395833327	5.284891964843187
5.449622395833327	5.383681964842845
5.549622395833326	5.482471964842434
5.649622395833326	5.5812619648420485
5.749622395833326	5.680051964841711
5.849622395833325	5.778841964841428
5.949622395833325	5.8776319648411866
6.049622395833325	5.97642196484099
6.149622395833324	6.075211964840839
6.249622395833324	6.174001964840744
6.3496223958333236	6.272791964840691
6.449622395833323	6.371581964840685
6.549622395833323	6.47037196484068
6.6496223958333225	6.569161964840685
6.749622395833322	6.667951964840649
6.849622395833322	6.766741964840525
6.949622395833321	6.865531964840424
7.049622395833321	6.96432196484037
7.149622395833321	7.063111964840347
7.24962239583332	7.161901964840344
7.34962239583332	7.260691964840338
7.44962239583332	7.359481964840343
7.549622395833319	7.458271964840342
7.649622395833319	7.557061964840342
7.749622395833319	7.65585196484034
7.849622395833318	7.754641964840343
7.949622395833318	7.853431964840345
8.049622395833318	7.952221964840347
8.149622395833317	8.051011964840345
8.249622395833317	8.149801964840346
8.349622395833316	8.24859196484035
8.449622395833316	8.347381964840347
8.549622395833316	8.446171964840351
8.55	8.446544999996622
1000008.55	8.446544999996622
