-100001.1	0
0	0
0.0033333333333334103	0.0032929999999996764
0.008333333333333304	0.008232499999999632
0.015833333333333366	0.015641749999999784
0.027083333333333348	0.026755624999999894
0.04395833333333332	0.043426437500000074
0.06927083333333339	0.06843265625000046
0.1072395833333335	0.10594198437500106
0.16419270833333344	0.16220597656250174
0.24962239583333345	0.24660196484375274
0.34962239583333354	0.34539196484375406
0.44962239583333363	0.44418196484375516
0.5496223958333337	0.5429719648437565
0.6496223958333338	0.6417619648437579
0.7496223958333339	0.7405519648437593
0.849622395833334	0.8393419648437603
0.9496223958333339	0.9381319648437618
1.049622395833334	1.0369219648437629
1.149622395833334	1.1357119648437646
1.2496223958333341	1.2345019648437654
1.3496223958333342	1.3332919648437667
1.4496223958333343	1.432081964843768
1.5496223958333344	1.530871964843769
1.6496223958333345	1.6296619648437711
1.7496223958333346	1.7284519648437724
1.8496223958333347	1.827241964843773
1.9496223958333347	1.926031964843775
2.049622395833335	2.024821964843776
2.149622395833335	2.1236119648437777
2.249622395833335	2.2224019648437783
2.349622395833335	2.321191964843779
2.449622395833335	2.4199819648437817
2.5496223958333353	2.5187719648437814
2.6496223958333354	2.617561964843785
2.7496223958333355	2.7163519648437844
2.8496223958333355	2.8151419648437863
2.9496223958333356	2.9139319648437882
3.0496223958333353	3.012721964843788
3.149622395833335	3.111511964843789
3.2496223958333346	3.2103019648437887
3.349622395833334	3.3090919648437898
3.449622395833334	3.407881964843791
3.5496223958333335	3.5066719648437927
3.649622395833333	3.605461964843793
3.749622395833333	3.704251964843795
3.8496223958333324	3.803041964843795
3.949622395833332	3.9018319648437947
4.049622395833332	4.000621964843797
4.149622395833331	4.099411964843798
4.249622395833331	4.198201964843798
4.349622395833331	4.296991964843799
4.44962239583333	4.395781964843801
4.54962239583333	4.494571964843801
4.64962239583333	4.593361964843803
4.749622395833329	4.692151964843799
4.849622395833329	4.7909419648437686
4.9496223958333285	4.889731964843685
5.049622395833328	4.988521964843552
5.149622395833328	5.087311964843362
5.2496223958333275	5.186101964843117
5.349622395833327	5.284891964842816
5.449622395833327	5.383681964842447
5.549622395833326	5.482471964842031
5.649622395833326	5.58126196484165
5.749622395833326	5.680051964841313
5.849622395833325	5.778841964841024
5.949622395833325	5.8776319648407815
6.049622395833325	5.976421964840592
6.149622395833324	6.075211964840441
6.249622395833324	6.17400196484034
6.3496223958333236	6.272791964840291
6.449622395833323	6.3715819648402805
6.549622395833323	6.470371964840277
6.6496223958333225	6.569161964840257
6.749622395833322	6.667951964840201
6.849622395833322	6.76674196484012
6.949622395833321	6.865531964840051
7.049622395833321	6.964321964840012
7.149622395833321	7.06311196484
7.24962239583332	7.161901964839994
7.34962239583332	7.260691964839996
7.44962239583332	7.359481964839998
7.549622395833319	7.458271964839994
7.649622395833319	7.557061964839994
7.749622395833319	7.655851964839992
7.849622395833318	7.754641964839998
7.949622395833318	7.853431964839995
8.049622395833318	7.952221964839998
8.149622395833317	8.05101196484
8.249622395833317	8.149801964840002
8.349622395833316	8.24859196484
8.449622395833316	8.34738196484
8.549622395833316	8.446171964840003
8.55	8.446544999996267
1000008.55	8.446544999996267
