-100001.1	0
0	0
0.0033333333333334103	0.0032929999999996764
0.008333333333333304	0.008232499999999632
0.015833333333333366	0.015641749999999784
0.027083333333333348	0.0267556249999999
0.04395833333333332	0.043426437500000074
0.06927083333333339	0.06843265625000046
0.1072395833333335	0.10594198437500103
0.16419270833333344	0.16220597656250163
0.24962239583333345	0.24660196484375274
0.34962239583333354	0.3453919648437541
0.44962239583333363	0.4441819648437553
0.5496223958333337	0.5429719648437565
0.6496223958333338	0.641761964843758
0.7496223958333339	0.7405519648437592
0.849622395833334	0.8393419648437606
0.9496223958333339	0.9381319648437617
1.049622395833334	1.0369219648437629
1.149622395833334	1.1357119648437644
1.2496223958333341	1.2345019648437658
1.3496223958333342	1.3332919648437667
1.4496223958333343	1.4320819648437684
1.5496223958333344	1.5308719648437694
1.6496223958333345	1.6296619648437707
1.7496223958333346	1.7284519648437724
1.8496223958333347	1.827241964843773
1.9496223958333347	1.9260319648437747
2.049622395833335	2.024821964843776
2.149622395833335	2.1236119648437772
2.249622395833335	2.2224019648437787
2.349622395833335	2.321191964843779
2.449622395833335	2.4199819648437813
2.5496223958333353	2.5187719648437827
2.6496223958333354	2.617561964843784
2.7496223958333355	2.716351964843785
2.8496223958333355	2.8151419648437868
2.9496223958333356	2.9139319648437882
3.0496223958333353	3.0127219648437884
3.149622395833335	3.111511964843789
3.2496223958333346	3.2103019648437905
3.349622395833334	3.3090919648437906
3.449622395833334	3.407881964843793
3.5496223958333335	3.5066719648437927
3.649622395833333	3.6054619648437924
3.749622395833333	3.704251964843793
3.8496223958333324	3.8030419648437954
3.949622395833332	3.9018319648437947
4.049622395833332	4.000621964843797
4.149622395833331	4.099411964843797
4.249622395833331	4.198201964843798
4.349622395833331	4.296991964843797
4.44962239583333	4.395781964843785
4.54962239583333	4.494571964843737
4.64962239583333	4.593361964843658
4.749622395833329	4.692151964843541
4.849622395833329	4.790941964843384
4.9496223958333285	4.889731964843193
5.049622395833328	4.988521964842963
5.149622395833328	5.087311964842693
5.2496223958333275	5.186101964842386
5.349622395833327	5.284891964842038
5.449622395833327	5.383681964841649
5.549622395833326	5.482471964841231
5.649622395833326	5.581261964840848
5.749622395833326	5.680051964840513
5.849622395833325	5.778841964840223
5.949622395833325	5.877631964839985
6.049622395833325	5.97642196483979
6.149622395833324	6.075211964839642
6.249622395833324	6.17400196483954
6.3496223958333236	6.272791964839491
6.449622395833323	6.371581964839478
6.549622395833323	6.470371964839447
6.6496223958333225	6.569161964839369
6.749622395833322	6.667951964839252
6.849622395833322	6.7667419648390945
6.949622395833321	6.865531964838999
7.049622395833321	6.964321964838974
7.149622395833321	7.063111964838982
7.24962239583332	7.161901964838979
7.34962239583332	7.260691964838983
7.44962239583332	7.35948196483898
7.549622395833319	7.458271964838981
7.649622395833319	7.55706196483898
7.749622395833319	7.655851964838983
7.849622395833318	7.754641964838988
7.949622395833318	7.853431964838983
8.049622395833318	7.952221964838985
8.149622395833317	8.051011964838985
8.249622395833317	8.149801964838987
8.349622395833316	8.24859196483899
8.449622395833316	8.347381964838993
8.549622395833316	8.44617196483899
8.55	8.446544999995258
1000008.55	8.446544999995258
