-100001.1	0
0	0
0.0033333333333334103	0.003292999999999678
0.008333333333333304	0.00823249999999963
0.015833333333333366	0.015641749999999788
0.027083333333333348	0.026755624999999894
0.04395833333333332	0.04342643750000008
0.06927083333333339	0.06843265625000045
0.1072395833333335	0.10594198437500102
0.16419270833333344	0.16220597656250169
0.24962239583333345	0.24660196484375269
0.34962239583333354	0.34539196484375395
0.44962239583333363	0.4441819648437553
0.5496223958333337	0.5429719648437566
0.6496223958333338	0.6417619648437577
0.7496223958333339	0.7405519648437592
0.849622395833334	0.8393419648437603
0.9496223958333339	0.9381319648437617
1.049622395833334	1.036921964843763
1.149622395833334	1.1357119648437644
1.2496223958333341	1.2345019648437658
1.3496223958333342	1.3332919648437667
1.4496223958333343	1.4320819648437686
1.5496223958333344	1.5308719648437694
1.6496223958333345	1.6296619648437707
1.7496223958333346	1.7284519648437724
1.8496223958333347	1.8272419648437732
1.9496223958333347	1.9260319648437743
2.049622395833335	2.0248219648437766
2.149622395833335	2.123611964843777
2.249622395833335	2.2224019648437783
2.349622395833335	2.3211919648437798
2.449622395833335	2.4199819648437813
2.5496223958333353	2.518771964843782
2.6496223958333354	2.617561964843784
2.7496223958333355	2.716351964843785
2.8496223958333355	2.8151419648437854
2.9496223958333356	2.9139319648437874
3.0496223958333353	3.012721964843787
3.149622395833335	3.1115119648437903
3.2496223958333346	3.2103019648437896
3.349622395833334	3.3090919648437906
3.449622395833334	3.407881964843793
3.5496223958333335	3.506671964843793
3.649622395833333	3.605461964843793
3.749622395833333	3.704251964843795
3.8496223958333324	3.803041964843795
3.949622395833332	3.9018319648437965
4.049622395833332	4.0006219648437975
4.149622395833331	4.099411964843798
4.249622395833331	4.198201964843799
4.349622395833331	4.296991964843796
4.44962239583333	4.39578196484377
4.54962239583333	4.494571964843709
4.64962239583333	4.59336196484361
4.749622395833329	4.692151964843478
4.849622395833329	4.7909419648433085
4.9496223958333285	4.889731964843102
5.049622395833328	4.988521964842858
5.149622395833328	5.087311964842581
5.2496223958333275	5.186101964842262
5.349622395833327	5.284891964841906
5.449622395833327	5.383681964841515
5.549622395833326	5.482471964841099
5.649622395833326	5.581261964840719
5.749622395833326	5.680051964840394
5.849622395833325	5.778841964840121
5.949622395833325	5.877631964839893
6.049622395833325	5.976421964839716
6.149622395833324	6.075211964839591
6.249622395833324	6.174001964839513
6.3496223958333236	6.272791964839484
6.449622395833323	6.371581964839484
6.549622395833323	6.470371964839442
6.6496223958333225	6.56916196483937
6.749622395833322	6.667951964839253
6.849622395833322	6.766741964839094
6.949622395833321	6.865531964838966
7.049622395833321	6.964321964838899
7.149622395833321	7.063111964838873
7.24962239583332	7.161901964838875
7.34962239583332	7.260691964838877
7.44962239583332	7.359481964838878
7.549622395833319	7.4582719648388744
7.649622395833319	7.557061964838881
7.749622395833319	7.655851964838881
7.849622395833318	7.754641964838878
7.949622395833318	7.853431964838883
8.049622395833318	7.952221964838881
8.149622395833317	8.051011964838883
8.249622395833317	8.149801964838883
8.349622395833316	8.24859196483888
8.449622395833316	8.347381964838887
8.549622395833316	8.446171964838888
8.55	8.446544999995156
1000008.55	8.446544999995156
