-100001.1	0
0	0
0.0033333333333334103	0.0032929999999996764
0.008333333333333304	0.008232499999999634
0.015833333333333366	0.015641749999999784
0.027083333333333348	0.026755624999999904
0.04395833333333332	0.04342643750000009
0.06927083333333339	0.06843265625000046
0.1072395833333335	0.10594198437500103
0.16419270833333344	0.16220597656250169
0.24962239583333345	0.24660196484375269
0.34962239583333354	0.34539196484375406
0.44962239583333363	0.4441819648437553
0.5496223958333337	0.5429719648437565
0.6496223958333338	0.6417619648437579
0.7496223958333339	0.7405519648437592
0.849622395833334	0.8393419648437607
0.9496223958333339	0.9381319648437617
1.049622395833334	1.036921964843763
1.149622395833334	1.1357119648437644
1.2496223958333341	1.2345019648437658
1.3496223958333342	1.3332919648437667
1.4496223958333343	1.4320819648437675
1.5496223958333344	1.5308719648437694
1.6496223958333345	1.629661964843771
1.7496223958333346	1.728451964843772
1.8496223958333347	1.8272419648437732
1.9496223958333347	1.9260319648437747
2.049622395833335	2.0248219648437753
2.149622395833335	2.123611964843777
2.249622395833335	2.2224019648437787
2.349622395833335	2.3211919648437793
2.449622395833335	2.4199819648437813
2.5496223958333353	2.5187719648437823
2.6496223958333354	2.6175619648437842
2.7496223958333355	2.716351964843784
2.8496223958333355	2.815141964843787
2.9496223958333356	2.9139319648437887
3.0496223958333353	3.012721964843788
3.149622395833335	3.111511964843791
3.2496223958333346	3.21030196484379
3.349622395833334	3.309091964843791
3.449622395833334	3.4078819648437917
3.5496223958333335	3.506671964843793
3.649622395833333	3.6054619648437947
3.749622395833333	3.704251964843794
3.8496223958333324	3.8030419648437963
3.949622395833332	3.9018319648437965
4.049622395833332	4.000621964843798
4.149622395833331	4.099411964843798
4.249622395833331	4.198201964843797
4.349622395833331	4.296991964843799
4.44962239583333	4.395781964843801
4.54962239583333	4.4945719648438
4.64962239583333	4.593361964843795
4.749622395833329	4.6921519648437515
4.849622395833329	4.790941964843663
4.9496223958333285	4.889731964843522
5.049622395833328	4.988521964843338
5.149622395833328	5.0873119648431055
5.2496223958333275	5.186101964842823
5.349622395833327	5.284891964842497
5.449622395833327	5.383681964842117
5.549622395833326	5.482471964841705
5.649622395833326	5.5812619648413495
5.749622395833326	5.680051964841076
5.849622395833325	5.7788419648408755
5.949622395833325	5.8776319648407425
6.049622395833325	5.976421964840686
6.149622395833324	6.0752119648406815
6.249622395833324	6.174001964840681
6.3496223958333236	6.272791964840681
6.449622395833323	6.371581964840679
6.549622395833323	6.470371964840659
6.6496223958333225	6.569161964840607
6.749622395833322	6.667951964840535
6.849622395833322	6.766741964840448
6.949622395833321	6.865531964840371
7.049622395833321	6.9643219648402885
7.149622395833321	7.063111964840221
7.24962239583332	7.16190196484017
7.34962239583332	7.260691964840134
7.44962239583332	7.359481964840116
7.549622395833319	7.458271964840121
7.649622395833319	7.557061964840119
7.749622395833319	7.65585196484012
7.849622395833318	7.7546419648401175
7.949622395833318	7.853431964840127
8.049622395833318	7.9522219648401204
8.149622395833317	8.051011964840125
8.249622395833317	8.149801964840123
8.349622395833316	8.248591964840125
8.449622395833316	8.347381964840128
8.549622395833316	8.446171964840122
8.55	8.44654499999639
1000008.55	8.44654499999639
