-100001.1	0
0	0
0.0033333333333334103	0.003292999999999678
0.008333333333333304	0.008232499999999632
0.015833333333333366	0.015641749999999788
0.027083333333333348	0.026755624999999904
0.04395833333333332	0.043426437500000095
0.06927083333333339	0.06843265625000047
0.1072395833333335	0.10594198437500107
0.16419270833333344	0.16220597656250163
0.24962239583333345	0.24660196484375257
0.34962239583333354	0.34539196484375395
0.44962239583333363	0.4441819648437553
0.5496223958333337	0.5429719648437568
0.6496223958333338	0.6417619648437581
0.7496223958333339	0.7405519648437593
0.849622395833334	0.8393419648437607
0.9496223958333339	0.9381319648437617
1.049622395833334	1.0369219648437626
1.149622395833334	1.1357119648437644
1.2496223958333341	1.2345019648437656
1.3496223958333342	1.3332919648437664
1.4496223958333343	1.4320819648437682
1.5496223958333344	1.530871964843769
1.6496223958333345	1.6296619648437702
1.7496223958333346	1.7284519648437724
1.8496223958333347	1.827241964843773
1.9496223958333347	1.9260319648437743
2.049622395833335	2.0248219648437757
2.149622395833335	2.123611964843777
2.249622395833335	2.2224019648437787
2.349622395833335	2.3211919648437798
2.449622395833335	2.4199819648437804
2.5496223958333353	2.5187719648437823
2.6496223958333354	2.617561964843784
2.7496223958333355	2.7163519648437853
2.8496223958333355	2.8151419648437863
2.9496223958333356	2.913931964843786
3.0496223958333353	3.0127219648437893
3.149622395833335	3.111511964843788
3.2496223958333346	3.2103019648437914
3.349622395833334	3.3090919648437898
3.449622395833334	3.407881964843793
3.5496223958333335	3.506671964843793
3.649622395833333	3.6054619648437938
3.749622395833333	3.704251964843795
3.8496223958333324	3.8030419648437954
3.949622395833332	3.9018319648437974
4.049622395833332	4.0006219648437975
4.149622395833331	4.0994119648437986
4.249622395833331	4.1982019648438005
4.349622395833331	4.2969919648438
4.44962239583333	4.395781964843802
4.54962239583333	4.4945719648438
4.64962239583333	4.593361964843804
4.749622395833329	4.692151964843794
4.849622395833329	4.79094196484374
4.9496223958333285	4.8897319648436355
5.049622395833328	4.988521964843478
5.149622395833328	5.087311964843272
5.2496223958333275	5.1861019648430045
5.349622395833327	5.284891964842689
5.449622395833327	5.383681964842318
5.549622395833326	5.482471964841904
5.649622395833326	5.581261964841567
5.749622395833326	5.680051964841324
5.849622395833325	5.7788419648411615
5.949622395833325	5.8776319648410915
6.049622395833325	5.976421964841077
6.149622395833324	6.075211964841082
6.249622395833324	6.174001964841081
6.3496223958333236	6.272791964841084
6.449622395833323	6.371581964841085
6.549622395833323	6.47037196484108
6.6496223958333225	6.569161964841064
6.749622395833322	6.667951964840988
6.849622395833322	6.766741964840845
6.949622395833321	6.865531964840696
7.049622395833321	6.964321964840591
7.149622395833321	7.06311196484052
7.24962239583332	7.161901964840476
7.34962239583332	7.260691964840467
7.44962239583332	7.359481964840472
7.549622395833319	7.458271964840467
7.649622395833319	7.557061964840469
7.749622395833319	7.655851964840468
7.849622395833318	7.7546419648404665
7.949622395833318	7.853431964840473
8.049622395833318	7.952221964840475
8.149622395833317	8.051011964840473
8.249622395833317	8.149801964840478
8.349622395833316	8.248591964840474
8.449622395833316	8.347381964840475
8.549622395833316	8.446171964840474
8.55	8.446544999996751
1000008.55	8.446544999996751
