-100001.1	0
0	0
0.0033333333333334103	0.0032929999999996773
0.008333333333333304	0.008232499999999632
0.015833333333333366	0.015641749999999788
0.027083333333333348	0.026755624999999904
0.04395833333333332	0.04342643750000009
0.06927083333333339	0.06843265625000043
0.1072395833333335	0.10594198437500103
0.16419270833333344	0.1622059765625017
0.24962239583333345	0.24660196484375277
0.34962239583333354	0.34539196484375406
0.44962239583333363	0.44418196484375544
0.5496223958333337	0.5429719648437566
0.6496223958333338	0.641761964843758
0.7496223958333339	0.7405519648437591
0.849622395833334	0.8393419648437606
0.9496223958333339	0.9381319648437617
1.049622395833334	1.036921964843763
1.149622395833334	1.1357119648437641
1.2496223958333341	1.2345019648437654
1.3496223958333342	1.3332919648437667
1.4496223958333343	1.432081964843768
1.5496223958333344	1.5308719648437694
1.6496223958333345	1.6296619648437711
1.7496223958333346	1.728451964843772
1.8496223958333347	1.8272419648437732
1.9496223958333347	1.9260319648437747
2.049622395833335	2.0248219648437753
2.149622395833335	2.1236119648437777
2.249622395833335	2.2224019648437787
2.349622395833335	2.3211919648437793
2.449622395833335	2.4199819648437813
2.5496223958333353	2.518771964843782
2.6496223958333354	2.617561964843784
2.7496223958333355	2.7163519648437844
2.8496223958333355	2.8151419648437854
2.9496223958333356	2.913931964843787
3.0496223958333353	3.0127219648437884
3.149622395833335	3.11151196484379
3.2496223958333346	3.2103019648437905
3.349622395833334	3.3090919648437906
3.449622395833334	3.407881964843793
3.5496223958333335	3.5066719648437914
3.649622395833333	3.605461964843795
3.749622395833333	3.7042519648437953
3.8496223958333324	3.8030419648437954
3.949622395833332	3.9018319648437956
4.049622395833332	4.0006219648437975
4.149622395833331	4.099411964843797
4.249622395833331	4.198201964843798
4.349622395833331	4.296991964843798
4.44962239583333	4.395781964843798
4.54962239583333	4.494571964843802
4.64962239583333	4.593361964843802
4.749622395833329	4.692151964843803
4.849622395833329	4.790941964843791
4.9496223958333285	4.889731964843728
5.049622395833328	4.988521964843606
5.149622395833328	5.087311964843421
5.2496223958333275	5.18610196484318
5.349622395833327	5.284891964842879
5.449622395833327	5.383681964842514
5.549622395833326	5.482471964842105
5.649622395833326	5.581261964841795
5.749622395833326	5.680051964841594
5.849622395833325	5.778841964841491
5.949622395833325	5.87763196484148
6.049622395833325	5.976421964841483
6.149622395833324	6.0752119648414835
6.249622395833324	6.17400196484148
6.3496223958333236	6.272791964841483
6.449622395833323	6.371581964841485
6.549622395833323	6.470371964841481
6.6496223958333225	6.569161964841487
6.749622395833322	6.667951964841463
6.849622395833322	6.766741964841348
6.949622395833321	6.86553196484121
7.049622395833321	6.964321964841128
7.149622395833321	7.0631119648410845
7.24962239583332	7.161901964841078
7.34962239583332	7.260691964841074
7.44962239583332	7.35948196484108
7.549622395833319	7.458271964841084
7.649622395833319	7.557061964841077
7.749622395833319	7.655851964841078
7.849622395833318	7.754641964841087
7.949622395833318	7.8534319648410875
8.049622395833318	7.952221964841084
8.149622395833317	8.051011964841088
8.249622395833317	8.149801964841092
8.349622395833316	8.248591964841085
8.449622395833316	8.347381964841084
8.549622395833316	8.446171964841088
8.55	8.44654499999736
1000008.55	8.44654499999736
