-100001.1	0
0	0
0.0033333333333334103	0.003292999999999678
0.008333333333333304	0.008232499999999634
0.015833333333333366	0.015641749999999788
0.027083333333333348	0.02675562499999991
0.04395833333333332	0.04342643750000009
0.06927083333333339	0.06843265625000046
0.1072395833333335	0.10594198437500102
0.16419270833333344	0.16220597656250163
0.24962239583333345	0.24660196484375269
0.34962239583333354	0.345391964843754
0.44962239583333363	0.4441819648437553
0.5496223958333337	0.5429719648437566
0.6496223958333338	0.6417619648437581
0.7496223958333339	0.7405519648437592
0.849622395833334	0.8393419648437603
0.9496223958333339	0.9381319648437617
1.049622395833334	1.0369219648437626
1.149622395833334	1.1357119648437641
1.2496223958333341	1.2345019648437656
1.3496223958333342	1.3332919648437669
1.4496223958333343	1.4320819648437682
1.5496223958333344	1.5308719648437703
1.6496223958333345	1.62966196484377
1.7496223958333346	1.7284519648437724
1.8496223958333347	1.827241964843772
1.9496223958333347	1.926031964843775
2.049622395833335	2.0248219648437753
2.149622395833335	2.1236119648437772
2.249622395833335	2.2224019648437787
2.349622395833335	2.3211919648437798
2.449622395833335	2.4199819648437813
2.5496223958333353	2.518771964843782
2.6496223958333354	2.617561964843783
2.7496223958333355	2.7163519648437844
2.8496223958333355	2.8151419648437868
2.9496223958333356	2.9139319648437865
3.0496223958333353	3.0127219648437884
3.149622395833335	3.1115119648437903
3.2496223958333346	3.21030196484379
3.349622395833334	3.309091964843791
3.449622395833334	3.407881964843791
3.5496223958333335	3.5066719648437927
3.649622395833333	3.6054619648437938
3.749622395833333	3.704251964843795
3.8496223958333324	3.803041964843795
3.949622395833332	3.9018319648437947
4.049622395833332	4.000621964843797
4.149622395833331	4.099411964843797
4.249622395833331	4.198201964843798
4.349622395833331	4.296991964843798
4.44962239583333	4.395781964843799
4.54962239583333	4.4945719648438
4.64962239583333	4.593361964843799
4.749622395833329	4.692151964843802
4.849622395833329	4.790941964843802
4.9496223958333285	4.8897319648437865
5.049622395833328	4.988521964843709
5.149622395833328	5.087311964843563
5.2496223958333275	5.186101964843349
5.349622395833327	5.284891964843069
5.449622395833327	5.383681964842713
5.549622395833326	5.4824719648423095
5.649622395833326	5.581261964842039
5.749622395833326	5.680051964841901
5.849622395833325	5.778841964841876
5.949622395833325	5.877631964841874
6.049622395833325	5.976421964841878
6.149622395833324	6.0752119648418805
6.249622395833324	6.17400196484188
6.3496223958333236	6.272791964841881
6.449622395833323	6.371581964841882
6.549622395833323	6.470371964841877
6.6496223958333225	6.56916196484186
6.749622395833322	6.667951964841806
6.849622395833322	6.766741964841727
6.949622395833321	6.86553196484165
7.049622395833321	6.9643219648416075
7.149622395833321	7.063111964841598
7.24962239583332	7.161901964841603
7.34962239583332	7.260691964841603
7.44962239583332	7.359481964841602
7.549622395833319	7.458271964841606
7.649622395833319	7.5570619648415995
7.749622395833319	7.655851964841601
7.849622395833318	7.754641964841611
7.949622395833318	7.853431964841606
8.049622395833318	7.9522219648416055
8.149622395833317	8.051011964841612
8.249622395833317	8.14980196484161
8.349622395833316	8.248591964841612
8.449622395833316	8.347381964841615
8.549622395833316	8.446171964841614
8.55	8.44654499999788
1000008.55	8.44654499999788
