-100001.1	0
0	0
0.0033333333333334103	0.003292999999999679
0.008333333333333304	0.008232499999999636
0.015833333333333366	0.015641749999999788
0.027083333333333348	0.026755624999999904
0.04395833333333332	0.04342643750000008
0.06927083333333339	0.06843265625000046
0.1072395833333335	0.10594198437500102
0.16419270833333344	0.16220597656250157
0.24962239583333345	0.24660196484375269
0.34962239583333354	0.34539196484375395
0.44962239583333363	0.44418196484375516
0.5496223958333337	0.5429719648437565
0.6496223958333338	0.6417619648437579
0.7496223958333339	0.7405519648437591
0.849622395833334	0.8393419648437603
0.9496223958333339	0.9381319648437617
1.049622395833334	1.036921964843763
1.149622395833334	1.1357119648437644
1.2496223958333341	1.2345019648437654
1.3496223958333342	1.3332919648437669
1.4496223958333343	1.4320819648437684
1.5496223958333344	1.5308719648437694
1.6496223958333345	1.6296619648437702
1.7496223958333346	1.7284519648437724
1.8496223958333347	1.827241964843774
1.9496223958333347	1.9260319648437747
2.049622395833335	2.0248219648437757
2.149622395833335	2.1236119648437772
2.249622395833335	2.222401964843779
2.349622395833335	2.3211919648437807
2.449622395833335	2.41998196484378
2.5496223958333353	2.5187719648437814
2.6496223958333354	2.617561964843784
2.7496223958333355	2.716351964843787
2.8496223958333355	2.815141964843786
2.9496223958333356	2.913931964843788
3.0496223958333353	3.012721964843788
3.149622395833335	3.111511964843789
3.2496223958333346	3.21030196484379
3.349622395833334	3.309091964843791
3.449622395833334	3.4078819648437935
3.5496223958333335	3.506671964843792
3.649622395833333	3.6054619648437916
3.749622395833333	3.7042519648437953
3.8496223958333324	3.803041964843799
3.949622395833332	3.9018319648437982
4.049622395833332	4.000621964843797
4.149622395833331	4.099411964843798
4.249622395833331	4.1982019648438
4.349622395833331	4.296991964843801
4.44962239583333	4.395781964843798
4.54962239583333	4.494571964843804
4.64962239583333	4.593361964843802
4.749622395833329	4.692151964843801
4.849622395833329	4.790941964843804
4.9496223958333285	4.889731964843806
5.049622395833328	4.988521964843779
5.149622395833328	5.0873119648436855
5.2496223958333275	5.186101964843506
5.349622395833327	5.284891964843254
5.449622395833327	5.383681964842908
5.549622395833326	5.482471964842522
5.649622395833326	5.581261964842313
5.749622395833326	5.680051964842281
5.849622395833325	5.778841964842276
5.949622395833325	5.877631964842281
6.049622395833325	5.976421964842287
6.149622395833324	6.075211964842281
6.249622395833324	6.174001964842282
6.3496223958333236	6.272791964842285
6.449622395833323	6.371581964842277
6.549622395833323	6.470371964842254
6.6496223958333225	6.569161964842193
6.749622395833322	6.667951964842119
6.849622395833322	6.766741964842038
6.949622395833321	6.865531964842004
7.049622395833321	6.964321964842004
7.149622395833321	7.063111964842011
7.24962239583332	7.161901964842011
7.34962239583332	7.260691964842006
7.44962239583332	7.359481964842004
7.549622395833319	7.458271964842004
7.649622395833319	7.55706196484202
7.749622395833319	7.655851964842014
7.849622395833318	7.754641964842012
7.949622395833318	7.853431964842014
8.049622395833318	7.9522219648420025
8.149622395833317	8.051011964842012
8.249622395833317	8.149801964842023
8.349622395833316	8.248591964842014
8.449622395833316	8.347381964842016
8.549622395833316	8.446171964842009
8.55	8.4465449999983
1000008.55	8.4465449999983
