-100001.1	0
0	0
0.0033333333333334103	0.003292999999999679
0.008333333333333304	0.008232499999999634
0.015833333333333366	0.01564174999999978
0.027083333333333348	0.026755624999999904
0.04395833333333332	0.04342643750000009
0.06927083333333339	0.06843265625000049
0.1072395833333335	0.10594198437500098
0.16419270833333344	0.16220597656250152
0.24962239583333345	0.24660196484375277
0.34962239583333354	0.3453919648437541
0.44962239583333363	0.4441819648437553
0.5496223958333337	0.5429719648437566
0.6496223958333338	0.641761964843758
0.7496223958333339	0.7405519648437594
0.849622395833334	0.8393419648437606
0.9496223958333339	0.9381319648437613
1.049622395833334	1.0369219648437626
1.149622395833334	1.1357119648437644
1.2496223958333341	1.2345019648437663
1.3496223958333342	1.3332919648437676
1.4496223958333343	1.4320819648437677
1.5496223958333344	1.53087196484377
1.6496223958333345	1.62966196484377
1.7496223958333346	1.7284519648437717
1.8496223958333347	1.827241964843774
1.9496223958333347	1.926031964843775
2.049622395833335	2.024821964843776
2.149622395833335	2.123611964843778
2.249622395833335	2.222401964843776
2.349622395833335	2.3211919648437784
2.449622395833335	2.4199819648437795
2.5496223958333353	2.5187719648437814
2.6496223958333354	2.6175619648437856
2.7496223958333355	2.716351964843786
2.8496223958333355	2.815141964843787
2.9496223958333356	2.913931964843789
3.0496223958333353	3.0127219648437906
3.149622395833335	3.11151196484379
3.2496223958333346	3.2103019648437936
3.349622395833334	3.3090919648437898
3.449622395833334	3.4078819648437886
3.5496223958333335	3.506671964843794
3.649622395833333	3.6054619648437924
3.749622395833333	3.704251964843791
3.8496223958333324	3.803041964843799
3.949622395833332	3.901831964843801
4.049622395833332	4.000621964843791
4.149622395833331	4.099411964843796
4.249622395833331	4.198201964843801
4.349622395833331	4.296991964843802
4.44962239583333	4.395781964843806
4.54962239583333	4.494571964843799
4.64962239583333	4.593361964843785
4.749622395833329	4.692151964843813
4.849622395833329	4.790941964843809
4.9496223958333285	4.889731964843805
5.049622395833328	4.988521964843817
5.149622395833328	5.0873119648438125
5.2496223958333275	5.186101964843806
5.349622395833327	5.284891964843821
5.449622395833327	5.383681964843791
5.549622395833326	5.482471964843487
5.649622395833326	5.581261964843128
5.749622395833326	5.680051964842795
5.849622395833325	5.778841964842487
5.949622395833325	5.877631964842259
6.049622395833325	5.9764219648420545
6.149622395833324	6.075211964841913
6.249622395833324	6.1740019648418
6.3496223958333236	6.272791964841743
6.449622395833323	6.371581964841748
6.549622395833323	6.470371964841756
6.6496223958333225	6.569161964841757
6.749622395833322	6.667951964841746
6.849622395833322	6.766741964841696
6.949622395833321	6.865531964841687
7.049622395833321	6.964321964841709
7.149622395833321	7.0631119648416965
7.24962239583332	7.16190196484169
7.34962239583332	7.2606919648416905
7.44962239583332	7.359481964841685
7.549622395833319	7.458271964841699
7.649622395833319	7.557061964841707
7.749622395833319	7.655851964841694
7.849622395833318	7.754641964841705
7.949622395833318	7.853431964841689
8.049622395833318	7.952221964841732
8.149622395833317	8.051011964841706
8.249622395833317	8.149801964841707
8.349622395833316	8.248591964841701
8.449622395833316	8.347381964841698
8.549622395833316	8.446171964841716
8.55	8.446544999997982
1000008.55	8.446544999997982
