-100001.1	0
0	0
0.0033333333333334103	0.0032874021539846545
0.008333333333333304	0.008218325639646707
0.015833333333333366	0.015614310084356176
0.027083333333333348	0.026707397283624607
0.04395833333333332	0.0433450682780356
0.06927083333333339	0.06829730526545912
0.1072395833333335	0.10571652705086745
0.16419270833333344	0.1618263952177238
0.24962239583333345	0.24595176086382237
0.34962239583333354	0.3443608799642973
0.44962239583333363	0.4427043027819105
0.5496223958333337	0.540983243408235
0.6496223958333338	0.6392030693268026
0.7496223958333339	0.7373649853784497
0.849622395833334	0.8354727881091182
0.9496223958333339	0.9335304672389462
1.049622395833334	1.0315394888935598
1.149622395833334	1.1295036761028023
1.2496223958333341	1.2274264646061024
1.3496223958333342	1.325310027221323
1.4496223958333343	1.4231575066984643
1.5496223958333344	1.5209722999554507
1.6496223958333345	1.61875706647456
1.7496223958333346	1.7165141594054514
1.8496223958333347	1.8142468300334018
1.9496223958333347	1.9119580115331691
2.049622395833335	2.0096498013054775
2.149622395833335	2.1073250455510335
2.249622395833335	2.2049865921302265
2.349622395833335	2.3026367177377196
2.449622395833335	2.4002777298192384
2.5496223958333353	2.497912268196941
2.6496223958333354	2.5955426833773467
2.7496223958333355	2.6931709433081488
2.8496223958333355	2.7907994104815383
2.9496223958333356	2.8884302508102793
3.0496223958333353	2.9860654381464977
3.149622395833335	3.083706920231566
3.2496223958333346	3.1813566386476952
3.349622395833334	3.279016369702385
3.449622395833334	3.37668784226223
3.5496223958333335	3.4743727664251396
3.649622395833333	3.5720726901061837
3.749622395833333	3.669789007024413
3.8496223958333324	3.767523244458304
3.949622395833332	3.8652767691153884
4.049622395833332	3.9630507234242187
4.149622395833331	4.060846159660761
4.249622395833331	4.158664418836236
4.349622395833331	4.256506432448838
4.44962239583333	4.354372910437677
4.54962239583333	4.452264733578274
4.64962239583333	4.550182921511001
4.749622395833329	4.648127902866421
4.849622395833329	4.746100021726727
4.9496223958333285	4.84410020927627
5.049622395833328	4.94212880500661
5.149622395833328	5.040185791002119
5.2496223958333275	5.138271619309889
5.349622395833327	5.236386759787033
5.449622395833327	5.33453088687131
5.549622395833326	5.432703944834413
5.649622395833326	5.530906464114628
5.749622395833326	5.629137885741466
5.849622395833325	5.727397758519887
5.949622395833325	5.82568653806486
6.049622395833325	5.9240034455988
6.149622395833324	6.0223477911045835
6.249622395833324	6.120719905107926
6.3496223958333236	6.2191187251963935
6.449622395833323	6.317543500136521
6.549622395833323	6.415994364880868
6.6496223958333225	6.514469906319178
6.749622395833322	6.61296963402574
6.849622395833322	6.711493201298904
6.949622395833321	6.810038976847254
7.049622395833321	6.90860696982882
7.149622395833321	7.007195940156336
7.24962239583332	7.105804676132279
7.34962239583332	7.204433073514135
7.44962239583332	7.3030792654306556
7.549622395833319	7.4017431177766575
7.649622395833319	7.500423244098662
7.749622395833319	7.599118549049006
7.849622395833318	7.697828625328205
7.949622395833318	7.796551799122741
8.049622395833318	7.895287993378961
8.149622395833317	7.994035387989263
8.249622395833317	8.092793963382125
8.349622395833316	8.191562070793085
8.449622395833316	8.290340077546034
8.549622395833316	8.389126416118033
8.55	8.389499451225822
1000008.55	8.389499451225822
