-100001.1	0
0	0
0.0033333333333334103	0.0032548063817048303
0.008333333333333304	0.008136606280896104
0.015833333333333366	0.015458386651334465
0.027083333333333348	0.026438996098406276
0.04395833333333332	0.04290529882193069
0.06927083333333339	0.06759446506069595
0.1072395833333335	0.10460536337249277
0.16419270833333344	0.1600712552584506
0.24962239583333345	0.24316263675094105
0.34962239583333354	0.3402623895170441
0.44962239583333363	0.4371953570839239
0.5496223958333337	0.5339663299672388
0.6496223958333338	0.630586813653013
0.7496223958333339	0.7270626234837211
0.849622395833334	0.8234022633141949
0.9496223958333339	0.9196155271418399
1.049622395833334	1.01570822231297
1.149622395833334	1.1116890681095548
1.2496223958333341	1.2075669168089016
1.3496223958333342	1.30334864930477
1.4496223958333343	1.3990419439282904
1.5496223958333344	1.4946553234303814
1.6496223958333345	1.5901963951930376
1.7496223958333346	1.6856716361568167
1.8496223958333347	1.781089141975821
1.9496223958333347	1.876456682840703
2.049622395833335	1.9717804334419378
2.149622395833335	2.0670676273967943
2.249622395833335	2.1623256871403345
2.349622395833335	2.257560999136086
2.449622395833335	2.352779746798093
2.5496223958333353	2.4479888402967642
2.6496223958333354	2.5431946387204025
2.7496223958333355	2.6384025552966763
2.8496223958333355	2.733618857756357
2.9496223958333356	2.8288533502574493
3.0496223958333353	2.924099535957306
3.149622395833335	3.019374503431862
3.2496223958333346	3.11467958825
3.349622395833334	3.2100197263851125
3.449622395833334	3.305399542009264
3.5496223958333335	3.400823616894124
3.649622395833333	3.4962962546739167
3.749622395833333	3.5918214735885337
3.8496223958333324	3.6874032469136924
3.949622395833332	3.7830452339787777
4.049622395833332	3.878750749349383
4.149622395833331	3.97452299404222
4.249622395833331	4.070365182290986
4.349622395833331	4.166279914380828
4.44962239583333	4.262269501438162
4.54962239583333	4.358336578024554
4.64962239583333	4.454483262384826
4.749622395833329	4.55071105947664
4.849622395833329	4.64702158317793
4.9496223958333285	4.743416711400521
5.049622395833328	4.839897248799045
5.149622395833328	4.936463797985107
5.2496223958333275	5.033117758275698
5.349622395833327	5.129859427295314
5.449622395833327	5.226688528389074
5.549622395833326	5.323605721814349
5.649622395833326	5.420610979550984
5.749622395833326	5.517703214759466
5.849622395833325	5.614882324405738
5.949622395833325	5.712147931349325
6.049622395833325	5.809498203094452
6.149622395833324	5.9069324765858
6.249622395833324	6.004449881379767
6.3496223958333236	6.1020478798952436
6.449622395833323	6.199725572717106
6.549622395833323	6.297481344890096
6.6496223958333225	6.395312103405343
6.749622395833322	6.493217010135603
6.849622395833322	6.591193361718316
6.949622395833321	6.689238019924095
7.049622395833321	6.787350018607394
7.149622395833321	6.885525469022079
7.24962239583332	6.9837621925251
7.34962239583332	7.082057972482123
7.44962239583332	7.180408632213642
7.549622395833319	7.278813045111651
7.649622395833319	7.377266929193738
7.749622395833319	7.475767993000941
7.849622395833318	7.574313501430455
7.949622395833318	7.672899799953466
8.049622395833318	7.771525319666238
8.149622395833317	7.870185661235561
8.249622395833317	7.968879789200262
8.349622395833316	8.067603437605323
8.449622395833316	8.166356062344702
8.549622395833316	8.265133939089196
8.55	8.265506974077786
1000008.55	8.265506974077786
