-100001.1	0
0	0
0.0033333333333334103	0.003190410690950334
0.008333333333333304	0.007975495609913308
0.015833333333333366	0.015151928828162487
0.027083333333333348	0.025913894677670822
0.04395833333333332	0.04205081423042535
0.06927083333333339	0.06624266064435505
0.1072395833333335	0.10250009023623098
0.16419270833333344	0.15681837867986326
0.24962239583333345	0.23815025514482277
0.34962239583333354	0.33313644555130095
0.44962239583333363	0.42790096590475174
0.5496223958333337	0.5224514377960862
0.6496223958333338	0.6168010624441203
0.7496223958333339	0.7109625199438672
0.849622395833334	0.8049437443302282
0.9496223958333339	0.8987588253268082
1.049622395833334	0.9924173448333192
1.149622395833334	1.0859305373081978
1.2496223958333341	1.1793106849057027
1.3496223958333342	1.2725684350061917
1.4496223958333343	1.3657141490840226
1.5496223958333344	1.4587596568306647
1.6496223958333345	1.5517161539147777
1.7496223958333346	1.6445931089329207
1.8496223958333347	1.7374017245735873
1.9496223958333347	1.830153139337613
2.049622395833335	1.9228566783870165
2.149622395833335	2.0155225060840687
2.249622395833335	2.1081612662824973
2.349622395833335	2.2007824246160235
2.449622395833335	2.293394951219361
2.5496223958333353	2.3860088354820808
2.6496223958333354	2.4786333768695274
2.7496223958333355	2.571276572179006
2.8496223958333355	2.6639475785100917
2.9496223958333356	2.756655042602491
3.0496223958333353	2.8494067554245524
3.149622395833335	2.9422105515363626
3.2496223958333346	3.035074257195801
3.349622395833334	3.1280052166763093
3.449622395833334	3.2210102306099313
3.5496223958333335	3.3140961759133654
3.649622395833333	3.407269562506283
3.749622395833333	3.500536421812598
3.8496223958333324	3.593902595549432
3.949622395833332	3.687373651056886
4.049622395833332	3.780954680747856
4.149622395833331	3.8746505989067686
4.249622395833331	3.9684660019005356
4.349622395833331	4.062404979591192
4.44962239583333	4.156471311970672
4.54962239583333	4.250668815846608
4.64962239583333	4.345000528812268
4.749622395833329	4.439469017872359
4.849622395833329	4.534077160442276
4.9496223958333285	4.628827118558435
5.049622395833328	4.72372031186697
5.149622395833328	4.818758356212794
5.2496223958333275	4.913942763368254
5.349622395833327	5.009273834438722
5.449622395833327	5.104751829732491
5.549622395833326	5.200377616184498
5.649622395833326	5.296150446137628
5.749622395833326	5.392069322517639
5.849622395833325	5.488134366662292
5.949622395833325	5.584343848131445
6.049622395833325	5.680695649322643
6.149622395833324	5.777189149508518
6.249622395833324	5.873821596194656
6.3496223958333236	5.970589955912634
6.449622395833323	6.067492940065873
6.549622395833323	6.164526676369746
6.6496223958333225	6.261687581469465
6.749622395833322	6.358973610069829
6.849622395833322	6.45637968721322
6.949622395833321	6.553902431863006
7.049622395833321	6.651538501256225
7.149622395833321	6.749281986620623
7.24962239583332	6.847130239249928
7.34962239583332	6.945077879115257
7.44962239583332	7.043119579577863
7.549622395833319	7.141252311784789
7.649622395833319	7.239469149399785
7.749622395833319	7.337766984803748
7.849622395833318	7.436139855258443
7.949622395833318	7.534583077904119
8.049622395833318	7.633092576905419
8.149622395833317	7.731661983746735
8.249622395833317	7.830288677148774
8.349622395833316	7.928965971958526
8.449622395833316	8.02769204035751
8.549622395833316	8.126461090894566
8.55	8.126834125758645
1000008.55	8.126834125758645
