-100001.1	0
0	0
0.0033333333333334103	0.0030949463794398726
0.008333333333333304	0.007736824469163463
0.015833333333333366	0.014698422607274246
0.027083333333333348	0.02513807481874146
0.04395833333333332	0.04079136947809183
0.06927083333333339	0.06425737868986217
0.1072395833333335	0.09942498752838569
0.16419270833333344	0.15210556607569875
0.24962239583333345	0.23097371088562477
0.34962239583333354	0.32306772148644813
0.44962239583333363	0.4149313946533464
0.5496223958333337	0.5065737102003968
0.6496223958333338	0.5980072661754915
0.7496223958333339	0.6892481100340028
0.849622395833334	0.7803033594415705
0.9496223958333339	0.8711884822142519
1.049622395833334	0.9619152923703415
1.149622395833334	1.0524957856762411
1.2496223958333341	1.142943735411532
1.3496223958333342	1.2332719069636888
1.4496223958333343	1.3234920076807672
1.5496223958333344	1.4136174502606023
1.6496223958333345	1.5036614153671857
1.7496223958333346	1.5936352358202752
1.8496223958333347	1.6835517176961816
1.9496223958333347	1.7734239616302165
2.049622395833335	1.8632633564435122
2.149622395833335	1.9530817385208141
2.249622395833335	2.0428917340522608
2.349622395833335	2.1327048179058914
2.449622395833335	2.222531753016226
2.5496223958333353	2.3123845060753716
2.6496223958333354	2.4022742935633725
2.7496223958333355	2.4922108895885793
2.8496223958333355	2.582205438292766
2.9496223958333356	2.6722684615772305
3.0496223958333353	2.7624094156364034
3.149622395833335	2.8526380325793324
3.2496223958333346	2.942963954590239
3.349622395833334	3.0333961608471065
3.449622395833334	3.12394307720552
3.5496223958333335	3.214613302190413
3.649622395833333	3.305414930012829
3.749622395833333	3.39635542483702
3.8496223958333324	3.487442156241513
3.949622395833332	3.578682116989999
4.049622395833332	3.6700817292632735
4.149622395833331	3.761647181057085
4.249622395833331	3.8533842664777342
4.349622395833331	3.945298165012449
4.44962239583333	4.037393889343787
4.54962239583333	4.129676073052269
4.64962239583333	4.222148579583699
4.749622395833329	4.314814977478801
4.849622395833329	4.407678870980785
4.9496223958333285	4.500742801969233
5.049622395833328	4.59400877633623
5.149622395833328	4.687479291333622
5.2496223958333275	4.781155649626764
5.349622395833327	4.875038305117567
5.449622395833327	4.969128459378869
5.549622395833326	5.063426310000439
5.649622395833326	5.157930790756726
5.749622395833326	5.252641696135168
5.849622395833325	5.347558187407264
5.949622395833325	5.442677713448503
6.049622395833325	5.537998770567192
6.149622395833324	5.633519450733385
6.249622395833324	5.729235711699526
6.3496223958333236	5.825145030422574
6.449622395833323	5.921244273416297
6.549622395833323	6.017527976385943
6.6496223958333225	6.113993087248839
6.749622395833322	6.210634878365302
6.849622395833322	6.307446845270674
6.949622395833321	6.404425585883617
7.049622395833321	6.501564580908532
7.149622395833321	6.5988570312768156
7.24962239583332	6.696298925465554
7.34962239583332	6.79388185046146
7.44962239583332	6.891600298178396
7.549622395833319	6.989448111962788
7.649622395833319	7.087416470586874
7.749622395833319	7.185501083722164
7.849622395833318	7.283692590244363
7.949622395833318	7.381985849290894
8.049622395833318	7.480373448377645
8.149622395833317	7.578847535770103
8.249622395833317	7.6774034662621515
8.349622395833316	7.776032190481762
8.449622395833316	7.874730481393444
8.549622395833316	7.9734903311498275
8.55	7.97386336588403
1000008.55	7.97386336588403
