-100001.1	0
0	0
0.0033333333333334103	0.0029691035863341174
0.008333333333333304	0.007422321209801434
0.015833333333333366	0.014101160900137107
0.027083333333333348	0.024117194223018747
0.04395833333333332	0.03913621466669123
0.06927083333333339	0.06165335398220936
0.1072395833333335	0.09540317181276275
0.16419270833333344	0.1459687809873652
0.24962239583333345	0.22168849708908503
0.34962239583333354	0.3101350386835808
0.44962239583333363	0.39838876590356326
0.5496223958333337	0.4864583581345948
0.6496223958333338	0.5743547634565835
0.7496223958333339	0.6620890638785757
0.849622395833334	0.7496717385834892
0.9496223958333339	0.8371152171426339
1.049622395833334	0.9244314814417622
1.149622395833334	1.011631944873208
1.2496223958333341	1.0987298098577176
1.3496223958333342	1.1857380443127161
1.4496223958333343	1.2726671346736218
1.5496223958333344	1.3595291980747415
1.6496223958333345	1.4463435217663445
1.7496223958333346	1.533119689257161
1.8496223958333347	1.6198703650492332
1.9496223958333347	1.7066090037413844
2.049622395833335	1.7933476682033858
2.149622395833335	1.8800991201865316
2.249622395833335	1.966876608061798
2.349622395833335	2.053692546103936
2.449622395833335	2.1405586842524102
2.5496223958333353	2.2274878685362394
2.6496223958333354	2.3144922840673927
2.7496223958333355	2.4015828977996407
2.8496223958333355	2.4887715617304296
2.9496223958333356	2.5760701538826
3.0496223958333353	2.663489145247284
3.149622395833335	2.7510393138607037
3.2496223958333346	2.83873139843842
3.349622395833334	2.9265753517292756
3.449622395833334	3.0145808486419945
3.5496223958333335	3.102757535951425
3.649622395833333	3.191114460029856
3.749622395833333	3.2796602727828623
3.8496223958333324	3.368403229493274
3.949622395833332	3.457351284744904
4.049622395833332	3.5465119842848316
4.149622395833331	3.6358923564359067
4.249622395833331	3.725499006719836
4.349622395833331	3.81533792594181
4.44962239583333	3.9054151201534033
4.54962239583333	3.995735753110692
4.64962239583333	4.086304254664378
4.749622395833329	4.177125375868846
4.849622395833329	4.268202808942133
4.9496223958333285	4.359539273561988
5.049622395833328	4.451138004383422
5.149622395833328	4.543001511073648
5.2496223958333275	4.635130888413472
5.349622395833327	4.727527335598038
5.449622395833327	4.820192337988382
5.549622395833326	4.913125300527235
5.649622395833326	5.006325495586355
5.749622395833326	5.099793136986901
5.849622395833325	5.19352611245896
5.949622395833325	5.287521832541926
6.049622395833325	5.381779117940231
6.149622395833324	5.476294303223139
6.249622395833324	5.571063043356993
6.3496223958333236	5.666083031130812
6.449622395833323	5.761348726289138
6.549622395833323	5.856854419545062
6.6496223958333225	5.9525966017202006
6.749622395833322	6.04856787116773
6.849622395833322	6.1447616925086646
6.949622395833321	6.241173200281379
7.049622395833321	6.337792982633784
7.149622395833321	6.434614862560546
7.24962239583332	6.531631631453541
7.34962239583332	6.628832829084957
7.44962239583332	6.726212892344186
7.549622395833319	6.823761718437277
7.649622395833319	6.921469732086263
7.749622395833319	7.019330478023332
7.849622395833318	7.1173315395746055
7.949622395833318	7.215467377180412
8.049622395833318	7.313726783735465
8.149622395833317	7.412100896805613
8.249622395833317	7.510582500909313
8.349622395833316	7.609160245031476
8.449622395833316	7.707829413507353
8.549622395833316	7.80657972003839
8.55	7.8069526881221085
1000008.55	7.8069526881221085
