-100001.1	0
0	0
0.0033333333333334103	0.0028135476632196064
0.008333333333333304	0.007033654141112616
0.015833333333333366	0.013363326357199388
0.027083333333333348	0.02285672525709642
0.04395833333333332	0.03709428505447352
0.06927083333333339	0.05844477008317381
0.1072395833333335	0.09045684225510144
0.16419270833333344	0.13844263465024043
0.24962239583333345	0.21034834237670158
0.34962239583333354	0.29441491212872234
0.44962239583333363	0.37837244729201736
0.5496223958333337	0.46222718943488184
0.6496223958333338	0.5459840903195946
0.7496223958333339	0.6296503308354996
0.849622395833334	0.7132340279698441
0.9496223958333339	0.7967435756114055
1.049622395833334	0.8801885766087416
1.149622395833334	0.9635786969331427
1.2496223958333341	1.0469245094645632
1.3496223958333342	1.1302371757171479
1.4496223958333343	1.213526138434325
1.5496223958333344	1.296801847872718
1.6496223958333345	1.3800825070788334
1.7496223958333346	1.4633773356514248
1.8496223958333347	1.5466974718443218
1.9496223958333347	1.6300559505776713
2.049622395833335	1.7134649162748832
2.149622395833335	1.796936292830125
2.249622395833335	1.8804830526249317
2.349622395833335	1.9641177036446358
2.449622395833335	2.0478518891277178
2.5496223958333353	2.131698624633828
2.6496223958333354	2.2156699869411502
2.7496223958333355	2.299777266481382
2.8496223958333355	2.3840327738226135
2.9496223958333356	2.468448435205881
3.0496223958333353	2.5530350940243824
3.149622395833335	2.6378042576972716
3.2496223958333346	2.722766996535105
3.349622395833334	2.8079335880101
3.449622395833334	2.893314330670173
3.5496223958333335	2.9789195664047874
3.649622395833333	3.064758817891536
3.749622395833333	3.150841083217829
3.8496223958333324	3.237175607301272
3.949622395833332	3.323770706963535
4.049622395833332	3.410634359315013
4.149622395833331	3.4977744610970536
4.249622395833331	3.5851981177571735
4.349622395833331	3.6729117149167143
4.44962239583333	3.760921913766278
4.54962239583333	3.8492342753955286
4.64962239583333	3.937853886552703
4.749622395833329	4.02678588087556
4.849622395833329	4.11603407276212
4.9496223958333285	4.205601859002765
5.049622395833328	4.2954927848047
5.149622395833328	4.385709269545899
5.2496223958333275	4.476252671962429
5.349622395833327	4.567124982629959
5.449622395833327	4.658326898179123
5.549622395833326	4.749857751883181
5.649622395833326	4.841717864576245
5.749622395833326	4.933906267937193
5.849622395833325	5.026420385260878
5.949622395833325	5.119258571345427
6.049622395833325	5.2124182883816
6.149622395833324	5.305894794325709
6.249622395833324	5.399684816463652
6.3496223958333236	5.493784125185729
6.449622395833323	5.588185902294785
6.549622395833323	5.682885450423338
6.6496223958333225	5.777876630799449
6.749622395833322	5.873150617516208
6.849622395833322	5.968701818708682
6.949622395833321	6.064521793685636
7.049622395833321	6.160600300739644
7.149622395833321	6.256930918811427
7.24962239583332	6.353502787346187
7.34962239583332	6.4503051536662
7.44962239583332	6.547330536454578
7.549622395833319	6.64456532442176
7.649622395833319	6.742001047337215
7.749622395833319	6.839626557048946
7.849622395833318	6.937427915879307
7.949622395833318	7.035398227087232
8.049622395833318	7.1335227781385155
8.149622395833317	7.231792120150609
8.249622395833317	7.330195535226098
8.349622395833316	7.428719881069326
8.449622395833316	7.527358461401645
8.549622395833316	7.62609860717093
8.55	7.6264716550344085
1000008.55	7.6264716550344085
