-100001.1	0
0	0
0.0033333333333334103	0.0026289198716508873
0.008333333333333304	0.006572427525136548
0.015833333333333366	0.012487971118528058
0.027083333333333348	0.02136190256452555
0.04395833333333332	0.034674122751187066
0.06927083333333339	0.054645216830977394
0.1072395833333335	0.08460735935476052
0.16419270833333344	0.1295606663032236
0.24962239583333345	0.19700554605340342
0.34962239583333354	0.2759820545710031
0.44962239583333363	0.3549796565950737
0.5496223958333337	0.43399936025070346
0.6496223958333338	0.5130372867460165
0.7496223958333339	0.5920932650461256
0.849622395833334	0.6711712047973196
0.9496223958333339	0.7502732489639025
1.049622395833334	0.8294038677593002
1.149622395833334	0.9085696582091102
1.2496223958333341	0.9877766717763912
1.3496223958333342	1.0670323001970665
1.4496223958333343	1.1463451131253628
1.5496223958333344	1.2257237205400788
1.6496223958333345	1.3051764178630207
1.7496223958333346	1.3847163308845007
1.8496223958333347	1.4643503439716459
1.9496223958333347	1.5440901815180088
2.049622395833335	1.6239468064100742
2.149622395833335	1.703930925380449
2.249622395833335	1.7840540366200188
2.349622395833335	1.8643276523470513
2.449622395833335	1.944762702831253
2.5496223958333353	2.0253710285926045
2.6496223958333354	2.106164332750506
2.7496223958333355	2.1871533518801964
2.8496223958333355	2.2683499032455177
2.9496223958333356	2.349765480184912
3.0496223958333353	2.4314107821838578
3.149622395833335	2.513296985434584
3.2496223958333346	2.5954351373895497
3.349622395833334	2.677835460172829
3.449622395833334	2.760508309451624
3.5496223958333335	2.843463952539249
3.649622395833333	2.926712005974644
3.749622395833333	3.0102617883171425
3.8496223958333324	3.0941225281372846
3.949622395833332	3.1783029146365256
4.049622395833332	3.2628111508520115
4.149622395833331	3.3476551966667536
4.249622395833331	3.4328424708953182
4.349622395833331	3.518379993648603
4.44962239583333	3.604274287938307
4.54962239583333	3.690531084311769
4.64962239583333	3.7771564232982024
4.749622395833329	3.864154921148682
4.849622395833329	3.9515308286019724
4.9496223958333285	4.039288104543828
5.049622395833328	4.127430272160135
5.149622395833328	4.2159595248998105
5.2496223958333275	4.304877869889818
5.349622395833327	4.394187299098181
5.449622395833327	4.483887977144222
5.549622395833326	4.573979783317083
5.649622395833326	4.664463105779043
5.749622395833326	4.755335983649638
5.849622395833325	4.846596062123447
5.949622395833325	4.938242044796222
6.049622395833325	5.0302697776725465
6.149622395833324	5.122674664934578
6.249622395833324	5.215453684776111
6.3496223958333236	5.308600401402057
6.449622395833323	5.402108084289115
6.549622395833323	5.495971976366358
6.6496223958333225	5.590183258448151
6.749622395833322	5.6847333879151565
6.849622395833322	5.779615817983681
6.949622395833321	5.874819257604651
7.049622395833321	5.970334012972449
7.149622395833321	6.066151453556355
7.24962239583332	6.162257964466275
7.34962239583332	6.2586436917567765
7.44962239583332	6.355297249902382
7.549622395833319	6.452203532645677
7.649622395833319	6.549353079765784
7.749622395833319	6.646731312516783
7.849622395833318	6.744323206136485
7.949622395833318	6.842119397804948
8.049622395833318	6.94010213644306
8.149622395833317	7.038261371733747
8.249622395833317	7.1365824590996505
8.349622395833316	7.235050773905862
8.449622395833316	7.333657234024536
8.549622395833316	7.432386795841773
8.55	7.432759830148171
1000008.55	7.432759830148171
