-100001.1	0
0	0
0.0033333333333334103	0.0024158932820159433
0.008333333333333304	0.006040331910166909
0.015833333333333366	0.011478328324048106
0.027083333333333348	0.019638305430870726
0.04395833333333332	0.03188488355573288
0.06927083333333339	0.05026929763430992
0.1072395833333335	0.07787692950096191
0.16419270833333344	0.1193567936270513
0.24962239583333345	0.1817184832951017
0.34962239583333354	0.2549199619738138
0.44962239583333363	0.3283186431654618
0.5496223958333337	0.401904687155238
0.6496223958333338	0.4756652185457595
0.7496223958333339	0.5495889059349144
0.849622395833334	0.6236732527043892
0.9496223958333339	0.697912265219735
1.049622395833334	0.7723024254204461
1.149622395833334	0.8468456166140885
1.2496223958333341	0.9215417914434985
1.3496223958333342	0.9963925867499052
1.4496223958333343	1.0714024489581617
1.5496223958333344	1.1465760552948094
1.6496223958333345	1.2219183241680478
1.7496223958333346	1.2974359095093608
1.8496223958333347	1.3731361216448998
1.9496223958333347	1.4490262771162323
2.049622395833335	1.5251147629436113
2.149622395833335	1.6014103288410608
2.249622395833335	1.6779219417083078
2.349622395833335	1.7546591566336147
2.449622395833335	1.8316314986902544
2.5496223958333353	1.908848966026042
2.6496223958333354	1.986321795947578
2.7496223958333355	2.064059767856548
2.8496223958333355	2.1420734005173054
2.9496223958333356	2.220373090632274
3.0496223958333353	2.2989688362649137
3.149622395833335	2.3778710112076564
3.2496223958333346	2.4570898965631836
3.349622395833334	2.5366352170615363
3.449622395833334	2.6165169106457813
3.5496223958333335	2.6967447945254217
3.649622395833333	2.7773280790541572
3.749622395833333	2.8582759452686837
3.8496223958333324	2.939597402136666
3.949622395833332	3.021300885695612
4.049622395833332	3.1033945894541004
4.149622395833331	3.1858864208525866
4.249622395833331	3.2687837242400573
4.349622395833331	3.352093560639447
4.44962239583333	3.4358224540252964
4.54962239583333	3.519976324327802
4.64962239583333	3.604560956606099
4.749622395833329	3.689581283402122
4.849622395833329	3.7750415105041992
4.9496223958333285	3.8609459604276877
5.049622395833328	3.947297823193984
5.149622395833328	4.034099322936893
5.2496223958333275	4.121353096740645
5.349622395833327	4.209060484025161
5.449622395833327	4.2972215268211515
5.549622395833326	4.385836964075744
5.649622395833326	4.474906188153856
5.749622395833326	4.564426869078017
5.849622395833325	4.6543976993584035
5.949622395833325	4.7448160343278625
6.049622395833325	4.835677028022486
6.149622395833324	4.926977263630903
6.249622395833324	5.01871192719764
6.3496223958333236	5.1108735826791065
6.449622395833323	5.203456803070472
6.549622395833323	5.296454430493262
6.6496223958333225	5.389856621451198
6.749622395833322	5.483655490734492
6.849622395833322	5.577842008194479
6.949622395833321	5.672403408539132
7.049622395833321	5.767331051508495
7.149622395833321	5.8626124084108415
7.24962239583332	5.958232953732103
7.34962239583332	6.054182818454614
7.44962239583332	6.1504465608438705
7.549622395833319	6.247008686421762
7.649622395833319	6.343857898983668
7.749622395833319	6.440976071662797
7.849622395833318	6.538348217415899
7.949622395833318	6.635961048701732
8.049622395833318	6.733794791994097
8.149622395833317	6.831838022971475
8.249622395833317	6.930072414882062
8.349622395833316	7.028481836473943
8.449622395833316	7.1270544936008795
8.549622395833316	7.225772975666992
8.55	7.2261460098171915
1000008.55	7.2261460098171915
