-100001.1	0
0	0
0.0033333333333334103	0.002175042775215868
0.008333333333333304	0.0054388134332885455
0.015833333333333366	0.010337174421751572
0.027083333333333348	0.0176907697137675
0.04395833333333332	0.028734674229277366
0.06927083333333339	0.045330574427646424
0.1072395833333335	0.07028904282063636
0.16419270833333344	0.10786830466649228
0.24962239583333345	0.16453816226463402
0.34962239583333354	0.23130011164533554
0.44962239583333363	0.2984877766820883
0.5496223958333337	0.36606937919475613
0.6496223958333338	0.43401826163042795
0.7496223958333339	0.5023099105339924
0.849622395833334	0.5709316465287667
0.9496223958333339	0.6398699745121481
1.049622395833334	0.7091105492457127
1.149622395833334	0.7786483416027283
1.2496223958333341	0.8484760561292357
1.3496223958333342	0.9185876862398403
1.4496223958333343	0.9889814592145699
1.5496223958333344	1.0596574628439346
1.6496223958333345	1.1306146802409318
1.7496223958333346	1.201854878249523
1.8496223958333347	1.2733819766705792
1.9496223958333347	1.345198720735574
2.049622395833335	1.417309723084892
2.149622395833335	1.4897211492429754
2.249622395833335	1.5624384263062001
2.349622395833335	1.6354682493087647
2.449622395833335	1.7088181551314472
2.5496223958333353	1.782495404976361
2.6496223958333354	1.8565080747174298
2.7496223958333355	1.9308644436893592
2.8496223958333355	2.005572946863896
2.9496223958333356	2.0806423567909476
3.0496223958333353	2.1560814977592146
3.149622395833335	2.2318993006093826
3.2496223958333346	2.3081047663254455
3.349622395833334	2.384706780481814
3.449622395833334	2.4617143036284177
3.5496223958333335	2.539136174030037
3.649622395833333	2.6169809942654316
3.749622395833333	2.695257356032685
3.8496223958333324	2.773973558442694
3.949622395833332	2.853137616772846
4.049622395833332	2.9327573891766527
4.149622395833331	3.012840289588095
4.249622395833331	3.093393438039572
4.349622395833331	3.1744236763927876
4.44962239583333	3.255937200177008
4.54962239583333	3.3379399178700755
4.64962239583333	3.4204374425287063
4.749622395833329	3.5034344391841916
4.849622395833329	3.586935267323632
4.9496223958333285	3.6709441295559073
5.049622395833328	3.7554638760145904
5.149622395833328	3.840497001897576
5.2496223958333275	3.9260461207362214
5.349622395833327	4.0121120275339495
5.449622395833327	4.098695080440992
5.549622395833326	4.185796131347274
5.649622395833326	4.273413675773085
5.749622395833326	4.361545706490591
5.849622395833325	4.45019115576627
5.949622395833325	4.5393460289444985
6.049622395833325	4.629005770290874
6.149622395833324	4.719167245898687
6.249622395833324	4.809823779926947
6.3496223958333236	4.900968219486513
6.449622395833323	4.99259527768205
6.549622395833323	5.084695420292941
6.6496223958333225	5.177258942943233
6.749622395833322	5.270278322042421
6.849622395833322	5.363741036567965
6.949622395833321	5.457635096760217
7.049622395833321	5.551950649475344
7.149622395833321	5.646672085303855
7.24962239583332	5.741785881999782
7.34962239583332	5.837279473978024
7.44962239583332	5.933134534462181
7.549622395833319	6.029336549051948
7.649622395833319	6.125870236719213
7.749622395833319	6.222715064681957
7.849622395833318	6.319856436884565
7.949622395833318	6.417276091828964
8.049622395833318	6.514953213994886
8.149622395833317	6.612874154345109
8.249622395833317	6.711017112937387
8.349622395833316	6.8093646146930045
8.449622395833316	6.907901671643254
8.549622395833316	7.006608526612822
8.55	7.006981560598921
1000008.55	7.006981560598921
