-100001.1	0
0	0
0.0033333333333334103	0.0019070403536976816
0.008333333333333304	0.004769554822105764
0.015833333333333366	0.009067709150192681
0.027083333333333348	0.01552476300208124
0.04395833333333332	0.0252323207844091
0.06927083333333339	0.039842677935984984
0.1072395833333335	0.06186380812894962
0.16419270833333344	0.0951267024407745
0.24962239583333345	0.14551246402857543
0.34962239583333354	0.20518977662005716
0.44962239583333363	0.2655638857466415
0.5496223958333337	0.32658364061719125
0.6496223958333338	0.38820397963377934
0.7496223958333339	0.45038825606460353
0.849622395833334	0.5131037817915759
0.9496223958333339	0.5763246991821271
1.049622395833334	0.6400259829887918
1.149622395833334	0.7041908972375209
1.2496223958333341	0.7688067602703332
1.3496223958333342	0.8338580580698192
1.4496223958333343	0.8993347011518682
1.5496223958333344	0.9652314766630449
1.6496223958333345	1.0315401220159122
1.7496223958333346	1.0982559138886616
1.8496223958333347	1.1653786974386147
1.9496223958333347	1.232905623446524
2.049622395833335	1.3008363136603889
2.149622395833335	1.3691737660708843
2.249622395833335	1.4379189543960227
2.349622395833335	1.5070748100893068
2.449622395833335	1.5766463623902616
2.5496223958333353	1.6466372839376153
2.6496223958333354	1.717052873661964
2.7496223958333355	1.7878994114896374
2.8496223958333355	1.8591825100890682
2.9496223958333356	1.930908866327702
3.0496223958333353	2.0030856354538185
3.149622395833335	2.0757196438866834
3.2496223958333346	2.1488182508756624
3.349622395833334	2.222389134681641
3.449622395833334	2.2964396822812896
3.5496223958333335	2.370977434034589
3.649622395833333	2.4460101256890465
3.749622395833333	2.521545191477895
3.8496223958333324	2.5975899571338
3.949622395833332	2.6741518472322823
4.049622395833332	2.7512378748413284
4.149622395833331	2.8288547291634494
4.249622395833331	2.9070091960685014
4.349622395833331	2.985707485547182
4.44962239583333	3.0649552589175784
4.54962239583333	3.1447583486237667
4.64962239583333	3.2251218171835956
4.749622395833329	3.306049928331266
4.849622395833329	3.387547266343276
4.9496223958333285	3.469617422789302
5.049622395833328	3.5522629008674396
5.149622395833328	3.6354867438870273
5.2496223958333275	3.7192908033736396
5.349622395833327	3.8036754987842176
5.449622395833327	3.8886420567067366
5.549622395833326	3.9741903260882863
5.649622395833326	4.060318321619553
5.749622395833326	4.147025207723086
5.849622395833325	4.234308599673721
5.949622395833325	4.32216383073344
6.049622395833325	4.410587803848633
6.149622395833324	4.499575660769077
6.249622395833324	4.589119824046706
6.3496223958333236	4.679214826084736
6.449622395833323	4.7698531119306
6.549622395833323	4.8610240214222555
6.6496223958333225	4.952719687710626
6.749622395833322	5.044929636791621
6.849622395833322	5.137640069805649
6.949622395833321	5.230840832575051
7.049622395833321	5.32451834364847
7.149622395833321	5.418655751824472
7.24962239583332	5.513240831789804
7.34962239583332	5.608256794360441
7.44962239583332	5.703684116742264
7.549622395833319	5.79950879801166
7.649622395833319	5.895710897764668
7.749622395833319	5.992268987430602
7.849622395833318	6.089167449975282
7.949622395833318	6.186383421299133
8.049622395833318	6.283895893555362
8.149622395833317	6.3816878084567685
8.249622395833317	6.479734265101603
8.349622395833316	6.578016609765842
8.449622395833316	6.676516109480316
8.549622395833316	6.775210741516178
8.55	6.775583775329827
1000008.55	6.775583775329827
