-100001.1	0
0	0
0.0033333333333334103	0.0016091083805993963
0.008333333333333304	0.00401256903023972
0.015833333333333366	0.007594904102587026
0.027083333333333348	0.012917314480452708
0.04395833333333332	0.020808637865767518
0.06927083333333339	0.03243657045073469
0.1072395833333335	0.050646899769964844
0.16419270833333344	0.08017222411176306
0.24962239583333345	0.12839433693395333
0.34962239583333354	0.18718171699439376
0.44962239583333363	0.2466269132366122
0.5496223958333337	0.30604973008629666
0.6496223958333338	0.3665920955229447
0.7496223958333339	0.4235653247954953
0.849622395833334	0.4835753791310149
0.9496223958333339	0.5438987309052937
1.049622395833334	0.6014346947246197
1.149622395833334	0.659138422973131
1.2496223958333341	0.7194428332242813
1.3496223958333342	0.7803293647707623
1.4496223958333343	0.8426637432316254
1.5496223958333344	0.9079174981046206
1.6496223958333345	0.9745982402455443
1.7496223958333346	1.042577935920818
1.8496223958333347	1.1123505964162708
1.9496223958333347	1.1827495595252764
2.049622395833335	1.2527706458698489
2.149622395833335	1.3214241413354615
2.249622395833335	1.390008766484831
2.349622395833335	1.4620919095246399
2.449622395833335	1.5348135733054213
2.5496223958333353	1.6042619812200738
2.6496223958333354	1.6735643710820887
2.7496223958333355	1.7399759589394521
2.8496223958333355	1.8073073482117625
2.9496223958333356	1.8750525771003752
3.0496223958333353	1.9453524838717522
3.149622395833335	2.0199133324243492
3.2496223958333346	2.0899322955058954
3.349622395833334	2.165498161837383
3.449622395833334	2.243261161895019
3.5496223958333335	2.323872575246406
3.649622395833333	2.4054314296986106
3.749622395833333	2.485098954990477
3.8496223958333324	2.563985827105976
3.949622395833332	2.6405866030219203
4.049622395833332	2.7186495934761874
4.149622395833331	2.795299643953719
4.249622395833331	2.871651916870273
4.349622395833331	2.948661577212804
4.44962239583333	3.0297953763839796
4.54962239583333	3.111570805501627
4.64962239583333	3.1924784281321217
4.749622395833329	3.27683503049401
4.849622395833329	3.3630591057898127
4.9496223958333285	3.4531455597333487
5.049622395833328	3.545043272259478
5.149622395833328	3.6362368043007063
5.2496223958333275	3.7281719064688024
5.349622395833327	3.8129069055705083
5.449622395833327	3.902369807669349
5.549622395833326	3.993123506195265
5.649622395833326	4.084407586360814
5.749622395833326	4.176269843343843
5.849622395833325	4.269969044453459
5.949622395833325	4.36814126926401
6.049622395833325	4.466323206313791
6.149622395833324	4.565480523942349
6.249622395833324	4.6652067593604505
6.3496223958333236	4.766603249046817
6.449622395833323	4.863591228729475
6.549622395833323	4.965496877138146
6.6496223958333225	5.065966766302546
6.749622395833322	5.1651769907665095
6.849622395833322	5.266319070025765
6.949622395833321	5.366738368618279
7.049622395833321	5.465632731626542
7.149622395833321	5.5680646426604445
7.24962239583332	5.672303319876347
7.34962239583332	5.776409035513643
7.44962239583332	5.88220560752705
7.549622395833319	5.9880036214729575
7.649622395833319	6.094885986036241
7.749622395833319	6.196884781188258
7.849622395833318	6.30809582115859
7.949622395833318	6.417066615753015
8.049622395833318	6.522285115565527
8.149622395833317	6.630156485653349
8.249622395833317	6.73759369936734
8.349622395833316	6.842628174895958
8.449622395833316	6.952114642301722
8.549622395833316	7.0507849230517525
8.55	7.053779568932024
1000008.55	7.053779568932024
