-100001.1	0
0	0
0.0033333333333334103	0
0.008333333333333304	0
0.015833333333333366	0
0.027083333333333348	0
0.04395833333333332	0
0.06927083333333339	0
0.1072395833333335	0
0.16419270833333344	0
0.24962239583333345	0
0.34962239583333354	0
0.44962239583333363	0
0.5496223958333337	0
0.6496223958333338	0
0.7496223958333339	0.00000000000000933035230459617
0.849622395833334	0.00000000000001068929511380908
0.9496223958333339	0.000000000000012069841853299434
1.049622395833334	0.00000000000001347085952795312
1.149622395833334	0
1.2496223958333341	0.00000000000000816530697894902
1.3496223958333342	0.000000000000013340843490867548
1.4496223958333343	0
1.5496223958333344	0.00000000000003113042720037246
1.6496223958333345	0.000000000000033391926112910984
1.7496223958333346	0.00000000000003567738507691945
1.8496223958333347	0.000000000000037986315685385874
1.9496223958333347	0.000000000000006719721735282794
2.049622395833335	0.00000000000005689747587458356
2.149622395833335	0
2.249622395833335	0.000000000000007908336096810799
2.349622395833335	0.000000000000024935913908230378
2.449622395833335	0.000000000000026157873403747493
2.5496223958333353	0.000000000000027390868133868975
2.6496223958333354	0.00000000000002863489748443016
2.7496223958333355	0.00000000000004981663104497099
2.8496223958333355	0.000000000000051926909322146074
2.9496223958333356	0.00000000000008648918583044282
3.0496223958333353	0
3.149622395833335	0.00000000000009339116812121192
3.2496223958333346	0.00000000000009688741598097819
3.349622395833334	0.00000000000010041413218053117
3.449622395833334	0.00000000000010397156687066194
3.5496223958333335	0.000000000000053779988198704616
3.649622395833333	0.000000000000013897454577513066
3.749622395833333	0.0000000000001435385236242819
3.8496223958333324	0.00000000000011851380966922408
3.949622395833332	0.00000000000004583583317763902
4.049622395833332	0.000000000000047241127702678907
4.149622395833331	0.000000000000048658664471630456
4.249622395833331	0
4.349622395833331	0.00000000000020612348397945038
4.44962239583333	0.0000000000001236333755377548
4.54962239583333	0
4.64962239583333	0.00000000000013051129067288212
4.749622395833329	0.00000000000013399489664208208
4.849622395833329	0.00000000000013750848507577235
4.9496223958333285	0.0000000000001410521911471482
5.049622395833328	0.0000000000003305740113099104
5.149622395833328	0.00000000000035998809063438244
5.2496223958333275	0.00000000000032542507919213735
5.349622395833327	0.00000000000017774869160711868
5.449622395833327	0.00000000000018197211608593069
5.549622395833326	0.0000000000003724605745084221
5.649622395833326	0.00000000000038104627481887516
5.749622395833326	0.00000000000038970112511986206
5.849622395833325	0.000000000000398424821795215
5.949622395833325	0.00000000000040721698608213734
6.049622395833325	0.0000000000004160771359357651
6.149622395833324	0.0000000000004250047120357955
6.249622395833324	0.0000000000002983743394602767
6.3496223958333236	0.00000000000030460331174074506
6.449622395833323	0.00000000000031087704819417233
6.549622395833323	0.00000000000031719489068649746
6.6496223958333225	0.0000000000003235560860384356
6.749622395833322	0
6.849622395833322	0.00000000000042815207211313036
6.949622395833321	0.0000000000004364070459341606
7.049622395833321	0.0000000000005400079618802466
7.149622395833321	0.0000000000005501525863197431
7.24962239583332	0.0000000000005603548333315335
7.34962239583332	0.0000000000004027854720595448
7.44962239583332	0.0000000000007176122869471298
7.549622395833319	0.000000000000034781594003717777
7.649622395833319	0.0000000000009202455697654863
7.749622395833319	0
7.849622395833318	0.0000000000008424229516650273
7.949622395833318	0
8.049622395833318	0.0000000000005680485119970106
8.149622395833317	0.0000000000004234405271848704
8.249622395833317	0.00000000000043033390731234293
8.349622395833316	0.0000000000007154956030607303
8.449622395833316	0
8.549622395833316	0.0000000000006561852293553987
8.55	0.0000000000004511536120226762
1000008.55	0.0000000000004511536120226762
