-100009.65	0
0	0
0.0033333333333338544	0.027300000000004255
0.008333333333334636	0.06825000000001062
0.01583333333333492	0.12967500000001292
0.027083333333335347	0.22181250000001637
0.043958333333335986	0.3600187500000214
0.06927083333333606	0.5673281250000217
0.10723958333333528	0.8782921875000148
0.164192708333335	1.3447382812500126
0.24962239583333456	2.0444074218750092
0.3496223958333342	2.863407421875005
0.44962239583333385	3.6824074218750007
0.5496223958333335	4.501407421874997
0.6496223958333331	5.320407421874995
0.7496223958333328	6.139407421874989
0.8496223958333324	6.958407421874987
0.9496223958333321	7.777407421874983
1.0496223958333317	8.596407421874977
1.1496223958333314	9.415407421874974
1.249622395833331	10.234407421874971
1.3496223958333307	11.05340742187497
1.4496223958333303	11.87240742187496
1.5	12.284999999999986
1000001.5	12.284999999999986
