-100009.65	0
0	0
0.0033333333333338544	0.02730000000000438
0.008333333333334636	0.06825000000001098
0.01583333333333492	0.12967500000001345
0.027083333333335347	0.22181250000001745
0.043958333333335986	0.3600187500000232
0.06927083333333606	0.5673281250000247
0.10723958333333528	0.8782921875000198
0.164192708333335	1.3447382812500184
0.24962239583333456	2.0444074218750186
0.3496223958333342	2.863407421875019
0.44962239583333385	3.6824074218750202
0.5496223958333335	4.501407421875019
0.6496223958333331	5.320407421875018
0.7496223958333328	6.139407421875022
0.8496223958333324	6.958407421875021
0.9496223958333321	7.777407421875022
1.0496223958333317	8.596407421875021
1.1496223958333314	9.415407421875027
1.249622395833331	10.234407421875028
1.3496223958333307	11.053407421875027
1.4496223958333303	11.872407421875023
1.5	12.28500000000005
1000001.5	12.28500000000005
