-100009.65	0
0	0
0.0033333333333338544	0.027300000000004314
0.008333333333334636	0.06825000000001077
0.01583333333333492	0.12967500000001317
0.027083333333335347	0.22181250000001684
0.043958333333335986	0.3600187500000222
0.06927083333333606	0.5673281250000232
0.10723958333333528	0.8782921875000176
0.164192708333335	1.3447382812500162
0.24962239583333456	2.0444074218750137
0.3496223958333342	2.8634074218750114
0.44962239583333385	3.6824074218750105
0.5496223958333335	4.501407421875008
0.6496223958333331	5.320407421875007
0.7496223958333328	6.139407421875008
0.8496223958333324	6.958407421875004
0.9496223958333321	7.777407421875002
1.0496223958333317	8.596407421874998
1.1496223958333314	9.415407421874997
1.249622395833331	10.234407421874996
1.3496223958333307	11.053407421874999
1.4496223958333303	11.872407421874994
1.5	12.28500000000002
1000001.5	12.28500000000002
