-100009.65	0
0	0
0.0033333333333338544	0.027300000000004387
0.008333333333334636	0.06825000000001094
0.01583333333333492	0.12967500000001356
0.027083333333335347	0.22181250000001737
0.043958333333335986	0.36001875000002315
0.06927083333333606	0.5673281250000252
0.10723958333333528	0.8782921875000196
0.164192708333335	1.344738281250019
0.24962239583333456	2.044407421875018
0.3496223958333342	2.8634074218750194
0.44962239583333385	3.682407421875019
0.5496223958333335	4.501407421875022
0.6496223958333331	5.3204074218750215
0.7496223958333328	6.139407421875023
0.8496223958333324	6.95840742187502
0.9496223958333321	7.77740742187502
1.0496223958333317	8.596407421875023
1.1496223958333314	9.415407421875022
1.249622395833331	10.234407421875028
1.3496223958333307	11.053407421875027
1.4496223958333303	11.872407421875021
1.5	12.285000000000055
1000001.5	12.285000000000055
