-100001.1	0
2.850000000000001	0
2.8533333333333344	0.0000000000000000000000000000000015407439555097887
2.8583333333333343	0.000000000000000000000000000000006162975822039155
2.865833333333334	0.00000000000000000000000000000001232595164407831
2.877083333333334	0.00000000000000000000000000000001232595164407831
2.8939583333333343	0.00000000000000000000000000000002465190328815662
2.919270833333334	0.00000000000000000000000000000004930380657631324
2.957239583333334	0.00000000000000000000000000000004930380657631324
3.0141927083333337	0
3.099622395833334	0.00000000000000000000000000000009860761315262648
3.199622395833334	0.00000000000000000000000000000019721522630525295
3.2996223958333335	0.00000000000000000000000000000019721522630525295
3.399622395833333	0.0000000000000000000000000000003944304526105059
3.499622395833333	0.00000000000000000000000000000019721522630525295
3.5996223958333324	0.0000000000000000000000000000003944304526105059
3.699622395833332	0.0000000000000000000000000000003944304526105059
3.7996223958333317	0.0000000000000000000000000000007888609052210118
3.8996223958333314	0.0000000000000000000000000000007888609052210118
3.999622395833331	0.0000000000000000000000000000011832913578315177
4.099622395833331	0.0000000000000000000000000000003944304526105059
4.19962239583333	0.0000000000000000000000000000003944304526105059
4.29962239583333	0.0000000000000000000000000000003944304526105059
4.39962239583333	0.0000000000000000000000000000003944304526105059
4.499622395833329	0.0000000000000000000000000000003944304526105059
4.599622395833329	0.0000000000000000000000000000003944304526105059
4.6996223958333285	0.0000000000000000000000000000003944304526105059
4.799622395833328	0.0000000000000000000000000000007888609052210118
4.899622395833328	0.0000000000000000000000000000019721522630525295
4.9996223958333275	0.0000000000000000000000000000003944304526105059
5.099622395833327	0.0000000000000000000000000000003944304526105059
5.199622395833327	0
5.299622395833326	0.0000000000000000000000000000003944304526105059
5.399622395833326	0.0000000000000000000000000000015777218104420236
5.499622395833326	0.0000000000000000000000000000007888609052210118
5.599622395833325	0.0000000000000000000000000000019721522630525295
5.699622395833325	0.0000000000000000000000000000015777218104420236
5.799622395833325	0.000000000000000000000000000004338734978715565
5.899622395833324	0.0000000000000000000000000000003944304526105059
5.999622395833324	0
6.0996223958333236	0.0000000000000000000000000000027610131682735413
6.199622395833323	0.00000000000000000000000000000059164567891575885
6.299622395833323	0.000000000000000000000000000008973292796889009
6.3996223958333225	0.0000000000000000000000000000031554436208840472
6.499622395833322	0.0000000000000000000000000000010846837446788912
6.599622395833322	0.00000000000000000000000000000029582283945787943
6.699622395833321	0.00000000000000000000000000000019721522630525295
6.799622395833321	0.0000000000000000000000000000007888609052210118
6.899622395833321	0.0000000000000000000000000000009367723249499515
6.99962239583332	0.00000000000000000000000000000034512664603419266
7.09962239583332	0.0000000000000000000000000000030075322011551075
7.19962239583332	0.0000000000000000000000000000028596207814261678
7.299622395833319	0.000000000000000000000000000002884272684714324
7.399622395833319	0.0000000000000000000000000000044003647369359565
7.499622395833319	0.0000000000000000000000000000003944304526105059
7.599622395833318	0.0000000000000000000000000000023665827156630354
7.699622395833318	0.0000000000000000000000000000019721522630525295
7.7996223958333175	0.00000000000000000000000000000059164567891575885
7.899622395833317	0.00000000000000000000000000000059164567891575885
7.999622395833317	0.000000000000000000000000000003747089299799806
8.099622395833316	0.0000000000000000000000000000015777218104420236
8.199622395833316	0.0000000000000000000000000000023665827156630354
8.299622395833316	0
8.399622395833315	0
8.499622395833315	0.000000000000000000000000000003549874073494553
8.55	0
1000008.55	0
