-100001.1	0
0	0
0.0033333333333334103	0.0032929999999996777
0.008333333333333304	0.008232499999999632
0.015833333333333366	0.015641749999999784
0.027083333333333348	0.026755624999999904
0.04395833333333332	0.043426437500000074
0.06927083333333339	0.06843265625000045
0.1072395833333335	0.10594198437500106
0.16419270833333344	0.16220597656250166
0.24962239583333345	0.24660196484375277
0.34962239583333354	0.34539196484375395
0.44962239583333363	0.4441819648437553
0.5496223958333337	0.5429719648437566
0.6496223958333338	0.6417619648437578
0.7496223958333339	0.7405519648437591
0.849622395833334	0.8393419648437606
0.9496223958333339	0.9381319648437617
1.049622395833334	1.0369219648437629
1.149622395833334	1.1357119648437646
1.2496223958333341	1.2345019648437656
1.3496223958333342	1.3332919648437669
1.4496223958333343	1.432081964843768
1.5496223958333344	1.5308719648437699
1.6496223958333345	1.6296619648437711
1.7496223958333346	1.7284519648437724
1.8496223958333347	1.8272419648437732
1.9496223958333347	1.926031964843775
2.049622395833335	2.0248219648437757
2.149622395833335	2.1236119648437777
2.249622395833335	2.2224019648437783
2.349622395833335	2.32119196484378
2.449622395833335	2.4199819648437813
2.5496223958333353	2.518771964843782
2.6496223958333354	2.617561964843784
2.7496223958333355	2.7163519648437853
2.8496223958333355	2.815141964843786
2.9496223958333356	2.9139319648437874
3.0496223958333353	3.012721964843787
3.149622395833335	3.111511964843789
3.2496223958333346	3.2103019648437914
3.349622395833334	3.309091964843792
3.449622395833334	3.407881964843791
3.5496223958333335	3.5066719648437914
3.649622395833333	3.6054619648437938
3.749622395833333	3.7042519648437953
3.8496223958333324	3.8030419648437954
3.949622395833332	3.9018319648437956
4.049622395833332	4.000621964843797
4.149622395833331	4.0994119648437986
4.249622395833331	4.198201964843798
4.349622395833331	4.296991964843801
4.44962239583333	4.395781964843801
4.54962239583333	4.494571964843802
4.64962239583333	4.593361964843803
4.749622395833329	4.692151964843802
4.849622395833329	4.790941964843802
4.9496223958333285	4.889731964843805
5.049622395833328	4.988521964843805
5.149622395833328	5.087311964843806
5.2496223958333275	5.186101964843808
5.349622395833327	5.284891964843809
5.449622395833327	5.383681964843807
5.549622395833326	5.482471964843812
5.649622395833326	5.581261964843809
5.749622395833326	5.680051964843815
5.849622395833325	5.778841964843812
5.949622395833325	5.877631964843813
6.049622395833325	5.976421964843814
6.149622395833324	6.0752119648438105
6.249622395833324	6.174001964843815
6.3496223958333236	6.27279196484382
6.449622395833323	6.37158196484382
6.549622395833323	6.470371964843818
6.6496223958333225	6.569161964843818
6.749622395833322	6.667951964843823
6.849622395833322	6.766741964843822
6.949622395833321	6.8655319648438216
7.049622395833321	6.964321964843822
7.149622395833321	7.063111964843825
7.24962239583332	7.1619019648438265
7.34962239583332	7.2606919648438275
7.44962239583332	7.359481964843827
7.549622395833319	7.458271964843824
7.649622395833319	7.557061964843828
7.749622395833319	7.655851964843831
7.849622395833318	7.754641964843829
7.949622395833318	7.853431964843832
8.049622395833318	7.9522219648438295
8.149622395833317	8.05101196484383
8.249622395833317	8.149801964843835
8.349622395833316	8.248591964843836
8.449622395833316	8.347381964843839
8.549622395833316	8.446171964843835
8.55	8.446545000000105
1000008.55	8.446545000000105
