-100001.1	0
0	0
0.0033333333333334103	0.003292999999999678
0.008333333333333304	0.00823249999999963
0.015833333333333366	0.015641749999999784
0.027083333333333348	0.02675562499999991
0.04395833333333332	0.04342643750000009
0.06927083333333339	0.06843265625000046
0.1072395833333335	0.10594198437500106
0.16419270833333344	0.1622059765625016
0.24962239583333345	0.24660196484375274
0.34962239583333354	0.34539196484375395
0.44962239583333363	0.44418196484375544
0.5496223958333337	0.5429719648437568
0.6496223958333338	0.641761964843758
0.7496223958333339	0.7405519648437592
0.849622395833334	0.8393419648437603
0.9496223958333339	0.9381319648437617
1.049622395833334	1.0369219648437626
1.149622395833334	1.135711964843764
1.2496223958333341	1.2345019648437658
1.3496223958333342	1.3332919648437669
1.4496223958333343	1.432081964843768
1.5496223958333344	1.5308719648437694
1.6496223958333345	1.6296619648437707
1.7496223958333346	1.7284519648437724
1.8496223958333347	1.8272419648437732
1.9496223958333347	1.9260319648437743
2.049622395833335	2.024821964843776
2.149622395833335	2.1236119648437772
2.249622395833335	2.2224019648437783
2.349622395833335	2.32119196484378
2.449622395833335	2.4199819648437813
2.5496223958333353	2.5187719648437823
2.6496223958333354	2.617561964843784
2.7496223958333355	2.716351964843785
2.8496223958333355	2.815141964843786
2.9496223958333356	2.9139319648437882
3.0496223958333353	3.012721964843789
3.149622395833335	3.11151196484379
3.2496223958333346	3.21030196484379
3.349622395833334	3.309091964843792
3.449622395833334	3.4078819648437917
3.5496223958333335	3.5066719648437927
3.649622395833333	3.6054619648437947
3.749622395833333	3.7042519648437953
3.8496223958333324	3.8030419648437963
3.949622395833332	3.9018319648437974
4.049622395833332	4.0006219648437975
4.149622395833331	4.0994119648437986
4.249622395833331	4.198201964843798
4.349622395833331	4.2969919648438
4.44962239583333	4.395781964843802
4.54962239583333	4.494571964843802
4.64962239583333	4.593361964843802
4.749622395833329	4.692151964843803
4.849622395833329	4.790941964843805
4.9496223958333285	4.889731964843804
5.049622395833328	4.988521964843807
5.149622395833328	5.087311964843807
5.2496223958333275	5.186101964843807
5.349622395833327	5.28489196484381
5.449622395833327	5.3836819648438095
5.549622395833326	5.482471964843809
5.649622395833326	5.581261964843811
5.749622395833326	5.680051964843812
5.849622395833325	5.778841964843813
5.949622395833325	5.877631964843814
6.049622395833325	5.976421964843817
6.149622395833324	6.0752119648438185
6.249622395833324	6.174001964843816
6.3496223958333236	6.272791964843816
6.449622395833323	6.3715819648438154
6.549622395833323	6.470371964843818
6.6496223958333225	6.569161964843818
6.749622395833322	6.66795196484382
6.849622395833322	6.76674196484382
6.949622395833321	6.8655319648438216
7.049622395833321	6.964321964843822
7.149622395833321	7.063111964843822
7.24962239583332	7.161901964843823
7.34962239583332	7.260691964843825
7.44962239583332	7.359481964843831
7.549622395833319	7.458271964843828
7.649622395833319	7.557061964843831
7.749622395833319	7.65585196484383
7.849622395833318	7.754641964843829
7.949622395833318	7.853431964843828
8.049622395833318	7.952221964843828
8.149622395833317	8.051011964843832
8.249622395833317	8.149801964843833
8.349622395833316	8.24859196484383
8.449622395833316	8.347381964843835
8.549622395833316	8.446171964843836
8.55	8.446545000000105
1000008.55	8.446545000000105
