-100001.1	0
0	0
0.0033333333333334103	0.003292999999999678
0.008333333333333304	0.008232499999999634
0.015833333333333366	0.015641749999999784
0.027083333333333348	0.026755624999999894
0.04395833333333332	0.043426437500000095
0.06927083333333339	0.06843265625000046
0.1072395833333335	0.10594198437500103
0.16419270833333344	0.16220597656250169
0.24962239583333345	0.24660196484375274
0.34962239583333354	0.34539196484375395
0.44962239583333363	0.4441819648437553
0.5496223958333337	0.5429719648437566
0.6496223958333338	0.6417619648437579
0.7496223958333339	0.7405519648437593
0.849622395833334	0.8393419648437606
0.9496223958333339	0.9381319648437613
1.049622395833334	1.0369219648437629
1.149622395833334	1.1357119648437644
1.2496223958333341	1.2345019648437652
1.3496223958333342	1.3332919648437669
1.4496223958333343	1.4320819648437682
1.5496223958333344	1.5308719648437696
1.6496223958333345	1.6296619648437702
1.7496223958333346	1.7284519648437713
1.8496223958333347	1.8272419648437737
1.9496223958333347	1.9260319648437747
2.049622395833335	2.024821964843776
2.149622395833335	2.1236119648437777
2.249622395833335	2.2224019648437783
2.349622395833335	2.32119196484378
2.449622395833335	2.4199819648437804
2.5496223958333353	2.5187719648437823
2.6496223958333354	2.6175619648437842
2.7496223958333355	2.7163519648437853
2.8496223958333355	2.8151419648437868
2.9496223958333356	2.9139319648437865
3.0496223958333353	3.012721964843789
3.149622395833335	3.1115119648437894
3.2496223958333346	3.2103019648437914
3.349622395833334	3.309091964843791
3.449622395833334	3.4078819648437917
3.5496223958333335	3.506671964843794
3.649622395833333	3.605461964843795
3.749622395833333	3.704251964843795
3.8496223958333324	3.803041964843794
3.949622395833332	3.9018319648437956
4.049622395833332	4.0006219648437975
4.149622395833331	4.0994119648437986
4.249622395833331	4.1982019648438
4.349622395833331	4.296991964843801
4.44962239583333	4.395781964843799
4.54962239583333	4.494571964843801
4.64962239583333	4.593361964843803
4.749622395833329	4.692151964843805
4.849622395833329	4.790941964843803
4.9496223958333285	4.889731964843806
5.049622395833328	4.988521964843807
5.149622395833328	5.087311964843806
5.2496223958333275	5.186101964843807
5.349622395833327	5.284891964843807
5.449622395833327	5.383681964843807
5.549622395833326	5.482471964843812
5.649622395833326	5.581261964843811
5.749622395833326	5.680051964843812
5.849622395833325	5.77884196484381
5.949622395833325	5.877631964843812
6.049622395833325	5.976421964843815
6.149622395833324	6.075211964843813
6.249622395833324	6.1740019648438125
6.3496223958333236	6.272791964843818
6.449622395833323	6.371581964843816
6.549622395833323	6.47037196484382
6.6496223958333225	6.569161964843818
6.749622395833322	6.667951964843818
6.849622395833322	6.766741964843821
6.949622395833321	6.865531964843824
7.049622395833321	6.9643219648438235
7.149622395833321	7.063111964843825
7.24962239583332	7.161901964843825
7.34962239583332	7.260691964843822
7.44962239583332	7.359481964843827
7.549622395833319	7.458271964843828
7.649622395833319	7.557061964843828
7.749622395833319	7.65585196484383
7.849622395833318	7.754641964843833
7.949622395833318	7.853431964843832
8.049622395833318	7.9522219648438295
8.149622395833317	8.051011964843832
8.249622395833317	8.149801964843832
8.349622395833316	8.248591964843833
8.449622395833316	8.347381964843837
8.549622395833316	8.446171964843838
8.55	8.446545000000103
1000008.55	8.446545000000103
