-100001.1	0
0	0
0.0033333333333334103	0.003292999999999678
0.008333333333333304	0.008232499999999629
0.015833333333333366	0.015641749999999788
0.027083333333333348	0.026755624999999904
0.04395833333333332	0.0434264375000001
0.06927083333333339	0.06843265625000046
0.1072395833333335	0.10594198437500106
0.16419270833333344	0.16220597656250166
0.24962239583333345	0.24660196484375277
0.34962239583333354	0.3453919648437539
0.44962239583333363	0.4441819648437553
0.5496223958333337	0.5429719648437569
0.6496223958333338	0.641761964843758
0.7496223958333339	0.7405519648437593
0.849622395833334	0.8393419648437606
0.9496223958333339	0.9381319648437617
1.049622395833334	1.0369219648437626
1.149622395833334	1.1357119648437641
1.2496223958333341	1.2345019648437656
1.3496223958333342	1.3332919648437667
1.4496223958333343	1.432081964843768
1.5496223958333344	1.5308719648437694
1.6496223958333345	1.6296619648437702
1.7496223958333346	1.728451964843772
1.8496223958333347	1.827241964843773
1.9496223958333347	1.9260319648437743
2.049622395833335	2.024821964843776
2.149622395833335	2.123611964843777
2.249622395833335	2.222401964843778
2.349622395833335	2.3211919648437807
2.449622395833335	2.419981964843781
2.5496223958333353	2.5187719648437823
2.6496223958333354	2.6175619648437833
2.7496223958333355	2.7163519648437857
2.8496223958333355	2.815141964843786
2.9496223958333356	2.9139319648437865
3.0496223958333353	3.012721964843788
3.149622395833335	3.111511964843789
3.2496223958333346	3.2103019648437896
3.349622395833334	3.3090919648437898
3.449622395833334	3.4078819648437917
3.5496223958333335	3.5066719648437927
3.649622395833333	3.6054619648437947
3.749622395833333	3.704251964843795
3.8496223958333324	3.803041964843795
3.949622395833332	3.9018319648437956
4.049622395833332	4.000621964843797
4.149622395833331	4.0994119648437986
4.249622395833331	4.198201964843798
4.349622395833331	4.2969919648438015
4.44962239583333	4.395781964843799
4.54962239583333	4.494571964843801
4.64962239583333	4.593361964843803
4.749622395833329	4.692151964843803
4.849622395833329	4.790941964843802
4.9496223958333285	4.889731964843806
5.049622395833328	4.9885219648438035
5.149622395833328	5.087311964843806
5.2496223958333275	5.1861019648438065
5.349622395833327	5.284891964843806
5.449622395833327	5.383681964843807
5.549622395833326	5.48247196484381
5.649622395833326	5.581261964843811
5.749622395833326	5.680051964843808
5.849622395833325	5.778841964843814
5.949622395833325	5.87763196484381
6.049622395833325	5.976421964843813
6.149622395833324	6.075211964843814
6.249622395833324	6.174001964843819
6.3496223958333236	6.272791964843815
6.449622395833323	6.371581964843816
6.549622395833323	6.470371964843819
6.6496223958333225	6.56916196484382
6.749622395833322	6.6679519648438195
6.849622395833322	6.766741964843821
6.949622395833321	6.865531964843824
7.049622395833321	6.964321964843824
7.149622395833321	7.063111964843823
7.24962239583332	7.161901964843823
7.34962239583332	7.260691964843827
7.44962239583332	7.359481964843827
7.549622395833319	7.45827196484383
7.649622395833319	7.55706196484383
7.749622395833319	7.655851964843826
7.849622395833318	7.754641964843833
7.949622395833318	7.85343196484383
8.049622395833318	7.9522219648438295
8.149622395833317	8.051011964843832
8.249622395833317	8.149801964843833
8.349622395833316	8.248591964843838
8.449622395833316	8.347381964843835
8.549622395833316	8.446171964843835
8.55	8.446545000000105
1000008.55	8.446545000000105
