-100001.1	0
0	0
0.0033333333333334103	0.0032929999999996773
0.008333333333333304	0.008232499999999636
0.015833333333333366	0.015641749999999784
0.027083333333333348	0.0267556249999999
0.04395833333333332	0.04342643750000008
0.06927083333333339	0.06843265625000047
0.1072395833333335	0.10594198437500102
0.16419270833333344	0.1622059765625017
0.24962239583333345	0.24660196484375269
0.34962239583333354	0.345391964843754
0.44962239583333363	0.44418196484375516
0.5496223958333337	0.5429719648437566
0.6496223958333338	0.6417619648437578
0.7496223958333339	0.7405519648437592
0.849622395833334	0.8393419648437606
0.9496223958333339	0.9381319648437615
1.049622395833334	1.0369219648437633
1.149622395833334	1.1357119648437644
1.2496223958333341	1.2345019648437652
1.3496223958333342	1.3332919648437664
1.4496223958333343	1.4320819648437675
1.5496223958333344	1.530871964843769
1.6496223958333345	1.6296619648437711
1.7496223958333346	1.7284519648437724
1.8496223958333347	1.827241964843773
1.9496223958333347	1.9260319648437747
2.049622395833335	2.0248219648437757
2.149622395833335	2.123611964843777
2.249622395833335	2.2224019648437787
2.349622395833335	2.321191964843781
2.449622395833335	2.4199819648437817
2.5496223958333353	2.5187719648437823
2.6496223958333354	2.6175619648437842
2.7496223958333355	2.7163519648437866
2.8496223958333355	2.8151419648437863
2.9496223958333356	2.913931964843787
3.0496223958333353	3.012721964843789
3.149622395833335	3.1115119648437917
3.2496223958333346	3.2103019648437905
3.349622395833334	3.309091964843792
3.449622395833334	3.407881964843791
3.5496223958333335	3.5066719648437927
3.649622395833333	3.6054619648437947
3.749622395833333	3.7042519648437953
3.8496223958333324	3.8030419648437963
3.949622395833332	3.9018319648437956
4.049622395833332	4.000621964843797
4.149622395833331	4.0994119648437986
4.249622395833331	4.198201964843799
4.349622395833331	4.296991964843801
4.44962239583333	4.395781964843801
4.54962239583333	4.494571964843802
4.64962239583333	4.593361964843804
4.749622395833329	4.692151964843803
4.849622395833329	4.790941964843804
4.9496223958333285	4.889731964843804
5.049622395833328	4.988521964843805
5.149622395833328	5.087311964843805
5.2496223958333275	5.186101964843806
5.349622395833327	5.2848919648438075
5.449622395833327	5.383681964843809
5.549622395833326	5.4824719648438105
5.649622395833326	5.581261964843809
5.749622395833326	5.680051964843811
5.849622395833325	5.778841964843814
5.949622395833325	5.877631964843809
6.049622395833325	5.976421964843813
6.149622395833324	6.075211964843813
6.249622395833324	6.174001964843814
6.3496223958333236	6.272791964843818
6.449622395833323	6.3715819648438154
6.549622395833323	6.470371964843819
6.6496223958333225	6.569161964843819
6.749622395833322	6.6679519648438195
6.849622395833322	6.76674196484382
6.949622395833321	6.865531964843821
7.049622395833321	6.964321964843819
7.149622395833321	7.063111964843822
7.24962239583332	7.1619019648438265
7.34962239583332	7.260691964843827
7.44962239583332	7.359481964843825
7.549622395833319	7.458271964843826
7.649622395833319	7.55706196484383
7.749622395833319	7.655851964843828
7.849622395833318	7.754641964843833
7.949622395833318	7.85343196484383
8.049622395833318	7.9522219648438295
8.149622395833317	8.051011964843832
8.249622395833317	8.149801964843835
8.349622395833316	8.248591964843836
8.449622395833316	8.347381964843835
8.549622395833316	8.446171964843836
8.55	8.446545000000103
1000008.55	8.446545000000103
