-100001.1	0
0	0
0.0033333333333334103	0.0032929999999996773
0.008333333333333304	0.00823249999999963
0.015833333333333366	0.015641749999999788
0.027083333333333348	0.02675562499999991
0.04395833333333332	0.04342643750000009
0.06927083333333339	0.06843265625000046
0.1072395833333335	0.10594198437500102
0.16419270833333344	0.16220597656250166
0.24962239583333345	0.24660196484375269
0.34962239583333354	0.345391964843754
0.44962239583333363	0.44418196484375533
0.5496223958333337	0.5429719648437565
0.6496223958333338	0.6417619648437577
0.7496223958333339	0.7405519648437593
0.849622395833334	0.8393419648437606
0.9496223958333339	0.9381319648437613
1.049622395833334	1.0369219648437629
1.149622395833334	1.135711964843764
1.2496223958333341	1.2345019648437656
1.3496223958333342	1.3332919648437673
1.4496223958333343	1.4320819648437677
1.5496223958333344	1.5308719648437694
1.6496223958333345	1.6296619648437711
1.7496223958333346	1.7284519648437724
1.8496223958333347	1.8272419648437732
1.9496223958333347	1.9260319648437743
2.049622395833335	2.0248219648437757
2.149622395833335	2.1236119648437772
2.249622395833335	2.222401964843779
2.349622395833335	2.3211919648437793
2.449622395833335	2.419981964843781
2.5496223958333353	2.5187719648437827
2.6496223958333354	2.617561964843784
2.7496223958333355	2.7163519648437853
2.8496223958333355	2.815141964843786
2.9496223958333356	2.9139319648437874
3.0496223958333353	3.0127219648437897
3.149622395833335	3.1115119648437917
3.2496223958333346	3.21030196484379
3.349622395833334	3.3090919648437906
3.449622395833334	3.407881964843793
3.5496223958333335	3.506671964843794
3.649622395833333	3.6054619648437938
3.749622395833333	3.7042519648437953
3.8496223958333324	3.8030419648437954
3.949622395833332	3.9018319648437956
4.049622395833332	4.0006219648437975
4.149622395833331	4.0994119648437986
4.249622395833331	4.198201964843799
4.349622395833331	4.2969919648438
4.44962239583333	4.395781964843799
4.54962239583333	4.4945719648438
4.64962239583333	4.593361964843801
4.749622395833329	4.692151964843802
4.849622395833329	4.790941964843804
4.9496223958333285	4.889731964843803
5.049622395833328	4.988521964843806
5.149622395833328	5.087311964843807
5.2496223958333275	5.186101964843808
5.349622395833327	5.2848919648438075
5.449622395833327	5.383681964843812
5.549622395833326	5.482471964843811
5.649622395833326	5.581261964843811
5.749622395833326	5.680051964843811
5.849622395833325	5.778841964843812
5.949622395833325	5.877631964843815
6.049622395833325	5.976421964843814
6.149622395833324	6.0752119648438185
6.249622395833324	6.17400196484382
6.3496223958333236	6.272791964843818
6.449622395833323	6.37158196484382
6.549622395833323	6.47037196484382
6.6496223958333225	6.569161964843819
6.749622395833322	6.66795196484382
6.849622395833322	6.766741964843824
6.949622395833321	6.865531964843826
7.049622395833321	6.9643219648438235
7.149622395833321	7.063111964843822
7.24962239583332	7.16190196484382
7.34962239583332	7.260691964843825
7.44962239583332	7.359481964843827
7.549622395833319	7.458271964843826
7.649622395833319	7.557061964843831
7.749622395833319	7.655851964843826
7.849622395833318	7.754641964843829
7.949622395833318	7.853431964843832
8.049622395833318	7.952221964843826
8.149622395833317	8.051011964843834
8.249622395833317	8.149801964843828
8.349622395833316	8.248591964843833
8.449622395833316	8.347381964843839
8.549622395833316	8.446171964843836
8.55	8.44654500000011
1000008.55	8.44654500000011
