-100001.1	0
0	0
0.0033333333333334103	0.0032929999999996773
0.008333333333333304	0.008232499999999634
0.015833333333333366	0.015641749999999784
0.027083333333333348	0.02675562499999991
0.04395833333333332	0.04342643750000008
0.06927083333333339	0.06843265625000049
0.1072395833333335	0.10594198437500106
0.16419270833333344	0.16220597656250163
0.24962239583333345	0.24660196484375269
0.34962239583333354	0.3453919648437541
0.44962239583333363	0.4441819648437553
0.5496223958333337	0.5429719648437566
0.6496223958333338	0.6417619648437579
0.7496223958333339	0.740551964843759
0.849622395833334	0.8393419648437603
0.9496223958333339	0.9381319648437615
1.049622395833334	1.036921964843763
1.149622395833334	1.135711964843764
1.2496223958333341	1.2345019648437656
1.3496223958333342	1.333291964843767
1.4496223958333343	1.432081964843768
1.5496223958333344	1.5308719648437694
1.6496223958333345	1.629661964843771
1.7496223958333346	1.7284519648437717
1.8496223958333347	1.8272419648437732
1.9496223958333347	1.9260319648437747
2.049622395833335	2.024821964843776
2.149622395833335	2.123611964843778
2.249622395833335	2.222401964843778
2.349622395833335	2.3211919648437798
2.449622395833335	2.4199819648437817
2.5496223958333353	2.5187719648437827
2.6496223958333354	2.617561964843783
2.7496223958333355	2.716351964843786
2.8496223958333355	2.815141964843786
2.9496223958333356	2.9139319648437882
3.0496223958333353	3.0127219648437884
3.149622395833335	3.1115119648437894
3.2496223958333346	3.210301964843792
3.349622395833334	3.309091964843791
3.449622395833334	3.407881964843792
3.5496223958333335	3.506671964843792
3.649622395833333	3.6054619648437947
3.749622395833333	3.704251964843793
3.8496223958333324	3.8030419648437954
3.949622395833332	3.9018319648437974
4.049622395833332	4.0006219648437975
4.149622395833331	4.099411964843798
4.249622395833331	4.198201964843799
4.349622395833331	4.2969919648438
4.44962239583333	4.395781964843798
4.54962239583333	4.494571964843801
4.64962239583333	4.593361964843803
4.749622395833329	4.692151964843802
4.849622395833329	4.790941964843803
4.9496223958333285	4.889731964843806
5.049622395833328	4.9885219648438035
5.149622395833328	5.087311964843807
5.2496223958333275	5.186101964843809
5.349622395833327	5.284891964843809
5.449622395833327	5.383681964843811
5.549622395833326	5.48247196484381
5.649622395833326	5.581261964843812
5.749622395833326	5.680051964843813
5.849622395833325	5.7788419648438145
5.949622395833325	5.877631964843815
6.049622395833325	5.976421964843814
6.149622395833324	6.075211964843814
6.249622395833324	6.174001964843816
6.3496223958333236	6.272791964843818
6.449622395833323	6.371581964843818
6.549622395833323	6.47037196484382
6.6496223958333225	6.56916196484382
6.749622395833322	6.667951964843818
6.849622395833322	6.766741964843821
6.949622395833321	6.86553196484382
7.049622395833321	6.964321964843824
7.149622395833321	7.0631119648438245
7.24962239583332	7.1619019648438265
7.34962239583332	7.260691964843823
7.44962239583332	7.359481964843827
7.549622395833319	7.458271964843824
7.649622395833319	7.557061964843826
7.749622395833319	7.65585196484383
7.849622395833318	7.754641964843827
7.949622395833318	7.85343196484383
8.049622395833318	7.952221964843837
8.149622395833317	8.051011964843827
8.249622395833317	8.149801964843833
8.349622395833316	8.248591964843834
8.449622395833316	8.34738196484383
8.549622395833316	8.446171964843833
8.55	8.446545000000105
1000008.55	8.446545000000105
