-100001.1	0
0	0
0.0033333333333334103	0.0032929999999996794
0.008333333333333304	0.00823249999999963
0.015833333333333366	0.01564174999999978
0.027083333333333348	0.026755624999999894
0.04395833333333332	0.04342643750000008
0.06927083333333339	0.06843265625000047
0.1072395833333335	0.10594198437500103
0.16419270833333344	0.16220597656250163
0.24962239583333345	0.24660196484375277
0.34962239583333354	0.345391964843754
0.44962239583333363	0.44418196484375544
0.5496223958333337	0.5429719648437568
0.6496223958333338	0.6417619648437579
0.7496223958333339	0.7405519648437593
0.849622395833334	0.8393419648437607
0.9496223958333339	0.9381319648437618
1.049622395833334	1.0369219648437624
1.149622395833334	1.1357119648437644
1.2496223958333341	1.2345019648437652
1.3496223958333342	1.3332919648437664
1.4496223958333343	1.4320819648437677
1.5496223958333344	1.5308719648437694
1.6496223958333345	1.6296619648437711
1.7496223958333346	1.7284519648437717
1.8496223958333347	1.827241964843773
1.9496223958333347	1.9260319648437747
2.049622395833335	2.024821964843776
2.149622395833335	2.1236119648437777
2.249622395833335	2.2224019648437783
2.349622395833335	2.3211919648437798
2.449622395833335	2.4199819648437817
2.5496223958333353	2.518771964843783
2.6496223958333354	2.617561964843784
2.7496223958333355	2.7163519648437844
2.8496223958333355	2.8151419648437863
2.9496223958333356	2.913931964843788
3.0496223958333353	3.012721964843788
3.149622395833335	3.1115119648437894
3.2496223958333346	3.21030196484379
3.349622395833334	3.309091964843792
3.449622395833334	3.4078819648437917
3.5496223958333335	3.5066719648437927
3.649622395833333	3.6054619648437938
3.749622395833333	3.7042519648437953
3.8496223958333324	3.8030419648437954
3.949622395833332	3.9018319648437947
4.049622395833332	4.000621964843797
4.149622395833331	4.099411964843798
4.249622395833331	4.198201964843798
4.349622395833331	4.296991964843799
4.44962239583333	4.395781964843801
4.54962239583333	4.494571964843801
4.64962239583333	4.593361964843802
4.749622395833329	4.692151964843804
4.849622395833329	4.790941964843803
4.9496223958333285	4.889731964843806
5.049622395833328	4.98852196484381
5.149622395833328	5.0873119648438045
5.2496223958333275	5.186101964843808
5.349622395833327	5.284891964843807
5.449622395833327	5.38368196484381
5.549622395833326	5.482471964843809
5.649622395833326	5.5812619648438115
5.749622395833326	5.680051964843813
5.849622395833325	5.77884196484381
5.949622395833325	5.877631964843816
6.049622395833325	5.976421964843812
6.149622395833324	6.075211964843817
6.249622395833324	6.174001964843816
6.3496223958333236	6.272791964843818
6.449622395833323	6.37158196484382
6.549622395833323	6.470371964843815
6.6496223958333225	6.569161964843813
6.749622395833322	6.667951964843821
6.849622395833322	6.766741964843822
6.949622395833321	6.865531964843817
7.049622395833321	6.964321964843824
7.149622395833321	7.063111964843825
7.24962239583332	7.161901964843827
7.34962239583332	7.26069196484382
7.44962239583332	7.359481964843828
7.549622395833319	7.45827196484383
7.649622395833319	7.557061964843831
7.749622395833319	7.65585196484383
7.849622395833318	7.754641964843829
7.949622395833318	7.853431964843832
8.049622395833318	7.952221964843838
8.149622395833317	8.051011964843832
8.249622395833317	8.14980196484383
8.349622395833316	8.248591964843833
8.449622395833316	8.34738196484383
8.549622395833316	8.446171964843835
8.55	8.446545000000105
1000008.55	8.446545000000105
