-100001.1	0
0	0
0.0033333333333334103	0.0032929999999996773
0.008333333333333304	0.008232499999999638
0.015833333333333366	0.015641749999999795
0.027083333333333348	0.0267556249999999
0.04395833333333332	0.043426437500000074
0.06927083333333339	0.06843265625000045
0.1072395833333335	0.10594198437500106
0.16419270833333344	0.16220597656250163
0.24962239583333345	0.24660196484375282
0.34962239583333354	0.34539196484375395
0.44962239583333363	0.44418196484375516
0.5496223958333337	0.5429719648437564
0.6496223958333338	0.641761964843758
0.7496223958333339	0.7405519648437593
0.849622395833334	0.8393419648437606
0.9496223958333339	0.9381319648437617
1.049622395833334	1.0369219648437626
1.149622395833334	1.1357119648437648
1.2496223958333341	1.2345019648437647
1.3496223958333342	1.3332919648437667
1.4496223958333343	1.4320819648437682
1.5496223958333344	1.5308719648437694
1.6496223958333345	1.6296619648437711
1.7496223958333346	1.7284519648437726
1.8496223958333347	1.827241964843772
1.9496223958333347	1.9260319648437754
2.049622395833335	2.0248219648437784
2.149622395833335	2.1236119648437795
2.249622395833335	2.222401964843778
2.349622395833335	2.3211919648437793
2.449622395833335	2.419981964843782
2.5496223958333353	2.5187719648437823
2.6496223958333354	2.6175619648437833
2.7496223958333355	2.7163519648437866
2.8496223958333355	2.8151419648437845
2.9496223958333356	2.9139319648437865
3.0496223958333353	3.0127219648437857
3.149622395833335	3.1115119648437894
3.2496223958333346	3.2103019648437905
3.349622395833334	3.309091964843788
3.449622395833334	3.4078819648437952
3.5496223958333335	3.50667196484379
3.649622395833333	3.6054619648437916
3.749622395833333	3.704251964843793
3.8496223958333324	3.803041964843794
3.949622395833332	3.901831964843799
4.049622395833332	4.0006219648438
4.149622395833331	4.099411964843799
4.249622395833331	4.198201964843804
4.349622395833331	4.296991964843801
4.44962239583333	4.3957819648438
4.54962239583333	4.4945719648438
4.64962239583333	4.593361964843806
4.749622395833329	4.692151964843805
4.849622395833329	4.790941964843801
4.9496223958333285	4.8897319648438025
5.049622395833328	4.988521964843804
5.149622395833328	5.087311964843806
5.2496223958333275	5.186101964843807
5.349622395833327	5.284891964843803
5.449622395833327	5.383681964843808
5.549622395833326	5.482471964843809
5.649622395833326	5.5812619648438115
5.749622395833326	5.680051964843814
5.849622395833325	5.778841964843804
5.949622395833325	5.8776319648438085
6.049622395833325	5.9764219648438175
6.149622395833324	6.075211964843813
6.249622395833324	6.174001964843809
6.3496223958333236	6.2727919648438135
6.449622395833323	6.371581964843813
6.549622395833323	6.470371964843818
6.6496223958333225	6.569161964843818
6.749622395833322	6.667951964843813
6.849622395833322	6.766741964843825
6.949622395833321	6.865531964843817
7.049622395833321	6.964321964843818
7.149622395833321	7.063111964843829
7.24962239583332	7.161901964843844
7.34962239583332	7.26069196484384
7.44962239583332	7.359481964843808
7.549622395833319	7.458271964843806
7.649622395833319	7.557061964843826
7.749622395833319	7.655851964843838
7.849622395833318	7.7546419648438345
7.949622395833318	7.853431964843828
8.049622395833318	7.952221964843824
8.149622395833317	8.051011964843827
8.249622395833317	8.149801964843828
8.349622395833316	8.248591964843838
8.449622395833316	8.347381964843835
8.549622395833316	8.446171964843831
8.55	8.446545000000093
1000008.55	8.446545000000093
