-100001.1	0
0	0
0.0033333333333334103	0.003292999999999679
0.008333333333333304	0.008232499999999629
0.015833333333333366	0.015641749999999784
0.027083333333333348	0.026755624999999894
0.04395833333333332	0.04342643750000009
0.06927083333333339	0.06843265625000049
0.1072395833333335	0.10594198437500103
0.16419270833333344	0.16220597656250163
0.24962239583333345	0.24660196484375274
0.34962239583333354	0.34539196484375406
0.44962239583333363	0.44418196484375544
0.5496223958333337	0.5429719648437566
0.6496223958333338	0.6417619648437578
0.7496223958333339	0.7405519648437593
0.849622395833334	0.8393419648437603
0.9496223958333339	0.9381319648437617
1.049622395833334	1.0369219648437626
1.149622395833334	1.1357119648437637
1.2496223958333341	1.234501964843766
1.3496223958333342	1.3332919648437682
1.4496223958333343	1.432081964843768
1.5496223958333344	1.5308719648437688
1.6496223958333345	1.6296619648437702
1.7496223958333346	1.7284519648437717
1.8496223958333347	1.827241964843772
1.9496223958333347	1.926031964843775
2.049622395833335	2.024821964843777
2.149622395833335	2.123611964843777
2.249622395833335	2.222401964843778
2.349622395833335	2.3211919648437798
2.449622395833335	2.4199819648437795
2.5496223958333353	2.518771964843781
2.6496223958333354	2.6175619648437856
2.7496223958333355	2.716351964843786
2.8496223958333355	2.815141964843787
2.9496223958333356	2.91393196484379
3.0496223958333353	3.0127219648437884
3.149622395833335	3.1115119648437872
3.2496223958333346	3.2103019648437896
3.349622395833334	3.3090919648437946
3.449622395833334	3.4078819648437966
3.5496223958333335	3.5066719648437945
3.649622395833333	3.6054619648437902
3.749622395833333	3.704251964843797
3.8496223958333324	3.803041964843795
3.949622395833332	3.901831964843799
4.049622395833332	4.000621964843797
4.149622395833331	4.099411964843805
4.249622395833331	4.1982019648438
4.349622395833331	4.296991964843803
4.44962239583333	4.3957819648438035
4.54962239583333	4.4945719648438045
4.64962239583333	4.593361964843798
4.749622395833329	4.692151964843812
4.849622395833329	4.7909419648438085
4.9496223958333285	4.889731964843806
5.049622395833328	4.988521964843815
5.149622395833328	5.087311964843807
5.2496223958333275	5.186101964843792
5.349622395833327	5.2848919648438155
5.449622395833327	5.38368196484381
5.549622395833326	5.482471964843806
5.649622395833326	5.581261964843822
5.749622395833326	5.680051964843804
5.849622395833325	5.778841964843816
5.949622395833325	5.877631964843816
6.049622395833325	5.976421964843814
6.149622395833324	6.075211964843806
6.249622395833324	6.174001964843821
6.3496223958333236	6.272791964843819
6.449622395833323	6.371581964843839
6.549622395833323	6.470371964843819
6.6496223958333225	6.5691619648438335
6.749622395833322	6.66795196484381
6.849622395833322	6.7667419648438125
6.949622395833321	6.865531964843834
7.049622395833321	6.964321964843832
7.149622395833321	7.063111964843822
7.24962239583332	7.161901964843834
7.34962239583332	7.260691964843841
7.44962239583332	7.3594819648438445
7.549622395833319	7.458271964843812
7.649622395833319	7.557061964843779
7.749622395833319	7.65585196484383
7.849622395833318	7.754641964843833
7.949622395833318	7.853431964843808
8.049622395833318	7.952221964843837
8.149622395833317	8.051011964843843
8.249622395833317	8.14980196484386
8.349622395833316	8.248591964843817
8.449622395833316	8.34738196484386
8.549622395833316	8.44617196484386
8.55	8.446545000000086
1000008.55	8.446545000000086
