-100001.1	0
0	0
0.0033333333333334103	0.0032929999999996773
0.008333333333333304	0.008232499999999638
0.015833333333333366	0.015641749999999777
0.027083333333333348	0.02675562499999989
0.04395833333333332	0.04342643750000009
0.06927083333333339	0.06843265625000047
0.1072395833333335	0.10594198437500106
0.16419270833333344	0.16220597656250174
0.24962239583333345	0.24660196484375269
0.34962239583333354	0.34539196484375406
0.44962239583333363	0.44418196484375516
0.5496223958333337	0.5429719648437568
0.6496223958333338	0.6417619648437579
0.7496223958333339	0.7405519648437592
0.849622395833334	0.8393419648437601
0.9496223958333339	0.9381319648437617
1.049622395833334	1.0369219648437629
1.149622395833334	1.1357119648437648
1.2496223958333341	1.2345019648437654
1.3496223958333342	1.3332919648437664
1.4496223958333343	1.4320819648437688
1.5496223958333344	1.5308719648437705
1.6496223958333345	1.6296619648437711
1.7496223958333346	1.728451964843772
1.8496223958333347	1.827241964843774
1.9496223958333347	1.9260319648437738
2.049622395833335	2.024821964843776
2.149622395833335	2.1236119648437786
2.249622395833335	2.2224019648437787
2.349622395833335	2.3211919648437798
2.449622395833335	2.4199819648437817
2.5496223958333353	2.5187719648437814
2.6496223958333354	2.6175619648437825
2.7496223958333355	2.7163519648437844
2.8496223958333355	2.815141964843787
2.9496223958333356	2.913931964843787
3.0496223958333353	3.0127219648437893
3.149622395833335	3.111511964843791
3.2496223958333346	3.2103019648437896
3.349622395833334	3.3090919648437893
3.449622395833334	3.4078819648437935
3.5496223958333335	3.506671964843799
3.649622395833333	3.6054619648437947
3.749622395833333	3.7042519648437984
3.8496223958333324	3.8030419648437954
3.949622395833332	3.9018319648437947
4.049622395833332	4.000621964843803
4.149622395833331	4.099411964843796
4.249622395833331	4.198201964843801
4.349622395833331	4.2969919648438
4.44962239583333	4.395781964843795
4.54962239583333	4.494571964843806
4.64962239583333	4.593361964843805
4.749622395833329	4.692151964843808
4.849622395833329	4.790941964843802
4.9496223958333285	4.889731964843802
5.049622395833328	4.988521964843793
5.149622395833328	5.0873119648438045
5.2496223958333275	5.186101964843806
5.349622395833327	5.28489196484381
5.449622395833327	5.3836819648438095
5.549622395833326	5.482471964843819
5.649622395833326	5.581261964843825
5.749622395833326	5.680051964843808
5.849622395833325	5.778841964843822
5.949622395833325	5.877631964843816
6.049622395833325	5.9764219648438095
6.149622395833324	6.075211964843827
6.249622395833324	6.174001964843824
6.3496223958333236	6.272791964843829
6.449622395833323	6.371581964843824
6.549622395833323	6.470371964843814
6.6496223958333225	6.569161964843823
6.749622395833322	6.667951964843826
6.849622395833322	6.766741964843825
6.949622395833321	6.865531964843824
7.049622395833321	6.96432196484381
7.149622395833321	7.063111964843829
7.24962239583332	7.16190196484382
7.34962239583332	7.2606919648438275
7.44962239583332	7.359481964843841
7.549622395833319	7.458271964843837
7.649622395833319	7.557061964843814
7.749622395833319	7.655851964843846
7.849622395833318	7.754641964843825
7.949622395833318	7.853431964843812
8.049622395833318	7.952221964843838
8.149622395833317	8.051011964843836
8.249622395833317	8.149801964843864
8.349622395833316	8.24859196484381
8.449622395833316	8.347381964843844
8.549622395833316	8.446171964843854
8.55	8.446545000000102
1000008.55	8.446545000000102
