-100001.1	0
0	0
0.0033333333333334103	0.003287402153984653
0.008333333333333304	0.008218325639646711
0.015833333333333366	0.01561431008435617
0.027083333333333348	0.026707397283624618
0.04395833333333332	0.04334506827803561
0.06927083333333339	0.0682973052654591
0.1072395833333335	0.10571652705086752
0.16419270833333344	0.16182639521772385
0.24962239583333345	0.24595176086382237
0.34962239583333354	0.3443608799642974
0.44962239583333363	0.44270430278191075
0.5496223958333337	0.5409832434082353
0.6496223958333338	0.6392030693268024
0.7496223958333339	0.7373649853784491
0.849622395833334	0.8354727881091186
0.9496223958333339	0.9335304672389465
1.049622395833334	1.0315394888935603
1.149622395833334	1.129503676102802
1.2496223958333341	1.2274264646061028
1.3496223958333342	1.3253100272213243
1.4496223958333343	1.4231575066984652
1.5496223958333344	1.5209722999554516
1.6496223958333345	1.6187570664745587
1.7496223958333346	1.7165141594054505
1.8496223958333347	1.8142468300334034
1.9496223958333347	1.9119580115331687
2.049622395833335	2.0096498013054767
2.149622395833335	2.107325045551032
2.249622395833335	2.204986592130228
2.349622395833335	2.30263671773772
2.449622395833335	2.4002777298192397
2.5496223958333353	2.4979122681969406
2.6496223958333354	2.595542683377344
2.7496223958333355	2.6931709433081488
2.8496223958333355	2.7907994104815352
2.9496223958333356	2.888430250810282
3.0496223958333353	2.9860654381465004
3.149622395833335	3.0837069202315632
3.2496223958333346	3.1813566386476952
3.349622395833334	3.2790163697023815
3.449622395833334	3.3766878422622293
3.5496223958333335	3.4743727664251396
3.649622395833333	3.572072690106184
3.749622395833333	3.6697890070244137
3.8496223958333324	3.767523244458308
3.949622395833332	3.865276769115387
4.049622395833332	3.9630507234242214
4.149622395833331	4.060846159660767
4.249622395833331	4.158664418836231
4.349622395833331	4.256506432448832
4.44962239583333	4.3543729104376725
4.54962239583333	4.452264733578275
4.64962239583333	4.550182921510998
4.749622395833329	4.648127902866413
4.849622395833329	4.746100021726727
4.9496223958333285	4.844100209276274
5.049622395833328	4.9421288050066146
5.149622395833328	5.040185791002115
5.2496223958333275	5.138271619309891
5.349622395833327	5.236386759787029
5.449622395833327	5.334530886871327
5.549622395833326	5.4327039448347225
5.649622395833326	5.530906464115318
5.749622395833326	5.62913788574247
5.849622395833325	5.727397758521155
5.949622395833325	5.8256865380663365
6.049622395833325	5.9240034456004445
6.149622395833324	6.022347791106345
6.249622395833324	6.120719905109748
6.3496223958333236	6.219118725198225
6.449622395833323	6.317543500138346
6.549622395833323	6.415994364882692
6.6496223958333225	6.514469906321005
6.749622395833322	6.612969634027571
6.849622395833322	6.711493201300763
6.949622395833321	6.81003897684911
7.049622395833321	6.908606969830685
7.149622395833321	7.0071959401582005
7.24962239583332	7.105804676134132
7.34962239583332	7.204433073516004
7.44962239583332	7.303079265432527
7.549622395833319	7.401743117778523
7.649622395833319	7.500423244100535
7.749622395833319	7.59911854905088
7.849622395833318	7.6978286253300725
7.949622395833318	7.796551799124596
8.049622395833318	7.895287993380833
8.149622395833317	7.994035387991131
8.249622395833317	8.092793963383983
8.349622395833316	8.191562070794955
8.449622395833316	8.29034007754789
8.549622395833316	8.389126416119877
8.55	8.389499451227664
1000008.55	8.389499451227664
