-100001.1	0
0	0
0.0033333333333334103	0.003254806381704829
0.008333333333333304	0.008136606280896106
0.015833333333333366	0.015458386651334472
0.027083333333333348	0.026438996098406272
0.04395833333333332	0.042905298821930705
0.06927083333333339	0.06759446506069597
0.1072395833333335	0.10460536337249277
0.16419270833333344	0.16007125525845065
0.24962239583333345	0.24316263675094116
0.34962239583333354	0.34026238951704413
0.44962239583333363	0.43719535708392365
0.5496223958333337	0.5339663299672388
0.6496223958333338	0.6305868136530128
0.7496223958333339	0.7270626234837216
0.849622395833334	0.823402263314195
0.9496223958333339	0.9196155271418389
1.049622395833334	1.015708222312971
1.149622395833334	1.1116890681095544
1.2496223958333341	1.2075669168089023
1.3496223958333342	1.3033486493047688
1.4496223958333343	1.3990419439282893
1.5496223958333344	1.4946553234303823
1.6496223958333345	1.590196395193038
1.7496223958333346	1.6856716361568163
1.8496223958333347	1.7810891419758215
1.9496223958333347	1.8764566828407039
2.049622395833335	1.9717804334419378
2.149622395833335	2.067067627396796
2.249622395833335	2.162325687140335
2.349622395833335	2.257560999136087
2.449622395833335	2.3527797467980935
2.5496223958333353	2.4479888402967633
2.6496223958333354	2.5431946387204007
2.7496223958333355	2.638402555296678
2.8496223958333355	2.7336188577563565
2.9496223958333356	2.828853350257451
3.0496223958333353	2.9240995359573025
3.149622395833335	3.0193745034318566
3.2496223958333346	3.114679588249996
3.349622395833334	3.2100197263851125
3.449622395833334	3.305399542009265
3.5496223958333335	3.40082361689412
3.649622395833333	3.4962962546739154
3.749622395833333	3.5918214735885337
3.8496223958333324	3.687403246913694
3.949622395833332	3.7830452339787786
4.049622395833332	3.8787507493493782
4.149622395833331	3.9745229940422138
4.249622395833331	4.070365182290978
4.349622395833331	4.166279914380826
4.44962239583333	4.2622695014381655
4.54962239583333	4.358336578024551
4.64962239583333	4.454483262384829
4.749622395833329	4.550711059476638
4.849622395833329	4.647021583177929
4.9496223958333285	4.743416711400518
5.049622395833328	4.839897248799045
5.149622395833328	4.9364637979850965
5.2496223958333275	5.033117758275701
5.349622395833327	5.129859427295316
5.449622395833327	5.226688528389118
5.549622395833326	5.323605721814572
5.649622395833326	5.4206109795514195
5.749622395833326	5.517703214760107
5.849622395833325	5.614882324406552
5.949622395833325	5.712147931350284
6.049622395833325	5.8094982030955435
6.149622395833324	5.906932476586954
6.249622395833324	6.0044498813809355
6.3496223958333236	6.102047879896406
6.449622395833323	6.19972557271826
6.549622395833323	6.297481344891275
6.6496223958333225	6.3953121034065035
6.749622395833322	6.493217010136772
6.849622395833322	6.59119336171947
6.949622395833321	6.689238019925233
7.049622395833321	6.787350018608542
7.149622395833321	6.885525469023225
7.24962239583332	6.983762192526251
7.34962239583332	7.082057972483264
7.44962239583332	7.18040863221479
7.549622395833319	7.278813045112817
7.649622395833319	7.377266929194887
7.749622395833319	7.4757679930020835
7.849622395833318	7.574313501431598
7.949622395833318	7.672899799954626
8.049622395833318	7.771525319667391
8.149622395833317	7.870185661236707
8.249622395833317	7.968879789201413
8.349622395833316	8.067603437606465
8.449622395833316	8.166356062345855
8.549622395833316	8.265133939090356
8.55	8.265506974078935
1000008.55	8.265506974078935
