-100001.1	0
0	0
0.0033333333333334103	0.003190410690950333
0.008333333333333304	0.007975495609913306
0.015833333333333366	0.015151928828162487
0.027083333333333348	0.025913894677670826
0.04395833333333332	0.042050814230425386
0.06927083333333339	0.06624266064435506
0.1072395833333335	0.10250009023623101
0.16419270833333344	0.15681837867986323
0.24962239583333345	0.23815025514482277
0.34962239583333354	0.333136445551301
0.44962239583333363	0.4279009659047515
0.5496223958333337	0.5224514377960864
0.6496223958333338	0.6168010624441204
0.7496223958333339	0.7109625199438673
0.849622395833334	0.8049437443302285
0.9496223958333339	0.898758825326809
1.049622395833334	0.9924173448333194
1.149622395833334	1.0859305373081969
1.2496223958333341	1.179310684905703
1.3496223958333342	1.272568435006191
1.4496223958333343	1.3657141490840206
1.5496223958333344	1.4587596568306642
1.6496223958333345	1.5517161539147777
1.7496223958333346	1.6445931089329213
1.8496223958333347	1.7374017245735867
1.9496223958333347	1.8301531393376127
2.049622395833335	1.9228566783870165
2.149622395833335	2.0155225060840687
2.249622395833335	2.1081612662824982
2.349622395833335	2.2007824246160244
2.449622395833335	2.2933949512193603
2.5496223958333353	2.386008835482079
2.6496223958333354	2.4786333768695283
2.7496223958333355	2.5712765721790083
2.8496223958333355	2.6639475785100917
2.9496223958333356	2.7566550426024894
3.0496223958333353	2.849406755424549
3.149622395833335	2.942210551536362
3.2496223958333346	3.0350742571958027
3.349622395833334	3.1280052166763084
3.449622395833334	3.221010230609932
3.5496223958333335	3.314096175913364
3.649622395833333	3.407269562506283
3.749622395833333	3.5005364218125994
3.8496223958333324	3.59390259554943
3.949622395833332	3.6873736510568857
4.049622395833332	3.7809546807478545
4.149622395833331	3.8746505989067677
4.249622395833331	3.968466001900534
4.349622395833331	4.062404979591194
4.44962239583333	4.156471311970669
4.54962239583333	4.25066881584661
4.64962239583333	4.345000528812262
4.749622395833329	4.439469017872357
4.849622395833329	4.534077160442273
4.9496223958333285	4.628827118558434
5.049622395833328	4.723720311866966
5.149622395833328	4.818758356212794
5.2496223958333275	4.91394276336825
5.349622395833327	5.00927383443872
5.449622395833327	5.104751829732645
5.549622395833326	5.200377616184984
5.649622395833326	5.296150446138189
5.749622395833326	5.392069322518203
5.849622395833325	5.488134366662854
5.949622395833325	5.5843438481320025
6.049622395833325	5.680695649323208
6.149622395833324	5.777189149509085
6.249622395833324	5.873821596195227
6.3496223958333236	5.9705899559132085
6.449622395833323	6.0674929400664555
6.549622395833323	6.164526676370304
6.6496223958333225	6.261687581470023
6.749622395833322	6.358973610070407
6.849622395833322	6.4563796872137855
6.949622395833321	6.553902431863563
7.049622395833321	6.651538501256765
7.149622395833321	6.749281986621181
7.24962239583332	6.847130239250487
7.34962239583332	6.945077879115804
7.44962239583332	7.043119579578417
7.549622395833319	7.14125231178534
7.649622395833319	7.239469149400346
7.749622395833319	7.3377669848042935
7.849622395833318	7.436139855258998
7.949622395833318	7.534583077904667
8.049622395833318	7.633092576905976
8.149622395833317	7.731661983747294
8.249622395833317	7.830288677149337
8.349622395833316	7.9289659719591
8.449622395833316	8.027692040358072
8.549622395833316	8.12646109089511
8.55	8.126834125759208
1000008.55	8.126834125759208
