-100001.1	0
0	0
0.0033333333333334103	0.0030949463794398726
0.008333333333333304	0.00773682446916346
0.015833333333333366	0.014698422607274246
0.027083333333333348	0.025138074818741467
0.04395833333333332	0.04079136947809183
0.06927083333333339	0.06425737868986217
0.1072395833333335	0.09942498752838569
0.16419270833333344	0.15210556607569878
0.24962239583333345	0.2309737108856247
0.34962239583333354	0.3230677214864483
0.44962239583333363	0.41493139465334655
0.5496223958333337	0.5065737102003967
0.6496223958333338	0.5980072661754916
0.7496223958333339	0.6892481100340025
0.849622395833334	0.7803033594415705
0.9496223958333339	0.8711884822142519
1.049622395833334	0.9619152923703411
1.149622395833334	1.0524957856762418
1.2496223958333341	1.1429437354115322
1.3496223958333342	1.2332719069636893
1.4496223958333343	1.323492007680767
1.5496223958333344	1.4136174502606027
1.6496223958333345	1.5036614153671883
1.7496223958333346	1.5936352358202754
1.8496223958333347	1.6835517176961805
1.9496223958333347	1.7734239616302165
2.049622395833335	1.8632633564435122
2.149622395833335	1.9530817385208146
2.249622395833335	2.0428917340522603
2.349622395833335	2.132704817905892
2.449622395833335	2.2225317530162254
2.5496223958333353	2.3123845060753703
2.6496223958333354	2.402274293563374
2.7496223958333355	2.492210889588583
2.8496223958333355	2.5822054382927657
2.9496223958333356	2.672268461577233
3.0496223958333353	2.762409415636403
3.149622395833335	2.8526380325793332
3.2496223958333346	2.942963954590237
3.349622395833334	3.0333961608471105
3.449622395833334	3.1239430772055194
3.5496223958333335	3.214613302190413
3.649622395833333	3.3054149300128306
3.749622395833333	3.396355424837023
3.8496223958333324	3.4874421562415137
3.949622395833332	3.5786821169899974
4.049622395833332	3.670081729263279
4.149622395833331	3.761647181057084
4.249622395833331	3.8533842664777342
4.349622395833331	3.9452981650124506
4.44962239583333	4.0373938893437815
4.54962239583333	4.12967607305227
4.64962239583333	4.222148579583702
4.749622395833329	4.314814977478795
4.849622395833329	4.407678870980783
4.9496223958333285	4.50074280196923
5.049622395833328	4.594008776336238
5.149622395833328	4.687479291333622
5.2496223958333275	4.781155649626765
5.349622395833327	4.87503830511756
5.449622395833327	4.969128459379027
5.549622395833326	5.063426310000955
5.649622395833326	5.157930790757457
5.749622395833326	5.2526416961359335
5.849622395833325	5.347558187408032
5.949622395833325	5.442677713449262
6.049622395833325	5.5379987705679525
6.149622395833324	5.633519450734147
6.249622395833324	5.729235711700297
6.3496223958333236	5.825145030423341
6.449622395833323	5.9212442734170665
6.549622395833323	6.017527995728425
6.6496223958333225	6.113993087249615
6.749622395833322	6.210634878366069
6.849622395833322	6.307446845271459
6.949622395833321	6.404425585884403
7.049622395833321	6.501564580909318
7.149622395833321	6.5988570312776
7.24962239583332	6.696298925466336
7.34962239583332	6.793881850462248
7.44962239583332	6.891600298179188
7.549622395833319	6.989448111963577
7.649622395833319	7.087416470587673
7.749622395833319	7.185501083722935
7.849622395833318	7.28369259024514
7.949622395833318	7.381985849291689
8.049622395833318	7.480373448378423
8.149622395833317	7.578847535770882
8.249622395833317	7.6774034662629385
8.349622395833316	7.776032190482554
8.449622395833316	7.874730481394239
8.549622395833316	7.973490331150616
8.55	7.973863365884828
1000008.55	7.973863365884828
