-100001.1	0
0	0
0.0033333333333334103	0.0028135476632196047
0.008333333333333304	0.007033654141112613
0.015833333333333366	0.013363326357199388
0.027083333333333348	0.02285672525709643
0.04395833333333332	0.03709428505447352
0.06927083333333339	0.05844477008317383
0.1072395833333335	0.0904568422551014
0.16419270833333344	0.1384426346502404
0.24962239583333345	0.21034834237670164
0.34962239583333354	0.29441491212872223
0.44962239583333363	0.37837244729201747
0.5496223958333337	0.46222718943488184
0.6496223958333338	0.5459840903195949
0.7496223958333339	0.6296503308354998
0.849622395833334	0.7132340279698444
0.9496223958333339	0.796743575611405
1.049622395833334	0.880188576608742
1.149622395833334	0.9635786969331427
1.2496223958333341	1.046924509464563
1.3496223958333342	1.1302371757171483
1.4496223958333343	1.2135261384343237
1.5496223958333344	1.2968018478727186
1.6496223958333345	1.3800825070788345
1.7496223958333346	1.4633773356514241
1.8496223958333347	1.5466974718443227
1.9496223958333347	1.6300559505776704
2.049622395833335	1.7134649162748825
2.149622395833335	1.7969362928301238
2.249622395833335	1.8804830526249297
2.349622395833335	1.9641177036446382
2.449622395833335	2.0478518891277213
2.5496223958333353	2.1316986246338288
2.6496223958333354	2.215669986941151
2.7496223958333355	2.2997772664813803
2.8496223958333355	2.3840327738226135
2.9496223958333356	2.4684484352058798
3.0496223958333353	2.553035094024383
3.149622395833335	2.6378042576972716
3.2496223958333346	2.7227669965351047
3.349622395833334	2.8079335880101004
3.449622395833334	2.8933143306701714
3.5496223958333335	2.978919566404786
3.649622395833333	3.0647588178915366
3.749622395833333	3.15084108321783
3.8496223958333324	3.2371756073012725
3.949622395833332	3.3237707069635327
4.049622395833332	3.4106343593150137
4.149622395833331	3.49777446109705
4.249622395833331	3.5851981177571757
4.349622395833331	3.672911714916715
4.44962239583333	3.760921913766277
4.54962239583333	3.849234275395527
4.64962239583333	3.9378538865527055
4.749622395833329	4.026785880875564
4.849622395833329	4.116034072762123
4.9496223958333285	4.2056018590027655
5.049622395833328	4.295492784804706
5.149622395833328	4.3857092695459015
5.2496223958333275	4.476252671962424
5.349622395833327	4.567125009185993
5.449622395833327	4.658326903668463
5.549622395833326	4.7498577968116305
5.649622395833326	4.841717841038574
5.749622395833326	4.933906331698104
5.849622395833325	5.026420498772998
5.949622395833325	5.119258590449615
6.049622395833325	5.212418292852876
6.149622395833324	5.305894836903251
6.249622395833324	5.399684803193444
6.3496223958333236	5.493784186138168
6.449622395833323	5.5881859253850275
6.549622395833323	5.68288547280314
6.6496223958333225	5.777876651413551
6.749622395833322	5.873150612681639
6.849622395833322	5.968701843802253
6.949622395833321	6.064521796149692
7.049622395833321	6.1606003035074695
7.149622395833321	6.256930921405192
7.24962239583332	6.35350278990807
7.34962239583332	6.450305156197746
7.44962239583332	6.547330539022469
7.549622395833319	6.644565327044969
7.649622395833319	6.742001049869359
7.749622395833319	6.839626559503699
7.849622395833318	6.937427918244417
7.949622395833318	7.0353982293856046
8.049622395833318	7.133522780687176
8.149622395833317	7.23179212236679
8.249622395833317	7.330195537568254
8.349622395833316	7.428719883272658
8.449622395833316	7.527358463445247
8.549622395833316	7.626098609218518
8.55	7.6264716572279605
1000008.55	7.6264716572279605
