-100001.1	0
0	0
0.0033333333333334103	0.002628919871650887
0.008333333333333304	0.006572427525136546
0.015833333333333366	0.012487971118528058
0.027083333333333348	0.02136190256452556
0.04395833333333332	0.03467412275118707
0.06927083333333339	0.05464521683097736
0.1072395833333335	0.08460735935476048
0.16419270833333344	0.1295606663032237
0.24962239583333345	0.1970055460534033
0.34962239583333354	0.27598205457100305
0.44962239583333363	0.3549796565950737
0.5496223958333337	0.4339993602507033
0.6496223958333338	0.5130372867460162
0.7496223958333339	0.5920932650461257
0.849622395833334	0.6711712047973193
0.9496223958333339	0.750273248963903
1.049622395833334	0.8294038677592994
1.149622395833334	0.9085696582091096
1.2496223958333341	0.9877766717763918
1.3496223958333342	1.0670323001970665
1.4496223958333343	1.146345113125364
1.5496223958333344	1.2257237205400782
1.6496223958333345	1.305176417863022
1.7496223958333346	1.3847163308845
1.8496223958333347	1.464350343971645
1.9496223958333347	1.5440901815180093
2.049622395833335	1.6239468064100746
2.149622395833335	1.7039309253804495
2.249622395833335	1.7840540366200177
2.349622395833335	1.8643276523470538
2.449622395833335	1.9447627028312535
2.5496223958333353	2.0253710285926063
2.6496223958333354	2.106164332750505
2.7496223958333355	2.187153351880198
2.8496223958333355	2.26834990324552
2.9496223958333356	2.3497654801849124
3.0496223958333353	2.431410782183858
3.149622395833335	2.513296985434582
3.2496223958333346	2.5954351373895497
3.349622395833334	2.6778354601728283
3.449622395833334	2.7605083094516227
3.5496223958333335	2.843463952539247
3.649622395833333	2.9267120059746463
3.749622395833333	3.010261788317144
3.8496223958333324	3.094122528137285
3.949622395833332	3.1783029146365256
4.049622395833332	3.262811150852012
4.149622395833331	3.3476551966667594
4.249622395833331	3.4328424708953214
4.349622395833331	3.5183799936486055
4.44962239583333	3.604274287938307
4.54962239583333	3.6905310843117682
4.64962239583333	3.7771564232982056
4.749622395833329	3.864154921148682
4.849622395833329	3.9515308286019724
4.9496223958333285	4.039288104543822
5.049622395833328	4.127430272160142
5.149622395833328	4.215959524899811
5.2496223958333275	4.304877869889821
5.349622395833327	4.394187299098183
5.449622395833327	4.483887977144384
5.549622395833326	4.573979783317557
5.649622395833326	4.664463105779615
5.749622395833326	4.755335983650227
5.849622395833325	4.846596062124036
5.949622395833325	4.938242044796806
6.049622395833325	5.030269777673136
6.149622395833324	5.122674664935162
6.249622395833324	5.215453684776701
6.3496223958333236	5.308600401402641
6.449622395833323	5.4021080842897025
6.549622395833323	5.495971976366945
6.6496223958333225	5.590183258448735
6.749622395833322	5.684733387915725
6.849622395833322	5.779615817984229
6.949622395833321	5.874819257605203
7.049622395833321	5.970334012972985
7.149622395833321	6.066151453556889
7.24962239583332	6.162257964466807
7.34962239583332	6.258643691757319
7.44962239583332	6.355297249902928
7.549622395833319	6.4522035326462195
7.649622395833319	6.549353079766332
7.749622395833319	6.646731312517327
7.849622395833318	6.7443232061370235
7.949622395833318	6.842119397805487
8.049622395833318	6.940102136443615
8.149622395833317	7.038261371734281
8.249622395833317	7.136582459100202
8.349622395833316	7.235050773906421
8.449622395833316	7.33365723402507
8.549622395833316	7.432386795842313
8.55	7.432759830148712
1000008.55	7.432759830148712
