-100001.1	0
0	0
0.0033333333333334103	0.0024158932820159415
0.008333333333333304	0.0060403319101669075
0.015833333333333366	0.0114783283240481
0.027083333333333348	0.019638305430870726
0.04395833333333332	0.03188488355573287
0.06927083333333339	0.05026929763430994
0.1072395833333335	0.0778769295009619
0.16419270833333344	0.11935679362705134
0.24962239583333345	0.18171848329510168
0.34962239583333354	0.254919961973814
0.44962239583333363	0.3283186431654616
0.5496223958333337	0.4019046871552377
0.6496223958333338	0.4756652185457595
0.7496223958333339	0.5495889059349146
0.849622395833334	0.6236732527043898
0.9496223958333339	0.6979122652197353
1.049622395833334	0.7723024254204462
1.149622395833334	0.8468456166140899
1.2496223958333341	0.9215417914434972
1.3496223958333342	0.9963925867499047
1.4496223958333343	1.0714024489581617
1.5496223958333344	1.1465760552948112
1.6496223958333345	1.2219183241680471
1.7496223958333346	1.2974359095093593
1.8496223958333347	1.3731361216449003
1.9496223958333347	1.4490262771162299
2.049622395833335	1.5251147629436106
2.149622395833335	1.6014103288410626
2.249622395833335	1.67792194170831
2.349622395833335	1.7546591566336147
2.449622395833335	1.831631498690255
2.5496223958333353	1.908848966026043
2.6496223958333354	1.9863217959475785
2.7496223958333355	2.064059767856548
2.8496223958333355	2.142073400517305
2.9496223958333356	2.2203730906322723
3.0496223958333353	2.2989688362649137
3.149622395833335	2.3778710112076547
3.2496223958333346	2.4570898965631844
3.349622395833334	2.5366352170615363
3.449622395833334	2.616516910645778
3.5496223958333335	2.696744794525421
3.649622395833333	2.7773280790541572
3.749622395833333	2.85827594526868
3.8496223958333324	2.9395974021366644
3.949622395833332	3.0213008856956143
4.049622395833332	3.1033945894541066
4.149622395833331	3.185886420852588
4.249622395833331	3.2687837242400555
4.349622395833331	3.35209356063945
4.44962239583333	3.4358224540252933
4.54962239583333	3.5199763243277995
4.64962239583333	3.604560956606106
4.749622395833329	3.6895812834021244
4.849622395833329	3.775041510504202
4.9496223958333285	3.860945960427689
5.049622395833328	3.9472978231939786
5.149622395833328	4.034099322936889
5.2496223958333275	4.121353096740641
5.349622395833327	4.209060484025154
5.449622395833327	4.297221526821252
5.549622395833326	4.385836964076049
5.649622395833326	4.4749061881543035
5.749622395833326	4.564426869078521
5.849622395833325	4.6543976993589125
5.949622395833325	4.744816034328374
6.049622395833325	4.835677028023003
6.149622395833324	4.926977263631407
6.249622395833324	5.018711927198158
6.3496223958333236	5.110873582679632
6.449622395833323	5.203456803070982
6.549622395833323	5.296454430493773
6.6496223958333225	5.38985804970368
6.749622395833322	5.483655490735013
6.849622395833322	5.577842008195007
6.949622395833321	5.672403408539651
7.049622395833321	5.767331051509019
7.149622395833321	5.862612408411366
7.24962239583332	5.9582329537326215
7.34962239583332	6.054182818455135
7.44962239583332	6.150446560844399
7.549622395833319	6.247008686422273
7.649622395833319	6.343857898984184
7.749622395833319	6.440976071663326
7.849622395833318	6.538348217416426
7.949622395833318	6.635961048702259
8.049622395833318	6.733794791994638
8.149622395833317	6.831838022971999
8.249622395833317	6.9300724148825985
8.349622395833316	7.028481836474461
8.449622395833316	7.127054493601389
8.549622395833316	7.2257729756675175
8.55	7.226146009817715
1000008.55	7.226146009817715
