-100001.1	0
0	0
0.0033333333333334103	0.0021750427752158684
0.008333333333333304	0.005438813433288546
0.015833333333333366	0.010337174421751569
0.027083333333333348	0.01769076971376749
0.04395833333333332	0.028734674229277366
0.06927083333333339	0.04533057442764646
0.1072395833333335	0.07028904282063637
0.16419270833333344	0.10786830466649223
0.24962239583333345	0.16453816226463408
0.34962239583333354	0.2313001116453355
0.44962239583333363	0.29848777668208876
0.5496223958333337	0.3660693791947561
0.6496223958333338	0.43401826163042745
0.7496223958333339	0.5023099105339924
0.849622395833334	0.5709316465287673
0.9496223958333339	0.6398699745121477
1.049622395833334	0.7091105492457129
1.149622395833334	0.7786483416027276
1.2496223958333341	0.8484760561292362
1.3496223958333342	0.9185876862398404
1.4496223958333343	0.9889814592145701
1.5496223958333344	1.0596574628439335
1.6496223958333345	1.1306146802409325
1.7496223958333346	1.2018548782495229
1.8496223958333347	1.2733819766705796
1.9496223958333347	1.345198720735575
2.049622395833335	1.4173097230848917
2.149622395833335	1.4897211492429763
2.249622395833335	1.5624384263062008
2.349622395833335	1.6354682493087631
2.449622395833335	1.708818155131445
2.5496223958333353	1.7824954049763633
2.6496223958333354	1.8565080747174305
2.7496223958333355	1.930864443689358
2.8496223958333355	2.005572946863898
2.9496223958333356	2.080642356790946
3.0496223958333353	2.156081497759214
3.149622395833335	2.231899300609383
3.2496223958333346	2.3081047663254473
3.349622395833334	2.384706780481813
3.449622395833334	2.46171430362842
3.5496223958333335	2.5391361740300393
3.649622395833333	2.6169809942654334
3.749622395833333	2.6952573560326853
3.8496223958333324	2.7739735584426914
3.949622395833332	2.8531376167728504
4.049622395833332	2.9327573891766527
4.149622395833331	3.0128402895880986
4.249622395833331	3.0933934380395756
4.349622395833331	3.174423676392787
4.44962239583333	3.2559372001770095
4.54962239583333	3.3379399178700755
4.64962239583333	3.4204374425287085
4.749622395833329	3.5034344391841845
4.849622395833329	3.5869352673236286
4.9496223958333285	3.6709441295559095
5.049622395833328	3.7554638760145833
5.149622395833328	3.840497001897581
5.2496223958333275	3.926046120736218
5.349622395833327	4.012112027533951
5.449622395833327	4.098695080441087
5.549622395833326	4.18579613134759
5.649622395833326	4.273413675773589
5.749622395833326	4.361545706491216
5.849622395833325	4.45019115576694
5.949622395833325	4.539346028945158
6.049622395833325	4.629005770291542
6.149622395833324	4.719167245899351
6.249622395833324	4.809823779927604
6.3496223958333236	4.900968219487177
6.449622395833323	4.992595277682711
6.549622395833323	5.0846954202936185
6.6496223958333225	5.177258942943911
6.749622395833322	5.2702783220430875
6.849622395833322	5.363741036568661
6.949622395833321	5.457635096760894
7.049622395833321	5.551950649476043
7.149622395833321	5.646672085304543
7.24962239583332	5.741785882000471
7.34962239583332	5.8372794739787075
7.44962239583332	5.933134534462868
7.549622395833319	6.029336549052654
7.649622395833319	6.125870236719885
7.749622395833319	6.222715064682649
7.849622395833318	6.31985643688526
7.949622395833318	6.417276091829645
8.049622395833318	6.514953213995572
8.149622395833317	6.6128741543458025
8.249622395833317	6.711017112938083
8.349622395833316	6.809364614693689
8.449622395833316	6.907901671643948
8.549622395833316	7.00660852661351
8.55	7.0069815605996
1000008.55	7.0069815605996
