-100001.1	0
0	0
0.0033333333333334103	0.0019070403536976816
0.008333333333333304	0.0047695548221057624
0.015833333333333366	0.009067709150192688
0.027083333333333348	0.015524763002081244
0.04395833333333332	0.02523232078440911
0.06927083333333339	0.03984267793598496
0.1072395833333335	0.06186380812894965
0.16419270833333344	0.09512670244077438
0.24962239583333345	0.14551246402857546
0.34962239583333354	0.20518977662005708
0.44962239583333363	0.26556388574664147
0.5496223958333337	0.32658364061719125
0.6496223958333338	0.3882039796337793
0.7496223958333339	0.45038825606460353
0.849622395833334	0.5131037817915765
0.9496223958333339	0.5763246991821276
1.049622395833334	0.6400259829887917
1.149622395833334	0.7041908972375214
1.2496223958333341	0.7688067602703319
1.3496223958333342	0.8338580580698197
1.4496223958333343	0.8993347011518686
1.5496223958333344	0.9652314766630447
1.6496223958333345	1.0315401220159106
1.7496223958333346	1.098255913888662
1.8496223958333347	1.165378697438615
1.9496223958333347	1.2329056234465232
2.049622395833335	1.3008363136603904
2.149622395833335	1.3691737660708851
2.249622395833335	1.4379189543960225
2.349622395833335	1.5070748100893059
2.449622395833335	1.576646362390262
2.5496223958333353	1.6466372839376153
2.6496223958333354	1.7170528736619626
2.7496223958333355	1.7878994114896378
2.8496223958333355	1.859182510089068
2.9496223958333356	1.9309088663277025
3.0496223958333353	2.0030856354538207
3.149622395833335	2.0757196438866803
3.2496223958333346	2.148818250875663
3.349622395833334	2.2223891346816402
3.449622395833334	2.2964396822812874
3.5496223958333335	2.3709774340345913
3.649622395833333	2.4460101256890465
3.749622395833333	2.521545191477894
3.8496223958333324	2.5975899571337973
3.949622395833332	2.6741518472322827
4.049622395833332	2.751237874841337
4.149622395833331	2.8288547291634507
4.249622395833331	2.907009196068498
4.349622395833331	2.985707485547176
4.44962239583333	3.0649552589175806
4.54962239583333	3.1447583486237654
4.64962239583333	3.2251218171835947
4.749622395833329	3.306049928331267
4.849622395833329	3.3875472663432786
4.9496223958333285	3.4696174227893
5.049622395833328	3.552262900867442
5.149622395833328	3.635486743887025
5.2496223958333275	3.719290803373639
5.349622395833327	3.8036754987842096
5.449622395833327	3.8886420567067965
5.549622395833326	3.9741903260886744
5.649622395833326	4.060318321620065
5.749622395833326	4.147025207723629
5.849622395833325	4.234308599674256
5.949622395833325	4.32216383073397
6.049622395833325	4.410587803849166
6.149622395833324	4.499575660769612
6.249622395833324	4.589119824047237
6.3496223958333236	4.679214826085277
6.449622395833323	4.769853111931134
6.549622395833323	4.861024021422784
6.6496223958333225	4.952719687711157
6.749622395833322	5.044929636792147
6.849622395833322	5.137640069806192
6.949622395833321	5.230840832575594
7.049622395833321	5.324518343649023
7.149622395833321	5.418655751825026
7.24962239583332	5.513240831790346
7.34962239583332	5.608256794360992
7.44962239583332	5.7036841167428065
7.549622395833319	5.799508798012215
7.649622395833319	5.8957108977652215
7.749622395833319	5.9922689874311486
7.849622395833318	6.0891674499758155
7.949622395833318	6.186383421299681
8.049622395833318	6.2838958935559175
8.149622395833317	6.381687808457333
8.249622395833317	6.479734265102146
8.349622395833316	6.578016609766397
8.449622395833316	6.676516109480839
8.549622395833316	6.775210741516729
8.55	6.775583775330381
1000008.55	6.775583775330381
