-100001.1	0
0	0
0.0033333333333334103	0
0.008333333333333304	0
0.015833333333333366	0
0.027083333333333348	0
0.04395833333333332	0
0.06927083333333339	0
0.1072395833333335	0
0.16419270833333344	0
0.24962239583333345	0
0.34962239583333354	0
0.44962239583333363	0
0.5496223958333337	0
0.6496223958333338	0
0.7496223958333339	0.00000000000000933035230459617
0.849622395833334	0.000000000000010689295113809083
0.9496223958333339	0.000000000000012069841853299432
1.049622395833334	0.000000000000013470859527953119
1.149622395833334	0
1.2496223958333341	0.000000000000008165306978949023
1.3496223958333342	0.000000000000013340843490867548
1.4496223958333343	0
1.5496223958333344	0.000000000000031130427200372444
1.6496223958333345	0.00000000000003339192611291099
1.7496223958333346	0.00000000000003567738507691945
1.8496223958333347	0.00000000000003798631568538587
1.9496223958333347	0.0000000000000067197217352827916
2.049622395833335	0.00000000000005689747587458358
2.149622395833335	0
2.249622395833335	0.000000000000007908336096810797
2.349622395833335	0.000000000000024935913908230384
2.449622395833335	0.000000000000026157873403747487
2.5496223958333353	0.000000000000027390868133868975
2.6496223958333354	0.000000000000028634897484430156
2.7496223958333355	0.00000000000004981663104497098
2.8496223958333355	0.00000000000005192690932214606
2.9496223958333356	0.00000000000008648918583044282
3.0496223958333353	0
3.149622395833335	0.00000000000009339116812121193
3.2496223958333346	0.00000000000009688741598097819
3.349622395833334	0.00000000000010041413218053117
3.449622395833334	0.00000000000010397156687066194
3.5496223958333335	0.000000000000053779988198704603
3.649622395833333	0.000000000000013897454577513063
3.749622395833333	0.00000000000014353852362428186
3.8496223958333324	0.00000000000011851380966922408
3.949622395833332	0.00000000000004583583317763902
4.049622395833332	0.00000000000004724112770267894
4.149622395833331	0.00000000000004865866447163046
4.249622395833331	0
4.349622395833331	0.0000000000002061234839794504
4.44962239583333	0.00000000000012363337553775477
4.54962239583333	0
4.64962239583333	0.00000000000013051129067288214
4.749622395833329	0.00000000000013399489664208206
4.849622395833329	0.0000000000001375084850757724
4.9496223958333285	0.00000000000014105219114714836
5.049622395833328	0.0000000000003305740113099102
5.149622395833328	0.0000000000003599880906343822
5.2496223958333275	0.0000000000003254250791921374
5.349622395833327	0.00000000000017774869160711873
5.449622395833327	0
5.549622395833326	0
5.649622395833326	0
5.749622395833326	0
5.849622395833325	0
5.949622395833325	0.0000000000002799616779315721
6.049622395833325	0.000000000000260048209959955
6.149622395833324	0.0000000000005046930955427094
6.249622395833324	0.0000000000005153738590679542
6.3496223958333236	0.0000000000005261329930069449
6.449622395833323	0.0000000000005369694468810464
6.549622395833323	0.0000000000002306871932266295
6.6496223958333225	0.0000000000004706270342378959
6.749622395833322	0
6.849622395833322	0.00000000000042815207211329363
6.949622395833321	0.0000000000004364070459343239
7.049622395833321	0.00000000000044471243919566035
7.149622395833321	0.0000000000004530668357928927
7.24962239583332	0.0000000000004614686862731909
7.34962239583332	0
7.44962239583332	0.00000000000041006416396992853
7.549622395833319	0
7.649622395833319	0.000000000000035394060375607325
7.749622395833319	0.0000000000005041298240546361
7.849622395833318	0.0000000000004395250182601543
7.949622395833318	0.0000000000005214628412547709
8.049622395833318	0
8.149622395833317	0.0000000000009623648345113606
8.249622395833317	0.00000000000043033390731247107
8.349622395833316	0
8.449622395833316	0.0000000000007268383920010682
8.549622395833316	0
8.55	0.0000000000010253491182336456
1000008.55	0.0000000000010253491182336456
