-100003.35666894531	0
1.8373315429687498	0
1.8406648763020828	0
1.8456648763020826	0
1.853164876302083	0
1.8644148763020834	0
1.881289876302083	0.0000000000000000000000000000000000481482486096809
1.9066023763020832	0.0000000000000000000000000000000000962964972193618
1.9445711263020833	0.0000000000000000000000000000000025037089277034066
2.001524251302083	0.000000000000000000000000000000003274080905458301
2.0869539388020835	0.0000000000000000000000000000000011555579666323415
2.186953938802083	0.000000000000000000000000000000018488927466117464
2.2869539388020828	0.00000000000000000000000000000005238529448733282
2.3869539388020824	0.00000000000000000000000000000009995576411369754
2.486953938802082	0.00000000000000000000000000000007857794173099922
2.5869539388020817	0.0000000000000000000000000000004036749163435646
2.6869539388020813	0.00000000000000000000000000000015099290763995931
2.786953938802081	0.0000000000000000000000000000004876454619188481
2.8869539388020806	0.000000000000000000000000000000729542262933885
2.9563310546874995	0.000000000000000000000000000000043140830754274083
1000002.9563310547	0.000000000000000000000000000000043140830754274083
