-100003.35666894531	0
1.2939160156250002	0
1.2972493489583332	0.000000021693955674007626
1.302249348958333	0.00000033896805740640097
1.3097493489583334	0.000002324981905750901
1.3209993489583338	0.000011701049528150675
1.3378743489583336	0.00005060208516893534
1.3631868489583336	0.00020120439113636437
1.4011555989583337	0.0007641778410671997
1.4581087239583335	0.0028389989601142014
1.543538411458333	0.01047366594187346
1.6435384114583327	0.0299806679190047
1.7435384114583323	0.06307004653318665
1.843538411458332	0.11059493127086516
1.9435384114583316	0.1732039460250882
2.0435384114583313	0.2510539404543683
2.143538411458331	0.343928833452127
2.2435384114583306	0.4513793858900244
2.34353841145833	0.5728421534249912
2.44353841145833	0.7077164529280904
2.5435384114583295	0.8554050980672538
2.643538411458329	1.0153342199870896
2.7435384114583288	1.186960829958701
2.8435384114583284	1.3697741884838255
2.943538411458328	1.5632932338359808
2.9563310546874986	1.5887986271373418
1000002.9563310547	1.5887986271373418
