-100003.35666894531	0
0.5741348232709509	0
0.5774681566042843	0.000000007626441703806962
0.5824681566042842	0.00000011916315162198517
0.589968156604284	0.0000008190051017191124
0.601218156604284	0.000004150383637786387
0.6180931566042842	0.000017945986434758277
0.6434056566042843	0.00007154758765666497
0.6813744066042844	0.00027312047449226917
0.7383275316042841	0.0010226472813324092
0.8237572191042846	0.003827911337219911
0.9237572191042842	0.011318371098583092
1.0237572191042839	0.02584268106378912
1.1237572191042835	0.049414100292652655
1.2237572191042831	0.08303329227451126
1.3237572191042828	0.1276559559043424
1.4237572191042824	0.18415734736276626
1.523757219104282	0.2532910480327955
1.6237572191042817	0.33554741858569953
1.7237572191042814	0.43086203652007127
1.823757219104281	0.5390671319887139
1.9237572191042807	0.660130857703577
2.0237572191042803	0.7938483538565271
2.12375721910428	0.9398887763523115
2.2237572191042796	1.097852887925687
2.3237572191042792	1.2673131466253449
2.423757219104279	1.4478372108539785
2.5237572191042785	1.6390014025511035
2.623757219104278	1.8403971806872057
2.723757219104278	2.0516333832469393
2.8237572191042775	2.2723366138130348
2.923757219104277	2.502150091615289
2.9563310546874995	2.5789188242227796
1000002.9563310547	2.5789188242227796
