-100003.35666894531	0
0	0
0.0033333333333334103	0.000000002791408650207903
0.008333333333333304	0.00000004361576015948755
0.015833333333333144	0.00000029916049893391173
0.027083333333333126	0.000001497247266724919
0.04395833333333332	0.0000064479674751383745
0.06927083333333339	0.00002574772091267189
0.1072395833333335	0.00009870181300777497
0.16419270833333366	0.0003751091187906223
0.24962239583333368	0.0014291763443115175
0.34962239583333377	0.004620303592680969
0.44962239583333385	0.010492734263286403
0.5496223958333339	0.020726021885819967
0.649622395833334	0.03775921616896252
0.7496223958333337	0.0634278333055061
0.8496223958333333	0.09633099374053151
0.949622395833333	0.1375636312429039
1.0496223958333326	0.1902483667670702
1.1496223958333323	0.2546288740925185
1.249622395833332	0.32784631051291113
1.3496223958333315	0.4122527263544118
1.4496223958333312	0.5104030878107575
1.5496223958333308	0.6238616523300519
1.6496223958333305	0.74998723802882
1.7496223958333301	0.8876533938094524
1.8496223958333298	1.0409763339701876
1.9496223958333294	1.2078888744547147
2.049622395833329	1.3899069853811825
2.1496223958333287	1.5836867141000177
2.2496223958333283	1.7946934710048406
2.349622395833328	2.0155581805496827
2.4496223958333276	2.244686300480751
2.5496223958333273	2.481471547121464
2.649622395833327	2.723491954832094
2.7496223958333266	2.969740299915531
2.849622395833326	3.2200923440939753
2.949622395833326	3.473518102879649
2.9563310546874995	3.483412484517955
1000002.9563310547	3.483412484517955
