-100003.35666894531	0
0.09418359374999952	0
0.09751692708333293	0
0.10251692708333282	0
0.11001692708333266	0
0.12126692708333264	0
0.13814192708333284	0
0.1634544270833329	0
0.20142317708333302	0
0.2583763020833332	0.0000000000000000000000000000000007703719777548943
0.3438059895833332	0.0000000000000000000000000000000002407412430484045
0.4438059895833333	0.0000000000000000000000000000000015407439555097887
0.5438059895833334	0.000000000000000000000000000000022148194360453212
0.643805989583333	0.0000000000000000000000000000000003851859888774472
0.7438059895833327	0.000000000000000000000000000000020637543060324471
0.8438059895833323	0.00000000000000000000000000000005033899392142138
0.943805989583332	0.00000000000000000000000000000018450408867229722
1.0438059895833316	0.00000000000000000000000000000005007417855406813
1.1438059895833312	0.00000000000000000000000000000028657837572482065
1.2438059895833309	0.00000000000000000000000000000026192647243666408
1.3438059895833305	0.000000000000000000000000000000109392820841195
1.4438059895833302	0.0000000000000000000000000000001887411345499491
1.5438059895833298	0.000000000000000000000000000001742581413681571
1.6438059895833295	0.0000000000000000000000000000002565338685923798
1.743805989583329	0.000000000000000000000000000000349748877900722
1.8438059895833288	0.0000000000000000000000000000004529787229198779
1.9438059895833284	0.000000000000000000000000000000021570415377137042
2.043805989583328	0.0000000000000000000000000000004113786361211136
2.1438059895833277	0.0000000000000000000000000000007025792437124636
2.2438059895833273	0.000000000000000000000000000001713307278526885
2.343805989583327	0.0000000000000000000000000000013312027775604574
2.4438059895833266	0.0000000000000000000000000000154567433616742
2.5438059895833263	0.00000000000000000000000000001013193225143237
2.643805989583326	0.0000000000000000000000000000006532754371361504
2.7438059895833256	0.000000000000000000000000000017687740609252374
2.843805989583325	0.000000000000000000000000000004763980310436266
2.943805989583325	0.0000000000000000000000000000010515577496354308
2.9563310546874995	0.00000000000000000000000000000167632942359465
1000002.9563310547	0.00000000000000000000000000000167632942359465
