-179769313486231570000000000000000000000000000000000000000000000000000000000000000000000000000000000000000000000000000000000000000000000000000000000000000000000000000000000000000000000000000000000000000000000000000000000000000000000000000000000000000000000000000000000000000000000000000000000000000000000000000	0
6.536208709222081	0
6.539542042555414	0.0000007153527388154914
6.544542042555414	0.000007002938825567653
6.5520420425554144	0.00003200936789194911
6.563292042555415	0.00010645794214006582
6.580167042555415	0.0003085252165385195
6.605479542555415	0.0008304932666839749
6.643448292555415	0.002158212296994705
6.7004014175554145	0.005529750669650877
6.785831105055415	0.014135914486909462
6.885831105055415	0.03202707379890655
6.985831105055414	0.06086319529957736
7.085831105055414	0.10111807939373678
7.185831105055414	0.15382915243320175
7.285831105055413	0.2199236531006372
7.385831105055413	0.3002523706437574
7.4858311050554125	0.39558167893853863
7.585831105055412	0.5066050239326
7.685831105055412	0.6339674936706357
7.785831105055411	0.7782559750478456
7.885831105055411	0.9399845501750942
7.985831105055411	1.1196390723170555
8.08583110505541	1.3176833579181724
8.18583110505541	1.5345435959710176
8.28583110505541	1.7706302649697223
8.38583110505541	2.0263205868367975
8.485831105055409	2.301941868556978
8.585831105055409	2.5977977376215104
8.685831105055408	2.9141716551439147
8.785831105055408	3.251327311815077
8.885831105055408	3.6095111113869245
8.985831105055407	3.9889484438284466
9.085831105055407	4.389855111362725
9.185831105055406	4.812421327553966
9.285831105055406	5.256804402347042
9.385831105055406	5.723172905899931
9.485831105055405	6.211687646759759
9.585831105055405	6.722455498341695
9.685831105055405	7.25566106534236
9.785831105055404	7.811498810662396
9.885831105055404	8.389982815212322
9.985831105055404	8.991102015515725
10.085831105055403	9.614937370350358
10.185831105055403	10.261567156286958
10.285831105055403	10.931038019742644
10.385831105055402	11.623425174120547
10.485831105055402	12.338825876867874
10.585831105055401	13.077320170202379
10.685831105055401	13.838994143191771
10.7858311050554	14.62395804117146
10.8858311050554	15.432320243548444
10.9858311050554	16.264184130479833
11.0858311050554	17.11966782612073
11.1858311050554	17.998874856242033
11.285831105055399	18.9019228517635
11.385831105055399	19.828949933098148
11.485831105055398	20.78002623912014
11.585831105055398	21.75527496817458
11.685831105055398	22.75486017665055
11.785831105055397	23.778884052905838
11.885831105055397	24.827467928759187
11.985831105055397	25.900724890750517
12.085831105055396	26.998733612131883
12.185831105055396	28.121593867409576
12.285831105055395	29.269311638440627
12.385831105055395	30.441764149096784
12.485831105055395	31.6387096847104
12.585831105055394	32.859674976152455
12.685831105055394	34.103858292885484
12.7799599609375	35.257483272832765
179769313486231570000000000000000000000000000000000000000000000000000000000000000000000000000000000000000000000000000000000000000000000000000000000000000000000000000000000000000000000000000000000000000000000000000000000000000000000000000000000000000000000000000000000000000000000000000000000000000000000000000	35.78333720437436
