-179769313486231570000000000000000000000000000000000000000000000000000000000000000000000000000000000000000000000000000000000000000000000000000000000000000000000000000000000000000000000000000000000000000000000000000000000000000000000000000000000000000000000000000000000000000000000000000000000000000000000000000	0
6.407326399177892	0
6.410659732511225	0.0000005750181613160573
6.415659732511225	0.0000068194421104246015
6.423159732511225	0.00004074676312305538
6.4344097325112255	0.00018439096644549916
6.451284732511225	0.0007293115847314233
6.476597232511225	0.0026893339780470395
6.514565982511225	0.00949248603889584
6.571519107511225	0.032132318080513304
6.656948795011225	0.09713673800638108
6.756948795011224	0.22928248454272293
6.856948795011224	0.4260337359999782
6.956948795011224	0.6760210111881919
7.056948795011223	0.9751877074310179
7.156948795011223	1.3201446799251237
7.256948795011223	1.7082001979635684
7.356948795011222	2.137129734340376
7.456948795011222	2.6049641115869706
7.5569487950112215	3.110094171484694
7.656948795011221	3.6509760266863105
7.756948795011221	4.226279214884496
7.8569487950112205	4.834712918360876
7.95694879501122	5.474952562724313
8.05694879501122	6.1459432971786265
8.15694879501122	6.846625165686533
8.256948795011219	7.575995274222668
8.356948795011219	8.333069245351696
8.456948795011218	9.116948849072593
8.556948795011218	9.926792610131782
8.656948795011218	10.761771686073434
8.756948795011217	11.621103952083093
8.856948795011217	12.504050697545619
8.956948795011217	13.409910021281265
9.056948795011216	14.337981032622999
9.156948795011216	15.28760875075678
9.256948795011215	16.25815057627571
9.356948795011215	17.248991624283555
9.456948795011215	18.259542565854463
9.556948795011214	19.289238236350876
9.656948795011214	20.337543178901065
9.756948795011214	21.403945754106257
9.856948795011213	22.487763838903255
9.956948795011213	23.588449122591843
10.056948795011213	24.705548083897785
10.156948795011212	25.838432967397104
10.256948795011212	26.986603019845557
10.356948795011212	28.149650159845507
10.456948795011211	29.32711289109176
10.55694879501121	30.518551026272664
10.65694879501121	31.72356496287948
10.75694879501121	32.94179202046075
10.85694879501121	34.17288598674687
10.95694879501121	35.41651221592657
11.056948795011209	36.672351453148835
11.156948795011209	37.94007631259257
11.256948795011208	39.21940479769498
11.356948795011208	40.51008849383158
11.456948795011208	41.81184403751413
11.556948795011207	43.124412010885365
11.656948795011207	44.44753031968577
11.756948795011207	45.780869669376116
11.856948795011206	47.124090546703016
11.956948795011206	48.476825254911795
12.056948795011206	49.83863760350369
12.156948795011205	51.20905780579243
12.256948795011205	52.5875066187664
12.356948795011204	53.97324654032487
12.456948795011204	55.36537019497081
12.556948795011204	56.762775596189066
12.656948795011203	58.16416628334006
12.756948795011203	59.56715684695907
12.772317873405175	60.31731465356404
179769313486231570000000000000000000000000000000000000000000000000000000000000000000000000000000000000000000000000000000000000000000000000000000000000000000000000000000000000000000000000000000000000000000000000000000000000000000000000000000000000000000000000000000000000000000000000000000000000000000000000000	60.36599776099485
