-100000	0
1.4111878815816326	0
1.414521214914966	0.00000003307828459468062
1.4195212149149659	0.0000005033745409607718
1.427021214914966	0.00000338995416878218
1.438271214914966	0.000016405918521175707
1.4551462149149659	0.0000667604959015778
1.480458714914966	0.00024361999636744839
1.518427464914966	0.0008215007896429697
1.575380589914966	0.002591123963387881
1.660810277414966	0.007646482742011693
1.760810277414966	0.017400918522778776
1.8608102774149662	0.03088808543640645
1.9608102774149663	0.04715254180463888
2.060810277414966	0.06483856625275912
2.1608102774149662	0.08233564217162873
2.2608102774149663	0.09839564672327042
2.3608102774149664	0.11227277688840183
2.4608102774149665	0.12395741139334009
2.5608102774149666	0.13371219604607634
2.6608102774149667	0.1407722891801581
2.7608102774149668	0.14503164541621444
2.860810277414967	0.14700383316180368
2.960810277414967	0.14753939683396705
3.060810277414967	0.1475629288742986
3.160810277414967	0.1475629288742986
3.260810277414967	0.1475629288742986
3.3608102774149673	0.1475629288742986
3.4608102774149674	0.1475629288742986
3.5608102774149675	0.1475629288742986
3.6608102774149676	0.1475629288742986
3.7608102774149677	0.1475629288742986
3.8608102774149677	0.1475629288742986
3.960810277414968	0.1475629288742986
4.0608102774149675	0.1475629288742986
4.160810277414967	0.1475629288742986
4.260810277414967	0.1475629288742986
4.360810277414966	0.1475629288742986
4.460810277414966	0.1475629288742986
4.560810277414966	0.1475629288742986
4.660810277414965	0.1475629288742986
4.760810277414965	0.1475629288742986
4.860810277414965	0.1475629288742986
4.960810277414964	0.1475629288742986
5.060810277414964	0.1475629288742986
5.160810277414964	0.1475629288742986
5.260810277414963	0.1475695641035948
5.360810277414963	0.151813895567869
5.4608102774149625	0.18258280809615196
5.560810277414962	0.26299946181742406
5.660810277414962	0.39669616970737975
5.760810277414961	0.5774647778898913
5.860810277414961	0.7998986484353543
5.960810277414961	1.05986333965061
6.06081027741496	1.3540597657654052
6.16081027741496	1.6797675710408126
6.26081027741496	2.0346860592170777
6.360810277414959	2.4168308956620863
6.460810277414959	2.8244649616674815
6.560810277414959	3.2560474585190664
6.660810277414958	3.7101973906079193
6.760810277414958	4.185661466904514
6.8608102774149575	4.681305854845802
6.960810277414957	5.196084564195324
7.060810277414957	5.7290479525482505
7.1608102774149565	6.2792845676713815
7.260810277414956	6.845976815224163
7.360810277414956	7.428355098991387
7.460810277414955	8.02569535152696
7.560810277414955	8.637316901785368
7.660810277414955	9.262579076807883
7.760810277414954	9.90087684876791
7.860810277414954	10.55163802004746
7.960810277414954	11.214319610987797
8.060810277414953	11.888407405510037
8.160810277414953	12.573411338722616
8.260810277414953	13.268864880957766
8.360810277414952	13.97432382244443
8.460810277414952	14.689364176482702
8.560810277414951	15.413580939145984
8.660810277414951	16.146586859231963
8.76081027741495	16.888011357222457
8.86081027741495	17.63749977096034
8.96081027741495	18.39471252826192
9.06081027741495	19.159324215837717
9.16081027741495	19.93102312800944
9.260810277414949	20.709510294794253
9.360810277414949	21.494499100046646
9.460810277414948	22.28571474849346
9.560810277414948	23.082893720641994
9.660810277414948	23.88577948969499
9.760810277414947	24.69374792788013
9.860810277414947	25.506403883518537
9.960810277414947	26.32363523279771
10.060810277414946	27.145332108783755
10.160810277414946	27.97138305857457
10.260810277414945	28.8016795219343
10.360810277414945	29.63611091246145
10.460810277414945	30.474569245962858
10.560810277414944	31.316944195083348
10.660810277414944	32.16312675913649
10.760810277414944	33.01300693348768
10.860810277414943	33.86647274422853
10.960810277414943	34.72341313017598
11.060810277414943	35.583713130221966
11.160810277414942	36.44725701313139
11.260810277414942	37.31392716141419
11.360810277414942	38.18360187259506
11.460810277414941	39.05615618387366
11.56081027741494	39.93146186858542
11.66081027741494	40.809385613951434
11.76081027741494	41.689787994703984
11.86081027741494	42.57252340474823
11.96081027741494	43.457439044649675
12.060810277414939	44.34437308399376
12.160810277414939	45.23315353940048
12.260810277414938	46.123596562006
12.360810277414938	47.015504317739165
12.460810277414938	47.9085821913337
12.560810277414937	48.80201695454522
12.660810277414937	49.69565600361665
12.705603530764451	50.06188480949874
1000012.7056035307	50.06188480949874
