-179769313486231570000000000000000000000000000000000000000000000000000000000000000000000000000000000000000000000000000000000000000000000000000000000000000000000000000000000000000000000000000000000000000000000000000000000000000000000000000000000000000000000000000000000000000000000000000000000000000000000000000	0
-0.0000000000000006987423320652869	0
0.003333333333332635	0.03293899489130905
0.008333333333332634	0.11595233653975841
0.015833333333332634	0.24196347461965434
0.027083333333332633	0.4331168896901326
0.043958333333332635	0.7233198093585949
0.06927083333333264	1.1644257445759083
0.10723958333333264	1.835779767182662
0.16419270833333266	2.8593636281653163
0.24962239583333268	4.422206730335886
0.34962239583333266	6.490982683111751
0.44962239583333263	8.754212815694455
0.5496223958333326	11.042962695786196
0.6496223958333326	13.350676932758903
0.7496223958333326	15.672503341102349
0.8496223958333325	18.00463497610029
0.9496223958333325	20.343980355911572
1.0496223958333326	22.687953374023124
1.1496223958333327	25.034348696649214
1.2496223958333328	27.381538993134658
1.3496223958333329	29.72881899313469
1.449622395833333	32.07609899313472
1.549622395833333	34.42337899313475
1.6496223958333331	36.770658993134774
1.7496223958333332	39.1179389931348
1.8496223958333333	41.465218993134826
1.9496223958333334	43.81249899313485
2.0496223958333335	46.15977899313488
2.1496223958333336	48.507058993134905
2.2496223958333337	50.85433899313493
2.3496223958333338	53.20161899313496
2.449622395833334	55.54889899313498
2.549622395833334	57.89617899313501
2.649622395833334	60.243458993135036
2.749622395833334	62.59073899313506
2.849622395833334	64.93801899313509
2.9496223958333343	67.28529899313513
3.0496223958333344	69.63257899313517
3.1496223958333345	71.97985899313521
3.2496223958333346	74.32713899313525
3.3496223958333347	76.67441899313529
3.4496223958333347	79.02169899313533
3.549622395833335	81.36897899313537
3.649622395833335	83.71625899313541
3.749622395833335	86.06353899313545
3.849622395833335	88.41081899313549
3.949622395833335	90.75809899313553
4.049622395833335	93.10537899313557
4.149622395833335	95.4526589931356
4.249622395833335	97.79993899313561
4.349622395833334	100.14721899313562
4.449622395833334	102.49449899313564
4.5496223958333335	104.84177899313565
4.649622395833333	107.18905899313566
4.749622395833333	109.53633899313567
4.849622395833332	111.88361899313568
4.949622395833332	114.2308989931357
5.049622395833332	116.57817899313571
5.149622395833331	118.92545899313572
5.249622395833331	121.27273899313573
5.349622395833331	123.62001899313574
5.44962239583333	125.96729899313576
5.54962239583333	128.31457899313577
5.64962239583333	130.66185899313578
5.749622395833329	133.0091389931358
5.849622395833329	135.3564189931358
5.9496223958333285	137.70369899313582
6.049622395833328	140.05097899313583
6.149622395833328	142.39825899313584
6.2496223958333275	144.74553899313585
6.349622395833327	147.09281899313586
6.449622395833327	149.44009899313588
6.549622395833326	151.7873789931359
6.649622395833326	154.1346589931359
6.749622395833326	156.4819389931359
6.849622395833325	158.82921899313592
6.949622395833325	161.17649899313594
7.049622395833325	163.52377899313595
7.149622395833324	165.87105899313596
7.249622395833324	168.21833899313597
7.3496223958333236	170.56561899313598
7.449622395833323	172.912898993136
7.549622395833323	175.260178993136
7.6496223958333225	177.60745899313602
7.749622395833322	179.95473899313603
7.849622395833322	182.30201899313604
7.949622395833321	184.64929899313606
8.049622395833321	186.99657899313607
8.14962239583332	189.34385899313608
8.24962239583332	191.6911389931361
8.34962239583332	194.0384189931361
8.44962239583332	196.38569899313612
8.54962239583332	198.73297899313613
8.649622395833319	201.08025899313614
8.749622395833319	203.42753899313615
8.849622395833318	205.77481899313617
8.949622395833318	208.12209899313618
9.049622395833318	210.4693789931362
9.149622395833317	212.8166589931362
9.249622395833317	215.1639389931362
9.349622395833316	217.51121899313623
9.449622395833316	219.85849899313624
9.549622395833316	222.20577899313625
9.649622395833315	224.55305899313626
9.749622395833315	226.90033899313627
9.849622395833315	229.24761899313629
9.949622395833314	231.5948989931363
10.049622395833314	233.9421789931363
10.149622395833314	236.28945899313632
10.249622395833313	238.63673899313633
10.349622395833313	240.98401899313635
10.449622395833313	243.33129899313636
10.549622395833312	245.67857899313637
10.649622395833312	248.02585899313638
10.749622395833311	250.3731389931364
10.849622395833311	252.7204189931364
10.94962239583331	255.06769899313642
11.04962239583331	257.41497899313646
11.14962239583331	259.7622589931365
11.24962239583331	261.94099986917826
11.34962239583331	263.92290074522
11.449622395833309	265.87650074522
11.549622395833309	267.8301007452201
11.649622395833308	269.78370074522013
11.749622395833308	271.7373007452202
11.849622395833308	273.69090074522023
11.949622395833307	275.6445007452203
12.049622395833307	277.627588974387
12.149622395833306	279.64027720355364
12.249622395833306	281.6530772035536
12.349622395833306	283.6658772035536
12.449622395833305	285.67867720355355
12.549622395833305	287.6914772035535
12.649622395833305	288.80231741188715
12.749622395833304	288.9067576202208
12.849622395833304	288.9067576202208
12.949622395833304	288.9067576202208
13.049622395833303	288.9067576202208
13.149622395833303	288.9067576202208
13.249622395833303	288.9067576202208
13.349622395833302	288.9067576202208
13.449622395833302	288.9067576202208
13.549622395833302	288.9067576202208
13.649622395833301	288.9067576202208
13.7496223958333	288.9067576202208
13.8496223958333	288.9067576202208
13.9496223958333	288.9067576202208
14.0496223958333	288.9067576202208
14.1496223958333	288.9067576202208
14.249622395833299	288.9067576202208
14.349622395833299	288.9067576202208
14.449622395833298	288.9067576202208
14.549622395833298	288.9067576202208
14.649622395833298	288.9067576202208
14.749622395833297	288.9067576202208
14.849622395833297	288.9067576202208
14.949622395833297	288.9067576202208
15.049622395833296	288.9067576202208
15.149622395833296	288.9067576202208
15.249622395833295	288.9067576202208
15.349622395833295	288.9067576202208
15.449622395833295	288.9067576202208
15.549622395833294	288.9067576202208
15.649622395833294	288.9067576202208
15.749622395833294	288.9067576202208
15.849622395833293	288.9067576202208
15.949622395833293	288.9067576202208
16.049622395833293	288.9067576202208
16.149622395833294	288.9067576202208
16.249622395833295	288.9067576202208
16.349622395833297	288.9067576202208
16.4496223958333	288.9067576202208
16.5496223958333	288.9067576202208
16.6496223958333	288.9067576202208
16.749622395833303	288.9067576202208
16.849622395833304	288.9067576202208
16.949622395833305	288.9067576202208
17.049622395833307	288.9067576202208
17.14962239583331	288.9067576202208
17.24962239583331	288.9067576202208
17.34962239583331	288.9067576202208
17.449622395833313	288.9067576202208
17.549622395833314	288.9067576202208
17.649622395833315	288.9067576202208
17.749622395833317	288.9067576202208
17.849622395833318	288.9067576202208
17.94962239583332	288.9067576202208
18.04962239583332	288.9067576202208
18.149622395833322	288.9067576202208
18.249622395833324	288.9067576202208
18.349622395833325	288.9067576202208
18.449622395833327	288.9067576202208
18.549622395833328	288.9067576202208
18.64962239583333	288.9067576202208
18.74962239583333	288.9067576202208
18.849622395833332	288.9067576202208
18.949622395833334	288.9067576202208
19.049622395833335	288.9067576202208
19.149622395833337	288.9067576202208
19.249622395833338	288.9067576202208
19.34962239583334	288.9067576202208
19.44962239583334	288.9067576202208
19.549622395833342	288.9067576202208
19.649622395833344	288.9067576202208
19.749622395833345	288.9067576202208
19.849622395833347	288.9067576202208
19.949622395833348	288.9067576202208
20.04962239583335	288.9067576202208
20.14962239583335	288.9067576202208
20.249622395833352	288.9067576202208
20.349622395833354	288.9067576202208
20.449622395833355	288.9067576202208
20.549622395833357	288.9067576202208
20.649622395833358	288.9067576202208
20.74962239583336	288.9067576202208
20.84962239583336	288.9067576202208
20.949622395833362	288.9067576202208
21.049622395833364	288.9067576202208
21.149622395833365	288.9067576202208
21.249622395833367	288.9067576202208
21.349622395833368	288.9067576202208
21.44962239583337	288.9067576202208
21.54962239583337	288.9067576202208
21.649622395833372	288.9067576202208
21.749622395833374	288.9067576202208
21.849622395833375	288.9067576202208
21.949622395833376	288.9067576202208
22.049622395833378	288.9067576202208
22.14962239583338	288.9067576202208
22.24962239583338	288.9067576202208
22.349622395833382	288.9067576202208
22.449622395833384	288.9067576202208
22.549622395833385	288.9067576202208
22.649622395833386	288.9067576202208
22.749622395833388	288.9067576202208
22.84962239583339	288.9067576202208
22.94962239583339	288.9067576202208
23.049622395833392	288.9067576202208
23.149622395833394	288.9067576202208
23.249622395833395	288.9067576202208
23.349622395833396	288.9067576202208
23.449622395833398	288.9067576202208
23.5496223958334	288.9067576202208
23.6496223958334	288.9067576202208
23.749622395833402	288.9067576202208
23.849622395833403	288.9067576202208
23.949622395833405	288.9067576202208
24.049622395833406	288.9067576202208
24.149622395833408	288.9067576202208
24.24962239583341	288.9067576202208
24.34962239583341	288.9067576202208
24.449622395833412	288.9067576202208
24.549622395833413	288.9693204279594
24.649622395833415	289.130303235698
24.749622395833416	289.327143235698
24.849622395833418	289.5239832356979
24.94962239583342	289.7208232356979
25.04962239583342	289.91766323569783
25.149622395833422	290.1145032356978
25.208220472440946	290.2694485209626
179769313486231570000000000000000000000000000000000000000000000000000000000000000000000000000000000000000000000000000000000000000000000000000000000000000000000000000000000000000000000000000000000000000000000000000000000000000000000000000000000000000000000000000000000000000000000000000000000000000000000000000	290.32597380622747
