-100000	0
-0.002999218463898501	0
0.00033411486943483266	0.03306456422464544
0.005334114869434832	0.08328601244283951
0.012834114869434832	0.15943620485117024
0.024084114869434833	0.27495447868376977
0.040959114869434834	0.45037891925226475
0.06627161486943484	0.7171469946529713
0.10424036486943483	1.12345657635374
0.16119348986943483	1.7432664287970294
0.24662317736943484	2.689988753153373
0.3466231773694348	3.816923490874323
0.4466231773694348	4.958546143159815
0.5466231773694348	6.11101404144731
0.6466231773694348	7.27155706356361
0.7466231773694347	8.438044351399448
0.8466231773694347	9.608762710901006
0.9466231773694347	10.782289932273395
1.0466231773694348	11.95741763429534
1.1466231773694349	13.133111966608354
1.246623177369435	14.308841571101611
1.346623177369435	15.484577010722012
1.4466231773694351	16.66031856613059
1.5466231773694352	17.836065166482168
1.6466231773694353	19.01181751127514
1.7466231773694354	20.187575828303544
1.8466231773694355	21.363339260696534
1.9466231773694356	22.539108217485687
2.0466231773694354	23.714882698250502
2.1466231773694355	24.890662702570683
2.2466231773694356	26.066447984980634
2.3466231773694357	27.242238519196952
2.446623177369436	28.418034559504388
2.546623177369436	29.59383444287799
2.646623177369436	30.76963883039783
2.746623177369436	31.945447721971732
2.846623177369436	33.12126111750902
2.9466231773694362	34.29707901691766
3.0466231773694363	35.47290142010586
3.1466231773694364	36.64872832698204
3.2466231773694365	37.82455973745492
3.3466231773694366	39.00039565143248
3.4466231773694367	40.1762379557594
3.5466231773694368	41.3520829823514
3.646623177369437	42.52793012383226
3.746623177369437	43.703785567708515
3.846623177369437	44.87964317631501
3.946623177369437	46.055504805401604
4.046623177369437	47.2313704549671
4.146623177369436	48.40724012501115
4.246623177369436	49.58311381553245
4.346623177369436	50.75899152652967
4.446623177369435	51.93487325800224
4.546623177369435	53.11075900994877
4.646623177369435	54.28664878236801
4.746623177369434	55.46254257525958
4.846623177369434	56.638440388621994
4.946623177369434	57.81434367678661
5.046623177369433	58.99024896114197
5.146623177369433	60.166157831703444
5.2466231773694325	61.34207028849041
5.346623177369432	62.5179863315216
5.446623177369432	63.693905960816515
5.5466231773694314	64.86983118974344
5.646623177369431	66.0457574858761
5.746623177369431	67.22168690507249
5.84662317736943	68.39761944734558
5.94662317736943	69.57355511270764
6.04662317736943	70.74949390117077
6.146623177369429	71.92543879264178
6.246623177369429	73.10138310303078
6.346623177369429	74.27732935762918
6.446623177369428	75.45327755662909
6.546623177369428	76.62922770022048
6.6466231773694275	77.8051797885962
6.746623177369427	78.98113958036534
6.846623177369427	80.15709148692868
6.9466231773694265	81.3330489719334
7.046623177369426	82.50900806707888
7.146623177369426	83.6849687724354
7.246623177369425	84.86093108807171
7.346623177369425	86.0368950140592
7.446623177369425	87.212862874343
7.546623177369424	88.38882936421591
7.646623177369424	89.56479681140435
7.746623177369424	90.74076521599989
7.846623177369423	91.91673457809298
7.946623177369423	93.09270620912574
8.046623177369423	94.26867738868457
8.146623177369422	95.44464929431771
8.246623177369422	96.62062192608194
8.346623177369421	97.79659528403356
8.446623177369421	98.97256936822865
8.54662317736942	100.1485434906685
8.64662317736942	101.32452048228116
8.74662317736942	102.50049714508162
8.84662317736942	103.67647392074734
8.94662317736942	104.85245106541419
9.046623177369419	106.02842965220118
9.146623177369419	107.2044089676637
9.246623177369418	108.3803890117605
9.346623177369418	109.55636978445095
9.446623177369418	110.73235128569337
9.546623177369417	111.90833351544693
9.646623177369417	113.08431647367041
9.746623177369417	114.26030016032352
9.846623177369416	115.43628457536428
9.946623177369416	116.61226962430692
10.046623177369415	117.78825530751001
10.146623177369415	118.96424171691633
10.246623177369415	120.14022885260724
10.346623177369414	121.31621671466577
10.446623177369414	122.49220461918594
10.546623177369414	123.66819497190728
10.646623177369413	124.84418470832927
10.746623177369413	126.02017469971716
10.846623177369413	127.19616646946248
10.946623177369412	128.3721589680644
11.046623177369412	129.54815219543028
11.146623177369412	130.72414615146462
11.246623177369411	131.73568515791615
11.34662317736941	132.71309141940583
11.44662317736941	133.69049774348912
11.54662317736941	134.66790598661817
11.64662317736941	135.64531495810638
11.74662317736941	136.6227246578697
11.846623177369409	137.60013508582807
11.946623177369409	138.57754624189786
12.046623177369408	139.58296116363704
12.146623177369408	140.58935791039812
12.246623177369408	141.5957550371616
12.346623177369407	142.6021528916832
12.446623177369407	143.60855147405672
12.546623177369407	144.61495078437656
12.56	144.74958485802992
1000012.56	144.74958485802992
