-179769313486231570000000000000000000000000000000000000000000000000000000000000000000000000000000000000000000000000000000000000000000000000000000000000000000000000000000000000000000000000000000000000000000000000000000000000000000000000000000000000000000000000000000000000000000000000000000000000000000000000000	0
-0.0000000000000007074576420086438	0
0.003333333333332626	0.032938789952268226
0.008333333333332627	0.11595162305572085
0.015833333333332627	0.24196200891022243
0.027083333333332626	0.4331143183560016
0.04395833333333263	0.7233156313088835
0.06927083333333263	1.1644192653736436
0.10723958333333264	1.8357700583258034
0.16419270833333266	2.859349535253381
0.24962239583333268	4.422187007123184
0.34962239583333266	6.490956983532875
0.44962239583333263	8.754182116148604
0.5496223958333326	11.042928313146968
0.6496223958333326	13.350639951025816
0.7496223958333326	15.672464624839044
0.8496223958333325	18.00459520094469
0.9496223958333325	20.34393999968642
1.0496223958333326	22.687912768121848
1.1496223958333327	25.034308026575065
1.2496223958333328	27.381498315915596
1.3496223958333329	29.72877831591558
1.449622395833333	32.07605831591557
1.549622395833333	34.42333831591555
1.6496223958333331	36.770618315915534
1.7496223958333332	39.11789831591552
1.8496223958333333	41.4651783159155
1.9496223958333334	43.812458315915485
2.0496223958333335	46.15973831591547
2.1496223958333336	48.50701831591545
2.2496223958333337	50.854298315915436
2.3496223958333338	53.20157831591542
2.449622395833334	55.5488583159154
2.549622395833334	57.89613831591539
2.649622395833334	60.24341831591537
2.749622395833334	62.590698315915354
2.849622395833334	64.93797831591534
2.9496223958333343	67.28525831591533
3.0496223958333344	69.63253831591531
3.1496223958333345	71.9798183159153
3.2496223958333346	74.32709831591528
3.3496223958333347	76.67437831591526
3.4496223958333347	79.02165831591525
3.549622395833335	81.36893831591523
3.649622395833335	83.71621831591521
3.749622395833335	86.0634983159152
3.849622395833335	88.41077831591518
3.949622395833335	90.75805831591516
4.049622395833335	93.10533831591515
4.149622395833335	95.45261831591513
4.249622395833335	97.79989831591512
4.349622395833334	100.1471783159151
4.449622395833334	102.49445831591508
4.5496223958333335	104.84173831591507
4.649622395833333	107.18901831591505
4.749622395833333	109.53629831591503
4.849622395833332	111.88357831591502
4.949622395833332	114.230858315915
5.049622395833332	116.57813831591498
5.149622395833331	118.92541831591497
5.249622395833331	121.27269831591495
5.349622395833331	123.61997831591493
5.44962239583333	125.96725831591492
5.54962239583333	128.3145383159149
5.64962239583333	130.66181831591484
5.749622395833329	133.0090983159148
5.849622395833329	135.35637831591475
5.9496223958333285	137.7036583159147
6.049622395833328	140.05093831591466
6.149622395833328	142.39821831591462
6.2496223958333275	144.74549831591457
6.349622395833327	147.09277831591453
6.449622395833327	149.44005831591448
6.549622395833326	151.78733831591444
6.649622395833326	154.1346183159144
6.749622395833326	156.48189831591435
6.849622395833325	158.8291783159143
6.949622395833325	161.17645831591426
7.049622395833325	163.52373831591422
7.149622395833324	165.87101831591417
7.249622395833324	168.21829831591413
7.3496223958333236	170.56557831591408
7.449622395833323	172.91285831591404
7.549622395833323	175.260138315914
7.6496223958333225	177.60741831591395
7.749622395833322	179.9546983159139
7.849622395833322	182.30197831591386
7.949622395833321	184.6492583159138
8.049622395833321	186.99653831591377
8.14962239583332	189.34381831591372
8.24962239583332	191.69109831591368
8.34962239583332	194.03837831591363
8.44962239583332	196.3856583159136
8.54962239583332	198.73293831591354
8.649622395833319	201.0802183159135
8.749622395833319	203.42749831591345
8.849622395833318	205.7747783159134
8.949622395833318	208.12205831591336
9.049622395833318	210.46933831591332
9.149622395833317	212.81661831591327
9.249622395833317	215.16389831591323
9.349622395833316	217.51117831591318
9.449622395833316	219.85845831591314
9.549622395833316	222.2057383159131
9.649622395833315	224.55301831591305
9.749622395833315	226.900298315913
9.849622395833315	229.24757831591296
9.949622395833314	231.59485831591292
10.049622395833314	233.94213831591287
10.149622395833314	236.28941831591283
10.249622395833313	238.63669831591278
10.349622395833313	240.98397831591274
10.449622395833313	243.3312583159127
10.549622395833312	245.67853831591265
10.649622395833312	248.0258183159126
10.749622395833311	250.37309831591256
10.849622395833311	252.7203783159125
10.94962239583331	255.06765831591247
11.04962239583331	257.4149383159124
11.14962239583331	259.7622183159124
11.24962239583331	261.94095919195405
11.34962239583331	263.9228600679957
11.449622395833309	265.87646006799565
11.549622395833309	267.8300600679956
11.649622395833308	269.7836600679955
11.749622395833308	271.73726006799546
11.849622395833308	273.6908600679954
11.949622395833307	275.64446006799534
12.049622395833307	277.627548297162
12.149622395833306	279.64023652632864
12.249622395833306	281.6530365263286
12.349622395833306	283.6658365263286
12.449622395833305	285.67863652632855
12.549622395833305	287.6914365263285
12.649622395833305	288.80227673466214
12.749622395833304	288.9067169429958
12.849622395833304	288.9067169429958
12.949622395833304	288.9067169429958
13.049622395833303	288.9067169429958
13.149622395833303	288.9067169429958
13.249622395833303	288.9067169429958
13.349622395833302	288.9067169429958
13.449622395833302	288.9067169429958
13.549622395833302	288.9067169429958
13.649622395833301	288.9067169429958
13.7496223958333	288.9067169429958
13.8496223958333	288.9067169429958
13.9496223958333	288.9067169429958
14.0496223958333	288.9067169429958
14.1496223958333	288.9067169429958
14.249622395833299	288.9067169429958
14.349622395833299	288.9067169429958
14.449622395833298	288.9067169429958
14.549622395833298	288.9067169429958
14.649622395833298	288.9067169429958
14.749622395833297	288.9067169429958
14.849622395833297	288.9067169429958
14.949622395833297	288.9067169429958
15.049622395833296	288.9067169429958
15.149622395833296	288.9067169429958
15.249622395833295	288.9067169429958
15.349622395833295	288.9067169429958
15.449622395833295	288.9067169429958
15.549622395833294	288.9067169429958
15.649622395833294	288.9067169429958
15.749622395833294	288.9067169429958
15.849622395833293	288.9067169429958
15.949622395833293	288.9067169429958
16.049622395833293	288.9067169429958
16.149622395833294	288.9067169429958
16.249622395833295	288.9067169429958
16.349622395833297	288.9067169429958
16.4496223958333	288.9067169429958
16.5496223958333	288.9067169429958
16.6496223958333	288.9067169429958
16.749622395833303	288.9067169429958
16.849622395833304	288.9067169429958
16.949622395833305	288.9067169429958
17.049622395833307	288.9067169429958
17.14962239583331	288.9067169429958
17.24962239583331	288.9067169429958
17.34962239583331	288.9067169429958
17.449622395833313	288.9067169429958
17.549622395833314	288.9067169429958
17.649622395833315	288.9067169429958
17.749622395833317	288.9067169429958
17.849622395833318	288.9067169429958
17.94962239583332	288.9067169429958
18.04962239583332	288.9067169429958
18.149622395833322	288.9067169429958
18.249622395833324	288.9067169429958
18.349622395833325	288.9067169429958
18.449622395833327	288.9067169429958
18.549622395833328	288.9067169429958
18.64962239583333	288.9067169429958
18.74962239583333	288.9067169429958
18.849622395833332	288.9067169429958
18.949622395833334	288.9067169429958
19.049622395833335	288.9067169429958
19.149622395833337	288.9067169429958
19.249622395833338	288.9067169429958
19.34962239583334	288.9067169429958
19.44962239583334	288.9067169429958
19.549622395833342	288.9067169429958
19.649622395833344	288.9067169429958
19.749622395833345	288.9067169429958
19.849622395833347	288.9067169429958
19.949622395833348	288.9067169429958
20.04962239583335	288.9067169429958
20.14962239583335	288.9067169429958
20.249622395833352	288.9067169429958
20.349622395833354	288.9067169429958
20.449622395833355	288.9067169429958
20.549622395833357	288.9067169429958
20.649622395833358	288.9067169429958
20.74962239583336	288.9067169429958
20.84962239583336	288.9067169429958
20.949622395833362	288.9067169429958
21.049622395833364	288.9067169429958
21.149622395833365	288.9067169429958
21.249622395833367	288.9067169429958
21.349622395833368	288.9067169429958
21.44962239583337	288.9067169429958
21.54962239583337	288.9067169429958
21.649622395833372	288.9067169429958
21.749622395833374	288.9067169429958
21.849622395833375	288.9067169429958
21.949622395833376	288.9067169429958
22.049622395833378	288.9067169429958
22.14962239583338	288.9067169429958
22.24962239583338	288.9067169429958
22.349622395833382	288.9067169429958
22.449622395833384	288.9067169429958
22.549622395833385	288.9067169429958
22.649622395833386	288.9067169429958
22.749622395833388	288.9067169429958
22.84962239583339	288.9067169429958
22.94962239583339	288.9067169429958
23.049622395833392	288.9067169429958
23.149622395833394	288.9067169429958
23.249622395833395	288.9067169429958
23.349622395833396	288.9067169429958
23.449622395833398	288.9067169429958
23.5496223958334	288.9067169429958
23.6496223958334	288.9067169429958
23.749622395833402	288.9067169429958
23.849622395833403	288.9067169429958
23.949622395833405	288.9067169429958
24.049622395833406	288.9067169429958
24.149622395833408	288.9067169429958
24.24962239583341	288.9067169429958
24.34962239583341	288.9067169429958
24.449622395833412	288.9254469381111
24.549622395833413	289.04259693322643
24.649622395833415	289.2394369332264
24.749622395833416	289.43627693322634
24.849622395833418	289.6331169332263
24.94962239583342	289.82995693322624
25.04962239583342	290.0267969332262
25.149622395833422	290.22363693322615
25.21288188976378	290.38316998542007
179769313486231570000000000000000000000000000000000000000000000000000000000000000000000000000000000000000000000000000000000000000000000000000000000000000000000000000000000000000000000000000000000000000000000000000000000000000000000000000000000000000000000000000000000000000000000000000000000000000000000000000	290.444283037614
