-179769313486231570000000000000000000000000000000000000000000000000000000000000000000000000000000000000000000000000000000000000000000000000000000000000000000000000000000000000000000000000000000000000000000000000000000000000000000000000000000000000000000000000000000000000000000000000000000000000000000000000000	0
5.868650770726681	0
5.871984104060014	0.00008153488989806817
5.875317437393347	0.00023549360847799935
5.880317437393347	0.0005972153998579402
5.887817437393347	0.0014340614423253026
5.899067437393348	0.0033514230556702424
5.915942437393348	0.0077178204499552365
5.941254937393348	0.017623008469288
5.979223687393348	0.039624963239135454
6.0361768123933475	0.08804017553972404
6.121606499893348	0.19287575316740013
6.221606499893348	0.36029685227920505
6.321606499893347	0.5714018132489034
6.421606499893347	0.822386091238416
6.5216064998933465	1.1100465895919576
6.621606499893346	1.4319110303558151
6.721606499893346	1.7859542718885673
6.821606499893345	2.170141969642123
6.921606499893345	2.582730403421258
7.021606499893345	3.0221980154914663
7.121606499893344	3.487096720228458
7.221606499893344	3.9761920713517767
7.321606499893344	4.488325027597954
7.421606499893343	5.022464872148362
7.521606499893343	5.5775579530384025
7.621606499893343	6.152610502981524
7.721606499893342	6.746742064694627
7.821606499893342	7.3591334735635545
7.9216064998933415	7.988901088027029
8.021606499893341	8.63548343122676
8.12160649989334	9.297958889113778
8.22160649989334	9.975859311156766
8.32160649989334	10.668345082018181
8.42160649989334	11.37504957308758
8.52160649989334	12.095268032043933
8.621606499893339	12.828363368238385
8.721606499893339	13.573808079158342
8.821606499893338	14.33123234967563
8.921606499893338	15.10019055670914
9.021606499893338	15.880157990613634
9.121606499893337	16.670907839122563
9.221606499893337	17.47187800044851
9.321606499893337	18.282945163347623
9.421606499893336	19.103593178024692
9.521606499893336	19.933792657705762
9.621606499893335	20.773177745746075
9.721606499893335	21.62150169816539
9.821606499893335	22.478533081994954
9.921606499893334	23.34403794302783
10.021606499893334	24.217773094244023
10.121606499893334	25.09958487620243
10.221606499893333	25.989192206190523
10.321606499893333	26.88637110347971
10.421606499893333	27.790908521210977
10.521606499893332	28.70257904075796
10.621606499893332	29.621198716798382
10.721606499893332	30.54651834081745
10.821606499893331	31.47828207983202
10.92160649989333	32.41630263577695
11.02160649989333	33.36031907406789
11.12160649989333	34.310077798706516
11.22160649989333	35.265377314303365
11.32160649989333	36.225924213328014
11.421606499893329	37.19147391383139
11.521606499893329	38.16178450286507
11.621606499893328	39.136538737794545
11.721606499893328	40.11550562576607
11.821606499893328	41.09838909762827
11.921606499893327	42.08485894145779
12.021606499893327	43.0747011592645
12.121606499893327	44.06755855356098
12.221606499893326	45.063110880029875
12.321606499893326	46.061036253779406
12.421606499893326	47.06101621810902
12.521606499893325	48.06271176825075
12.621606499893325	49.06577874375053
12.721606499893324	50.0698385696515
12.821606499893324	50.472730067242644
12.921606499893324	50.805730067188165
13.021606499893323	51.138730067133686
13.121606499893323	51.47173006707921
13.221606499893323	51.80473006702473
13.321606499893322	52.13773006697025
13.421606499893322	52.47073006691577
13.521606499893322	52.80373006686129
13.621606499893321	53.13673006680681
13.721606499893321	53.469730066752334
13.82160649989332	53.802730066697855
13.92160649989332	54.135730066643376
14.02160649989332	54.4687300665889
14.12160649989332	54.80173006653442
14.22160649989332	55.13473006647994
14.321606499893319	55.46773006642546
14.421606499893318	55.80073006637098
14.521606499893318	56.1337300663165
14.621606499893318	56.46673006626202
14.721606499893317	56.799730066207545
14.821606499893317	57.132730066153066
14.921606499893317	57.46573006609859
15.021606499893316	57.79873006604411
15.121606499893316	58.13173006598963
15.221606499893316	58.46473006593515
15.321606499893315	58.79773006588067
15.421606499893315	59.13073006582619
15.521606499893315	59.46373006577171
15.621606499893314	59.796730065717234
15.721606499893314	60.129730065662756
15.821606499893313	60.46273006560828
15.921606499893313	60.7957300655538
16.021606499893313	61.12873006549932
16.121606499893314	61.46173006544484
16.221606499893316	61.79473006539036
16.321606499893317	62.12773006533588
16.42160649989332	62.4607300652814
16.52160649989332	62.793730065226924
16.62160649989332	63.126730065172445
16.721606499893323	63.45973006511797
16.821606499893324	63.79273006506349
16.921606499893326	64.12573006500901
17.021606499893327	64.45873006495454
17.12160649989333	64.79173006490007
17.22160649989333	65.1247300648456
17.32160649989333	65.45773006479112
17.421606499893333	65.79073006473665
17.521606499893334	66.12373006468218
17.621606499893335	66.4567300646277
17.721606499893337	66.78973006457323
17.82160649989334	67.12273006451876
17.92160649989334	67.45573006446429
18.02160649989334	67.78873006440982
18.121606499893343	68.12173006435535
18.221606499893344	68.45473006430088
18.321606499893345	68.7877300642464
18.421606499893347	69.12073006419193
18.52160649989335	69.45373006413746
18.62160649989335	69.78673006408299
18.72160649989335	70.11973006402852
18.821606499893353	70.45273006397404
18.921606499893354	70.78573006391957
19.021606499893355	71.1187300638651
19.121606499893357	71.45173006381063
19.22160649989336	71.78473006375616
19.32160649989336	72.11773006370169
19.42160649989336	72.45073006364721
19.521606499893362	72.78373006359274
19.621606499893364	73.11673006353827
19.721606499893365	73.4497300634838
19.821606499893367	73.78273006342933
19.921606499893368	74.11573006337485
20.02160649989337	74.44873006332038
20.12160649989337	74.78173006326591
20.221606499893372	75.11473006321144
20.321606499893374	75.44773006315697
20.421606499893375	75.7807300631025
20.521606499893377	76.11373006304802
20.621606499893378	76.44673006299355
20.72160649989338	76.77973006293908
20.82160649989338	77.11273006288461
20.921606499893382	77.44573006283014
21.021606499893384	77.77873006277567
21.121606499893385	78.1117300627212
21.221606499893387	78.44473006266672
21.321606499893388	78.77773006261225
21.42160649989339	79.11073006255778
21.52160649989339	79.4437300625033
21.621606499893392	79.77673006244883
21.721606499893394	80.10973006239436
21.821606499893395	80.44273006233989
21.921606499893397	80.77573006228542
22.021606499893398	81.10873006223095
22.1216064998934	81.44173006217648
22.2216064998934	81.774730062122
22.321606499893402	82.10773006206753
22.421606499893404	82.44073006201306
22.521606499893405	82.77373006195859
22.621606499893407	83.10673006190412
22.721606499893408	83.43973006184964
22.82160649989341	83.77273006179517
22.92160649989341	84.1057300617407
23.021606499893412	84.43873006168623
23.121606499893414	84.77173006163176
23.221606499893415	85.10473006157729
23.321606499893416	85.43773006152281
23.421606499893418	85.77073006146834
23.45	85.95983077214724
179769313486231570000000000000000000000000000000000000000000000000000000000000000000000000000000000000000000000000000000000000000000000000000000000000000000000000000000000000000000000000000000000000000000000000000000000000000000000000000000000000000000000000000000000000000000000000000000000000000000000000000	85.95983077214724
