-179769313486231570000000000000000000000000000000000000000000000000000000000000000000000000000000000000000000000000000000000000000000000000000000000000000000000000000000000000000000000000000000000000000000000000000000000000000000000000000000000000000000000000000000000000000000000000000000000000000000000000000	0
5.868650465615797	0
5.87198379894913	0.00008153479698260943
5.875317132282463	0.00023549351573779582
5.880317132282463	0.0005972153073755403
5.887817132282463	0.001434061350218369
5.899067132282464	0.0033514229641014182
5.9159421322824635	0.007717820433428886
5.9412546322824635	0.01762300951821624
5.979223382282464	0.039624966991295
6.036176507282463	0.08804018442456596
6.121606194782464	0.19287577381361498
6.2216061947824635	0.3602968930952849
6.321606194782463	0.5714018796409276
6.421606194782463	0.8223861883429113
6.521606194782462	1.1100467206225966
6.621606194782462	1.431911199277256
6.721606194782462	1.7859544824093796
6.821606194782461	2.1701422233467262
6.921606194782461	2.5827307025699926
7.021606194782461	3.0221983630720417
7.12160619478246	3.4870971176699017
7.22160619478246	3.9761925207377513
7.3216061947824596	4.488325530852146
7.421606194782459	5.0224654308167525
7.521606194782459	5.577558568687103
7.6216061947824585	6.1526111772458645
7.721606194782458	6.7467427979286905
7.821606194782458	7.359134266381752
7.921606194782457	7.988901942219593
8.021606194782457	8.635484347025127
8.121606194782457	9.2979598676112
8.221606194782456	9.975860352909208
8.321606194782456	10.668346187625486
8.421606194782456	11.375050742828174
8.521606194782455	12.095269266656949
8.621606194782455	12.82836466871751
8.721606194782455	13.573809444264741
8.821606194782454	14.331233781213093
8.921606194782454	15.10019205372742
9.021606194782454	15.880159554210142
9.121606194782453	16.67090946895318
9.221606194782453	17.47187969671335
9.321606194782452	18.28294692623563
9.421606194782452	19.103595007077868
9.521606194782452	19.933794552959597
9.621606194782451	20.77317970683032
9.721606194782451	21.621503724938243
9.82160619478245	22.47853517498691
9.92160619478245	23.3440401008685
10.02160619478245	24.21777531728663
10.12160619478245	25.09958716369947
10.22160619478245	25.989194558026067
10.321606194782449	26.88637351975119
10.421606194782449	27.790911001759646
10.521606194782448	28.702581585990682
10.621606194782448	29.621201326957966
10.721606194782447	30.54652101572379
10.821606194782447	31.47828481916968
10.921606194782447	32.41630543926492
11.021606194782446	33.360321941507685
11.121606194782446	34.3100807297042
11.221606194782446	35.26538030859828
11.321606194782445	36.22592726917354
11.421606194782445	37.191477029776806
11.521606194782445	38.16178767875364
11.621606194782444	39.136541973450825
11.721606194782444	40.11550892095167
11.821606194782444	41.09839245225969
11.921606194782443	42.08486235545451
12.021606194782443	43.07470463242514
12.121606194782443	44.06756208586716
12.221606194782442	45.063114471598176
12.321606194782442	46.061039904798946
12.421606194782441	47.061019928818716
12.521606194782441	48.06271553897762
12.62160619478244	49.06578257499926
12.72160619478244	50.069842462615526
12.82160619478244	50.472735915428885
12.92160619478244	50.8057359153744
13.02160619478244	51.13873591531991
13.121606194782439	51.47173591526543
13.221606194782439	51.80473591521094
13.321606194782438	52.137735915156455
13.421606194782438	52.47073591510197
13.521606194782438	52.80373591504748
13.621606194782437	53.136735914993
13.721606194782437	53.46973591493851
13.821606194782436	53.802735914884025
13.921606194782436	54.13573591482954
14.021606194782436	54.46873591477505
14.121606194782435	54.80173591472057
14.221606194782435	55.13473591466608
14.321606194782435	55.467735914611595
14.421606194782434	55.80073591455711
14.521606194782434	56.13373591450262
14.621606194782434	56.46673591444814
14.721606194782433	56.79973591439365
14.821606194782433	57.132735914339165
14.921606194782433	57.46573591428468
15.021606194782432	57.79873591423019
15.121606194782432	58.13173591417571
15.221606194782431	58.46473591412122
15.321606194782431	58.797735914066735
15.42160619478243	59.13073591401225
15.52160619478243	59.46373591395776
15.62160619478243	59.79673591390328
15.72160619478243	60.12973591384879
15.82160619478243	60.462735913794305
15.921606194782429	60.79573591373982
16.02160619478243	61.12873591368533
16.12160619478243	61.461735913630854
16.22160619478243	61.794735913576375
16.321606194782433	62.127735913521896
16.421606194782434	62.46073591346742
16.521606194782436	62.79373591341294
16.621606194782437	63.12673591335846
16.72160619478244	63.45973591330398
16.82160619478244	63.7927359132495
16.92160619478244	64.12573591319503
17.021606194782443	64.45873591314056
17.121606194782444	64.79173591308609
17.221606194782446	65.12473591303161
17.321606194782447	65.45773591297714
17.42160619478245	65.79073591292267
17.52160619478245	66.1237359128682
17.62160619478245	66.45673591281373
17.721606194782453	66.78973591275926
17.821606194782454	67.12273591270478
17.921606194782456	67.45573591265031
18.021606194782457	67.78873591259584
18.12160619478246	68.12173591254137
18.22160619478246	68.4547359124869
18.32160619478246	68.78773591243242
18.421606194782463	69.12073591237795
18.521606194782464	69.45373591232348
18.621606194782466	69.78673591226901
18.721606194782467	70.11973591221454
18.82160619478247	70.45273591216007
18.92160619478247	70.7857359121056
19.02160619478247	71.11873591205112
19.121606194782473	71.45173591199665
19.221606194782474	71.78473591194218
19.321606194782476	72.1177359118877
19.421606194782477	72.45073591183323
19.52160619478248	72.78373591177876
19.62160619478248	73.11673591172429
19.72160619478248	73.44973591166982
19.821606194782483	73.78273591161535
19.921606194782484	74.11573591156088
20.021606194782485	74.4487359115064
20.121606194782487	74.78173591145193
20.22160619478249	75.11473591139746
20.32160619478249	75.44773591134299
20.42160619478249	75.78073591128852
20.521606194782493	76.11373591123404
20.621606194782494	76.44673591117957
20.721606194782495	76.7797359111251
20.821606194782497	77.11273591107063
20.9216061947825	77.44573591101616
21.0216061947825	77.77873591096169
21.1216061947825	78.11173591090721
21.221606194782503	78.44473591085274
21.321606194782504	78.77773591079827
21.421606194782505	79.1107359107438
21.521606194782507	79.44373591068933
21.62160619478251	79.77673591063486
21.72160619478251	80.10973591058038
21.82160619478251	80.44273591052591
21.921606194782512	80.77573591047144
22.021606194782514	81.10873591041697
22.121606194782515	81.4417359103625
22.221606194782517	81.77473591030802
22.321606194782518	82.10773591025355
22.42160619478252	82.44073591019908
22.52160619478252	82.77373591014461
22.621606194782522	83.10673591009014
22.721606194782524	83.43973591003567
22.821606194782525	83.7727359099812
22.921606194782527	84.10573590992672
23.021606194782528	84.43873590987225
23.12160619478253	84.77173590981778
23.22160619478253	85.1047359097633
23.321606194782532	85.43773590970883
23.421606194782534	85.77073590965436
23.45	85.95983865237174
179769313486231570000000000000000000000000000000000000000000000000000000000000000000000000000000000000000000000000000000000000000000000000000000000000000000000000000000000000000000000000000000000000000000000000000000000000000000000000000000000000000000000000000000000000000000000000000000000000000000000000000	85.95983865237174
