-179769313486231570000000000000000000000000000000000000000000000000000000000000000000000000000000000000000000000000000000000000000000000000000000000000000000000000000000000000000000000000000000000000000000000000000000000000000000000000000000000000000000000000000000000000000000000000000000000000000000000000000	0
-0.0000000000000007248882618953579	0
0.003333333333332609	0.032938380034477605
0.00833333333333261	0.1159501956490239
0.01583333333333261	0.24195907580695883
0.02708333333333261	0.4331091715420678
0.043958333333332614	0.7233072670143642
0.06927083333333262	1.1644062925149459
0.10723958333333261	1.8357506098460084
0.1641927083333326	2.859321296933151
0.24962239583333262	4.422147482207901
0.34962239583333266	6.490905467161198
0.44962239583333263	8.754120560745333
0.5496223958333326	11.042859349484404
0.6496223958333326	13.350565751622149
0.7496223958333326	15.672386932215352
0.8496223958333325	18.004515365859405
0.9496223958333325	20.34385898416025
1.0496223958333326	22.687831241600268
1.1496223958333327	25.0342263643199
1.2496223958333328	27.38141663848687
1.3496223958333329	29.728696638486902
1.449622395833333	32.075976638486935
1.549622395833333	34.42325663848696
1.6496223958333331	36.77053663848699
1.7496223958333332	39.117816638487014
1.8496223958333333	41.46509663848704
1.9496223958333334	43.812376638487066
2.0496223958333335	46.15965663848709
2.1496223958333336	48.50693663848712
2.2496223958333337	50.854216638487145
2.3496223958333338	53.20149663848717
2.449622395833334	55.5487766384872
2.549622395833334	57.896056638487224
2.649622395833334	60.24333663848725
2.749622395833334	62.590616638487276
2.849622395833334	64.9378966384873
2.9496223958333343	67.28517663848734
3.0496223958333344	69.63245663848738
3.1496223958333345	71.97973663848742
3.2496223958333346	74.32701663848746
3.3496223958333347	76.6742966384875
3.4496223958333347	79.02157663848755
3.549622395833335	81.36885663848759
3.649622395833335	83.71613663848763
3.749622395833335	86.06341663848767
3.849622395833335	88.4106966384877
3.949622395833335	90.75797663848775
4.049622395833335	93.10525663848779
4.149622395833335	95.45253663848781
4.249622395833335	97.79981663848783
4.349622395833334	100.14709663848784
4.449622395833334	102.49437663848785
4.5496223958333335	104.84165663848786
4.649622395833333	107.18893663848787
4.749622395833333	109.53621663848789
4.849622395833332	111.8834966384879
4.949622395833332	114.23077663848791
5.049622395833332	116.57805663848792
5.149622395833331	118.92533663848793
5.249622395833331	121.27261663848795
5.349622395833331	123.61989663848796
5.44962239583333	125.96717663848797
5.54962239583333	128.314456638488
5.64962239583333	130.661736638488
5.749622395833329	133.00901663848802
5.849622395833329	135.35629663848803
5.9496223958333285	137.70357663848804
6.049622395833328	140.05085663848806
6.149622395833328	142.39813663848807
6.2496223958333275	144.74541663848808
6.349622395833327	147.0926966384881
6.449622395833327	149.4399766384881
6.549622395833326	151.78725663848812
6.649622395833326	154.13453663848813
6.749622395833326	156.48181663848814
6.849622395833325	158.82909663848815
6.949622395833325	161.17637663848816
7.049622395833325	163.52365663848818
7.149622395833324	165.8709366384882
7.249622395833324	168.2182166384882
7.3496223958333236	170.5654966384882
7.449622395833323	172.91277663848822
7.549622395833323	175.26005663848824
7.6496223958333225	177.60733663848825
7.749622395833322	179.95461663848826
7.849622395833322	182.30189663848827
7.949622395833321	184.64917663848829
8.049622395833321	186.9964566384883
8.14962239583332	189.3437366384883
8.24962239583332	191.69101663848832
8.34962239583332	194.03829663848833
8.44962239583332	196.38557663848835
8.54962239583332	198.73285663848836
8.649622395833319	201.08013663848837
8.749622395833319	203.42741663848838
8.849622395833318	205.7746966384884
8.949622395833318	208.1219766384884
9.049622395833318	210.46925663848842
9.149622395833317	212.81653663848843
9.249622395833317	215.16381663848844
9.349622395833316	217.51109663848845
9.449622395833316	219.85837663848847
9.549622395833316	222.20565663848848
9.649622395833315	224.5529366384885
9.749622395833315	225.92710507598866
9.849622395833315	226.32447351348884
9.949622395833314	226.71815351348886
10.049622395833314	227.11183351348888
10.149622395833314	227.5055135134889
10.249622395833313	227.8991935134889
10.349622395833313	228.29287351348893
10.449622395833313	228.68655351348895
10.549622395833312	229.08023351348896
10.649622395833312	229.47391351348898
10.749622395833311	229.867593513489
10.849622395833311	230.26127351348902
10.94962239583331	230.65495351348903
11.04962239583331	231.04863351348905
11.14962239583331	231.44231351348907
11.24962239583331	231.6674543895308
11.34962239583331	231.69575526557253
11.449622395833309	231.69575526557253
11.549622395833309	231.69575526557253
11.649622395833308	231.69575526557253
11.749622395833308	231.69575526557253
11.849622395833308	231.69575526557253
11.949622395833307	231.69575526557253
12.049622395833307	231.69575526557253
12.149622395833306	231.69575526557253
12.249622395833306	231.69575526557253
12.349622395833306	231.69575526557253
12.449622395833305	231.69575526557253
12.549622395833305	231.69575526557253
12.649622395833305	231.69575526557253
12.749622395833304	231.69575526557253
12.849622395833304	231.69575526557253
12.949622395833304	231.69575526557253
13.049622395833303	231.69575526557253
13.149622395833303	231.69575526557253
13.249622395833303	231.69575526557253
13.349622395833302	231.69575526557253
13.449622395833302	231.69575526557253
13.549622395833302	231.69575526557253
13.649622395833301	231.69575526557253
13.7496223958333	231.69575526557253
13.8496223958333	231.69575526557253
13.9496223958333	231.69575526557253
14.0496223958333	231.69575526557253
14.1496223958333	231.69575526557253
14.249622395833299	231.69575526557253
14.349622395833299	231.69575526557253
14.449622395833298	231.69575526557253
14.549622395833298	231.69575526557253
14.649622395833298	231.69575526557253
14.749622395833297	231.69575526557253
14.849622395833297	231.69575526557253
14.949622395833297	231.69575526557253
15.049622395833296	231.69575526557253
15.149622395833296	231.69575526557253
15.249622395833295	231.69575526557253
15.349622395833295	231.69575526557253
15.449622395833295	231.69575526557253
15.549622395833294	231.69575526557253
15.649622395833294	231.69575526557253
15.749622395833294	231.69575526557253
15.849622395833293	231.69575526557253
15.949622395833293	231.69575526557253
16.049622395833293	231.69575526557253
16.149622395833294	231.69575526557253
16.249622395833295	231.69575526557253
16.349622395833297	231.69575526557253
16.4496223958333	231.69575526557253
16.5496223958333	231.69575526557253
16.6496223958333	231.69575526557253
16.749622395833303	231.69575526557253
16.849622395833304	231.69575526557253
16.949622395833305	231.69575526557253
17.049622395833307	231.69575526557253
17.14962239583331	231.69575526557253
17.24962239583331	231.69575526557253
17.34962239583331	231.69575526557253
17.449622395833313	231.69575526557253
17.549622395833314	231.69575526557253
17.649622395833315	231.69575526557253
17.749622395833317	231.69575526557253
17.849622395833318	231.69575526557253
17.94962239583332	231.69575526557253
18.04962239583332	231.69575526557253
18.149622395833322	231.69575526557253
18.249622395833324	231.69575526557253
18.349622395833325	231.69575526557253
18.449622395833327	231.69575526557253
18.549622395833328	231.69575526557253
18.64962239583333	231.69575526557253
18.74962239583333	231.69575526557253
18.849622395833332	231.69575526557253
18.949622395833334	231.69575526557253
19.049622395833335	231.69575526557253
19.149622395833337	231.69575526557253
19.249622395833338	231.69575526557253
19.34962239583334	231.69575526557253
19.44962239583334	231.69575526557253
19.549622395833342	231.69575526557253
19.649622395833344	231.69575526557253
19.749622395833345	231.69575526557253
19.849622395833347	231.69575526557253
19.949622395833348	231.69575526557253
20.04962239583335	231.69575526557253
20.14962239583335	231.69575526557253
20.249622395833352	231.69575526557253
20.349622395833354	231.69575526557253
20.449622395833355	231.69575526557253
20.549622395833357	231.69575526557253
20.649622395833358	231.69575526557253
20.74962239583336	231.69575526557253
20.84962239583336	231.69575526557253
20.949622395833362	231.69575526557253
21.049622395833364	231.69575526557253
21.149622395833365	231.69575526557253
21.249622395833367	231.69575526557253
21.349622395833368	231.69575526557253
21.44962239583337	231.69575526557253
21.54962239583337	231.69575526557253
21.649622395833372	231.69575526557253
21.749622395833374	231.69575526557253
21.849622395833375	231.69575526557253
21.949622395833376	231.69575526557253
22.049622395833378	231.69575526557253
22.14962239583338	231.69575526557253
22.24962239583338	231.69575526557253
22.349622395833382	231.69575526557253
22.449622395833384	231.69575526557253
22.549622395833385	231.69575526557253
22.649622395833386	231.69575526557253
22.749622395833388	231.69575526557253
22.84962239583339	231.69575526557253
22.94962239583339	231.69575526557253
23.049622395833392	231.69575526557253
23.149622395833394	231.69575526557253
23.249622395833395	231.69575526557253
23.349622395833396	231.69575526557253
23.449622395833398	231.69575526557253
23.5496223958334	231.69575526557253
23.6496223958334	231.69575526557253
23.749622395833402	231.69575526557253
23.849622395833403	231.69575526557253
23.949622395833405	231.69575526557253
24.049622395833406	231.69575526557253
24.149622395833408	231.69575526557253
24.24962239583341	231.69575526557253
24.34962239583341	231.724628828693
24.449622395833412	231.85192239181347
24.549622395833413	232.04876239181348
24.649622395833415	232.2456023918135
24.749622395833416	232.4424423918135
24.849622395833418	232.6392823918135
24.94962239583342	232.83612239181352
25.04962239583342	233.03296239181353
25.149622395833422	233.22980239181354
25.22114566284779	233.39801798470884
179769313486231570000000000000000000000000000000000000000000000000000000000000000000000000000000000000000000000000000000000000000000000000000000000000000000000000000000000000000000000000000000000000000000000000000000000000000000000000000000000000000000000000000000000000000000000000000000000000000000000000000	233.46781357760415
