-179769313486231570000000000000000000000000000000000000000000000000000000000000000000000000000000000000000000000000000000000000000000000000000000000000000000000000000000000000000000000000000000000000000000000000000000000000000000000000000000000000000000000000000000000000000000000000000000000000000000000000000	0
-0.0000000000000007292459168670363	0
0.003333333333332604	0.03293827754675596
0.008333333333332605	0.11594983870596573
0.015833333333332603	0.24195834218021722
0.027083333333332602	0.43310788397488664
0.0439583333333326	0.7233051742333962
0.0692708333333326	1.164403046288944
0.10723958333333261	1.8357457413163933
0.1641927083333326	2.8593142265341496
0.24962239583333262	4.422137584744764
0.34962239583333266	6.490892563648479
0.44962239583333263	8.754105139488146
0.5496223958333326	11.042842067397201
0.6496223958333326	13.350547153442301
0.7496223958333326	15.672367455697168
0.8496223958333325	18.004495347759516
0.9496223958333325	20.343838667137184
1.0496223958333326	22.68781079440261
1.1496223958333327	25.034205881649626
1.2496223958333328	27.381396151839006
1.3496223958333329	29.72867615183899
1.449622395833333	32.07595615183897
1.549622395833333	34.42323615183896
1.6496223958333331	36.77051615183894
1.7496223958333332	39.117796151838924
1.8496223958333333	41.46507615183891
1.9496223958333334	43.81235615183889
2.0496223958333335	46.159636151838875
2.1496223958333336	48.50691615183886
2.2496223958333337	50.85419615183884
2.3496223958333338	53.201476151838826
2.449622395833334	55.54875615183881
2.549622395833334	57.89603615183879
2.649622395833334	60.243316151838776
2.749622395833334	62.59059615183876
2.849622395833334	64.93787615183875
2.9496223958333343	67.28515615183873
3.0496223958333344	69.63243615183872
3.1496223958333345	71.9797161518387
3.2496223958333346	74.32699615183869
3.3496223958333347	76.67427615183867
3.4496223958333347	79.02155615183865
3.549622395833335	81.36883615183864
3.649622395833335	83.71611615183862
3.749622395833335	86.0633961518386
3.849622395833335	88.41067615183859
3.949622395833335	90.75795615183857
4.049622395833335	93.10523615183855
4.149622395833335	95.45251615183854
4.249622395833335	97.79979615183852
4.349622395833334	100.1470761518385
4.449622395833334	102.49435615183849
4.5496223958333335	104.84163615183847
4.649622395833333	107.18891615183846
4.749622395833333	109.53619615183844
4.849622395833332	111.88347615183842
4.949622395833332	114.2307561518384
5.049622395833332	116.57803615183839
5.149622395833331	118.92531615183837
5.249622395833331	121.27259615183836
5.349622395833331	123.61987615183834
5.44962239583333	125.96715615183832
5.54962239583333	128.3144361518383
5.64962239583333	130.66171615183825
5.749622395833329	133.0089961518382
5.849622395833329	135.35627615183816
5.9496223958333285	137.70355615183811
6.049622395833328	140.05083615183807
6.149622395833328	142.39811615183802
6.2496223958333275	144.74539615183798
6.349622395833327	147.09267615183794
6.449622395833327	149.4399561518379
6.549622395833326	151.78723615183785
6.649622395833326	154.1345161518378
6.749622395833326	156.48179615183776
6.849622395833325	158.8290761518377
6.949622395833325	161.17635615183767
7.049622395833325	163.52363615183762
7.149622395833324	165.87091615183758
7.249622395833324	168.21819615183753
7.3496223958333236	170.5654761518375
7.449622395833323	172.91275615183744
7.549622395833323	175.2600361518374
7.6496223958333225	177.60731615183735
7.749622395833322	179.9545961518373
7.849622395833322	182.30187615183726
7.949622395833321	184.64915615183722
8.049622395833321	186.99643615183717
8.14962239583332	189.34371615183713
8.24962239583332	191.69099615183708
8.34962239583332	194.03827615183704
8.44962239583332	196.385556151837
8.54962239583332	198.73283615183695
8.649622395833319	201.0801161518369
8.749622395833319	203.42739615183686
8.849622395833318	205.77467615183681
8.949622395833318	208.12195615183677
9.049622395833318	210.46923615183672
9.149622395833317	212.81651615183668
9.249622395833317	215.16379615183664
9.349622395833316	217.5110761518366
9.449622395833316	219.85835615183655
9.549622395833316	222.2056361518365
9.649622395833315	224.55291615183646
9.749622395833315	225.9270845893366
9.849622395833315	226.32445302683678
9.949622395833314	226.7181330268368
10.049622395833314	227.1118130268368
10.149622395833314	227.50549302683683
10.249622395833313	227.89917302683685
10.349622395833313	228.29285302683687
10.449622395833313	228.68653302683688
10.549622395833312	229.0802130268369
10.649622395833312	229.47389302683692
10.749622395833311	229.86757302683694
10.849622395833311	230.26125302683695
10.94962239583331	230.65493302683697
11.04962239583331	231.048613026837
11.14962239583331	231.442293026837
11.24962239583331	231.66743390287874
11.34962239583331	231.69573477892047
11.449622395833309	231.69573477892047
11.549622395833309	231.69573477892047
11.649622395833308	231.69573477892047
11.749622395833308	231.69573477892047
11.849622395833308	231.69573477892047
11.949622395833307	231.69573477892047
12.049622395833307	232.21058332058698
12.149622395833306	233.24223186225348
12.249622395833306	234.27583186225345
12.349622395833306	235.30943186225343
12.449622395833305	236.3430318622534
12.549622395833305	237.3766318622534
12.649622395833305	237.94706332058686
12.749622395833304	238.00069477892035
12.849622395833304	238.00069477892035
12.949622395833304	238.00069477892035
13.049622395833303	238.00069477892035
13.149622395833303	238.00069477892035
13.249622395833303	238.00069477892035
13.349622395833302	238.00069477892035
13.449622395833302	238.00069477892035
13.549622395833302	238.00069477892035
13.649622395833301	238.00069477892035
13.7496223958333	238.00069477892035
13.8496223958333	238.00069477892035
13.9496223958333	238.00069477892035
14.0496223958333	238.00069477892035
14.1496223958333	238.00069477892035
14.249622395833299	238.00069477892035
14.349622395833299	238.00069477892035
14.449622395833298	238.00069477892035
14.549622395833298	238.00069477892035
14.649622395833298	238.00069477892035
14.749622395833297	238.00069477892035
14.849622395833297	238.00069477892035
14.949622395833297	238.00069477892035
15.049622395833296	238.00069477892035
15.149622395833296	238.00069477892035
15.249622395833295	238.00069477892035
15.349622395833295	238.00069477892035
15.449622395833295	238.00069477892035
15.549622395833294	238.00069477892035
15.649622395833294	238.00069477892035
15.749622395833294	238.00069477892035
15.849622395833293	238.00069477892035
15.949622395833293	238.00069477892035
16.049622395833293	238.00069477892035
16.149622395833294	238.00069477892035
16.249622395833295	238.00069477892035
16.349622395833297	238.00069477892035
16.4496223958333	238.00069477892035
16.5496223958333	238.00069477892035
16.6496223958333	238.00069477892035
16.749622395833303	238.00069477892035
16.849622395833304	238.00069477892035
16.949622395833305	238.00069477892035
17.049622395833307	238.00069477892035
17.14962239583331	238.00069477892035
17.24962239583331	238.00069477892035
17.34962239583331	238.00069477892035
17.449622395833313	238.00069477892035
17.549622395833314	238.00069477892035
17.649622395833315	238.00069477892035
17.749622395833317	238.00069477892035
17.849622395833318	238.00069477892035
17.94962239583332	238.00069477892035
18.04962239583332	238.00069477892035
18.149622395833322	238.00069477892035
18.249622395833324	238.00069477892035
18.349622395833325	238.00069477892035
18.449622395833327	238.00069477892035
18.549622395833328	238.00069477892035
18.64962239583333	238.00069477892035
18.74962239583333	238.00069477892035
18.849622395833332	238.00069477892035
18.949622395833334	238.00069477892035
19.049622395833335	238.00069477892035
19.149622395833337	238.00069477892035
19.249622395833338	238.00069477892035
19.34962239583334	238.00069477892035
19.44962239583334	238.00069477892035
19.549622395833342	238.00069477892035
19.649622395833344	238.00069477892035
19.749622395833345	238.00069477892035
19.849622395833347	238.00069477892035
19.949622395833348	238.00069477892035
20.04962239583335	238.00069477892035
20.14962239583335	238.00069477892035
20.249622395833352	238.00069477892035
20.349622395833354	238.00069477892035
20.449622395833355	238.00069477892035
20.549622395833357	238.00069477892035
20.649622395833358	238.00069477892035
20.74962239583336	238.00069477892035
20.84962239583336	238.00069477892035
20.949622395833362	238.00069477892035
21.049622395833364	238.00069477892035
21.149622395833365	238.00069477892035
21.249622395833367	238.00069477892035
21.349622395833368	238.00069477892035
21.44962239583337	238.00069477892035
21.54962239583337	238.00069477892035
21.649622395833372	238.00069477892035
21.749622395833374	238.00069477892035
21.849622395833375	238.00069477892035
21.949622395833376	238.00069477892035
22.049622395833378	238.00069477892035
22.14962239583338	238.00069477892035
22.24962239583338	238.00069477892035
22.349622395833382	238.00069477892035
22.449622395833384	238.00069477892035
22.549622395833385	238.00069477892035
22.649622395833386	238.00069477892035
22.749622395833388	238.00069477892035
22.84962239583339	238.00069477892035
22.94962239583339	238.00069477892035
23.049622395833392	238.00069477892035
23.149622395833394	238.00069477892035
23.249622395833395	238.00069477892035
23.349622395833396	238.00069477892035
23.449622395833398	238.00069477892035
23.5496223958334	238.00069477892035
23.6496223958334	238.00069477892035
23.749622395833402	238.00069477892035
23.849622395833403	238.00069477892035
23.949622395833405	238.00069477892035
24.049622395833406	238.00069477892035
24.149622395833408	238.00069477892035
24.24962239583341	238.00069477892035
24.34962239583341	238.05658119225478
24.449622395833412	238.21088760558922
24.549622395833413	238.40772760558923
24.649622395833415	238.60456760558924
24.749622395833416	238.80140760558925
24.849622395833418	238.99824760558926
24.94962239583342	239.19508760558926
25.04962239583342	239.39192760558927
25.149622395833422	239.58876760558928
25.222356792144026	239.7581768017115
179769313486231570000000000000000000000000000000000000000000000000000000000000000000000000000000000000000000000000000000000000000000000000000000000000000000000000000000000000000000000000000000000000000000000000000000000000000000000000000000000000000000000000000000000000000000000000000000000000000000000000000	239.8291659978337
