-179769313486231570000000000000000000000000000000000000000000000000000000000000000000000000000000000000000000000000000000000000000000000000000000000000000000000000000000000000000000000000000000000000000000000000000000000000000000000000000000000000000000000000000000000000000000000000000000000000000000000000000	0
-0.0000000000000007336035718387147	0
0.0033333333333325998	0.03293817505572577
0.006666666666665933	0.06625279801103995
0.011666666666665933	0.11665626572410465
0.019166666666665933	0.19294804777959748
0.030416666666665933	0.3085458198677556
0.047291666666665934	0.48396472267891666
0.07260416666666594	0.7505659625359171
0.11057291666666594	1.1563622077979634
0.16752604166666596	1.7753284018440847
0.252955729166666	2.7204887900637695
0.35295572916666595	3.845328793937239
0.45295572916666593	4.984682845046314
0.5529557291666659	6.134789227629831
0.6529557291666659	7.292928165902906
0.7529557291666659	8.457008860024136
0.8529557291666658	9.625344641157898
0.9529557291666658	10.79654535880984
1.0529557291666658	11.96943082706429
1.1529557291666659	13.142989152471165
1.252955729166666	14.316629152471158
1.352955729166666	15.490269152471152
1.4529557291666662	16.663909152471145
1.5529557291666662	17.837549152471137
1.6529557291666663	19.01118915247113
1.7529557291666664	20.18482915247112
1.8529557291666665	21.358469152471113
1.9529557291666666	22.532109152471104
2.0529557291666665	23.705749152471096
2.1529557291666666	24.879389152471088
2.2529557291666666	26.05302915247108
2.3529557291666667	27.22666915247107
2.452955729166667	28.400309152471063
2.552955729166667	29.573949152471055
2.652955729166667	30.747589152471047
2.752955729166667	31.92122915247104
2.852955729166667	33.094869152471034
2.9529557291666673	34.268509152471026
3.0529557291666674	35.44214915247102
3.1529557291666674	36.61578915247101
3.2529557291666675	37.789429152471
3.3529557291666676	38.96306915247099
3.4529557291666677	40.136709152470985
3.552955729166668	41.31034915247098
3.652955729166668	42.48398915247097
3.752955729166668	43.65762915247096
3.852955729166668	44.83126915247095
3.952955729166668	46.004909152470944
4.052955729166668	47.178549152470936
4.152955729166668	48.35218915247092
4.2529557291666675	49.525829152470905
4.352955729166667	50.69946915247089
4.452955729166667	51.873109152470875
4.5529557291666665	53.04674915247086
4.652955729166666	54.220389152470844
4.752955729166666	55.39402915247083
4.852955729166665	56.56766915247081
4.952955729166665	57.7413091524708
5.052955729166665	58.91494915247078
5.152955729166664	60.08858915247077
5.252955729166664	61.26222915247075
5.352955729166664	62.43586915247074
5.452955729166663	63.60950915247072
5.552955729166663	64.78314915247071
5.652955729166663	65.9567891524707
5.752955729166662	67.1304291524707
5.852955729166662	68.30406915247069
5.9529557291666615	69.47770915247068
6.052955729166661	70.65134915247067
6.152955729166661	71.82498915247066
6.25295572916666	72.99862915247066
6.35295572916666	74.17226915247065
6.45295572916666	75.34590915247064
6.552955729166659	76.51954915247063
6.652955729166659	77.69318915247062
6.752955729166659	78.86682915247061
6.852955729166658	80.0404691524706
6.952955729166658	81.2141091524706
7.052955729166658	82.38774915247059
7.152955729166657	83.56138915247058
7.252955729166657	84.73502915247057
7.3529557291666565	85.90866915247057
7.452955729166656	87.08230915247056
7.552955729166656	88.25594915247055
7.6529557291666555	89.42958915247054
7.752955729166655	90.60322915247053
7.852955729166655	91.77686915247052
7.952955729166654	92.95050915247052
8.052955729166655	94.12414915247051
8.152955729166655	95.2977891524705
8.252955729166654	96.47142915247049
8.352955729166654	97.64506915247048
8.452955729166653	98.81870915247048
8.552955729166653	99.99234915247047
8.652955729166653	101.16598915247046
8.752955729166652	102.33962915247045
8.852955729166652	103.51326915247044
8.952955729166652	104.68690915247043
9.052955729166651	105.86054915247043
9.152955729166651	107.03418915247042
9.25295572916665	108.20782915247041
9.35295572916665	109.3814691524704
9.45295572916665	110.5551091524704
9.55295572916665	111.72874915247039
9.65295572916665	112.90238915247038
9.752955729166649	114.07602915247037
9.852955729166649	115.24966915247036
9.952955729166648	116.42330915247035
10.052955729166648	117.59694915247034
10.152955729166647	118.77058915247034
10.252955729166647	119.94422915247033
10.352955729166647	121.11786915247032
10.452955729166646	122.29150915247031
10.552955729166646	123.4651491524703
10.652955729166646	124.6387891524703
10.752955729166645	125.81242915247029
10.852955729166645	126.98606915247028
10.952955729166645	128.15970915247027
11.052955729166644	129.33334915247025
11.152955729166644	130.50698915247023
11.252955729166644	131.50552869517858
11.352955729166643	132.48232869517858
11.452955729166643	133.45912869517858
11.552955729166642	134.43592869517857
11.652955729166642	135.41272869517857
11.752955729166642	136.38952869517857
11.852955729166641	137.36632869517857
11.952955729166641	138.34400359101187
12.05295572916664	139.35040359101185
12.15295572916664	140.35680359101184
12.25295572916664	141.36320359101182
12.35295572916664	142.3696035910118
12.45295572916664	143.3760035910118
12.552955729166639	144.38240359101178
12.652955729166639	144.45329713267873
12.752955729166638	144.45329713267873
12.852955729166638	144.45329713267873
12.952955729166638	144.45329713267873
13.052955729166637	144.45329713267873
13.152955729166637	144.45329713267873
13.252955729166636	144.45329713267873
13.352955729166636	144.45329713267873
13.452955729166636	144.45329713267873
13.552955729166635	144.45329713267873
13.652955729166635	144.45329713267873
13.752955729166635	144.45329713267873
13.852955729166634	144.45329713267873
13.952955729166634	144.45329713267873
14.052955729166634	144.45329713267873
14.152955729166633	144.45329713267873
14.252955729166633	144.45329713267873
14.352955729166633	144.45329713267873
14.452955729166632	144.45329713267873
14.552955729166632	144.45329713267873
14.652955729166631	144.45329713267873
14.752955729166631	144.45329713267873
14.85295572916663	144.45329713267873
14.95295572916663	144.45329713267873
15.05295572916663	144.45329713267873
15.15295572916663	144.45329713267873
15.25295572916663	144.45329713267873
15.352955729166629	144.45329713267873
15.452955729166629	144.45329713267873
15.552955729166628	144.45329713267873
15.652955729166628	144.45329713267873
15.752955729166628	144.45329713267873
15.852955729166627	144.45329713267873
15.952955729166627	144.45329713267873
16.052955729166626	144.45329713267873
16.152955729166628	144.45329713267873
16.25295572916663	144.45329713267873
16.35295572916663	144.45329713267873
16.452955729166632	144.45329713267873
16.552955729166634	144.45329713267873
16.652955729166635	144.45329713267873
16.752955729166636	144.45329713267873
16.852955729166638	144.45329713267873
16.95295572916664	144.45329713267873
17.05295572916664	144.45329713267873
17.152955729166642	144.45329713267873
17.252955729166644	144.45329713267873
17.352955729166645	144.45329713267873
17.452955729166646	144.45329713267873
17.552955729166648	144.45329713267873
17.65295572916665	144.45329713267873
17.75295572916665	144.45329713267873
17.852955729166652	144.45329713267873
17.952955729166653	144.45329713267873
18.052955729166655	144.45329713267873
18.152955729166656	144.45329713267873
18.252955729166658	144.45329713267873
18.35295572916666	144.45329713267873
18.45295572916666	144.45329713267873
18.552955729166662	144.45329713267873
18.652955729166663	144.45329713267873
18.752955729166665	144.45329713267873
18.852955729166666	144.45329713267873
18.952955729166668	144.45329713267873
19.05295572916667	144.45329713267873
19.15295572916667	144.45329713267873
19.252955729166672	144.45329713267873
19.352955729166673	144.45329713267873
19.452955729166675	144.45329713267873
19.552955729166676	144.45329713267873
19.652955729166678	144.45329713267873
19.75295572916668	144.45329713267873
19.85295572916668	144.45329713267873
19.952955729166682	144.45329713267873
20.052955729166683	144.45329713267873
20.152955729166685	144.45329713267873
20.252955729166686	144.45329713267873
20.352955729166688	144.45329713267873
20.45295572916669	144.45329713267873
20.55295572916669	144.45329713267873
20.652955729166692	144.45329713267873
20.752955729166693	144.45329713267873
20.852955729166695	144.45329713267873
20.952955729166696	144.45329713267873
21.052955729166698	144.45329713267873
21.1529557291667	144.45329713267873
21.2529557291667	144.45329713267873
21.352955729166702	144.45329713267873
21.452955729166703	144.45329713267873
21.552955729166705	144.45329713267873
21.652955729166706	144.45329713267873
21.752955729166707	144.45329713267873
21.85295572916671	144.45329713267873
21.95295572916671	144.45329713267873
22.05295572916671	144.45329713267873
22.152955729166713	144.45329713267873
22.252955729166715	144.45329713267873
22.352955729166716	144.45329713267873
22.452955729166717	144.45329713267873
22.55295572916672	144.45329713267873
22.65295572916672	144.45329713267873
22.75295572916672	144.45329713267873
22.852955729166723	144.45329713267873
22.952955729166725	144.45329713267873
23.052955729166726	144.45329713267873
23.152955729166727	144.45329713267873
23.25295572916673	144.45329713267873
23.35295572916673	144.45329713267873
23.45295572916673	144.45329713267873
23.552955729166733	144.45329713267873
23.652955729166734	144.45329713267873
23.752955729166736	144.45329713267873
23.852955729166737	144.45329713267873
23.95295572916674	144.45329713267873
24.05295572916674	144.45329713267873
24.15295572916674	144.45329713267873
24.252955729166743	144.45332681588116
24.352955729166744	144.53947706289384
24.452955729166746	144.63789706289384
24.552955729166747	144.73631706289385
24.65295572916675	144.83473706289385
24.75295572916675	144.93315706289386
24.85295572916675	145.03157706289386
24.952955729166753	145.12999706289386
25.052955729166754	145.22841706289387
25.152955729166756	145.32683706289387
25.223567921440264	145.39573758580278
179769313486231570000000000000000000000000000000000000000000000000000000000000000000000000000000000000000000000000000000000000000000000000000000000000000000000000000000000000000000000000000000000000000000000000000000000000000000000000000000000000000000000000000000000000000000000000000000000000000000000000000	145.39573758580278
