-179769313486231570000000000000000000000000000000000000000000000000000000000000000000000000000000000000000000000000000000000000000000000000000000000000000000000000000000000000000000000000000000000000000000000000000000000000000000000000000000000000000000000000000000000000000000000000000000000000000000000000000	0
0.9657352856418552	0
0.9690686189751885	0.00000027600749664480687
0.9740686189751885	0.0000027391981798213783
0.9815686189751884	0.00001505990161732463
0.9928186189751884	0.00006365857963652136
1.0096936189751884	0.00023627866218797148
1.0350061189751885	0.0008189757117514984
1.0729748689751886	0.0027042259233648292
1.1299279939751885	0.008477083828637894
1.2153576814751885	0.0252128978933726
1.3153576814751886	0.06228357064558654
1.4153576814751887	0.12283438207184527
1.5153576814751888	0.20349050505225125
1.6153576814751889	0.29880699921475345
1.715357681475189	0.4036862290990457
1.815357681475189	0.5148017044359265
1.9153576814751891	0.6297674310804162
2.015357681475189	0.7468063467382713
2.115357681475189	0.8645398830809669
2.215357681475189	0.9818373405034488
2.3153576814751893	1.0977264792117714
2.4153576814751894	1.2111675048905932
2.5153576814751895	1.3209608235449144
2.6153576814751895	1.4255600236291184
2.7153576814751896	1.522929591136824
2.8153576814751897	1.610998471996048
2.91535768147519	1.6878983075100398
3.01535768147519	1.7516222948720002
3.11535768147519	1.8003337749255777
3.21535768147519	1.8343719319816176
3.31535768147519	1.8563000179763525
3.4153576814751903	1.8690476748199543
3.5153576814751903	1.8753992941445383
3.6153576814751904	1.8778440489018964
3.7153576814751905	1.8784180024954173
3.8153576814751906	1.8784578095567894
3.9153576814751907	1.878457809556789
4.015357681475191	1.8784578095567885
4.11535768147519	1.8784578095567883
4.21535768147519	1.8784578095567883
4.31535768147519	1.8784578095567883
4.415357681475189	1.8784578095567883
4.515357681475189	1.8784578095567883
4.615357681475189	1.8784578095567883
4.715357681475188	1.878462078153909
4.815357681475188	1.8788962534768208
4.915357681475188	1.881669284891953
5.015357681475187	1.890894899798568
5.115357681475187	1.913760580992676
5.2153576814751865	1.96222182126234
5.315357681475186	2.05036867605192
5.415357681475186	2.1911068902441104
5.5153576814751855	2.399674065014974
5.615357681475185	2.688276206937387
5.715357681475185	3.0575713626459122
5.815357681475184	3.502376940578965
5.915357681475184	4.017983558353801
6.015357681475184	4.600101066378189
6.115357681475183	5.244420639913929
6.215357681475183	5.947137146405689
6.315357681475183	6.704881628863215
6.415357681475182	7.514435219084506
6.515357681475182	8.372718562714951
6.6153576814751816	9.277066467646893
6.715357681475181	10.225132133281528
6.815357681475181	11.21466469542028
6.9153576814751805	12.243539804757514
7.01535768147518	13.309929515683187
7.11535768147518	14.412114475264444
7.215357681475179	15.54835806024239
7.315357681475179	16.71708185823365
7.415357681475179	17.91682672887367
7.515357681475178	19.14619243205383
7.615357681475178	20.40386934037487
7.715357681475178	21.688640309024354
7.815357681475177	22.99932413335373
7.915357681475177	24.33489458082407
8.015357681475177	25.69433282419079
8.115357681475176	27.076588339165767
8.215357681475176	28.480789915755143
8.315357681475176	29.906090873755126
8.415357681475175	31.351584880132183
8.515357681475175	32.816497414305026
8.615357681475174	34.30000781810588
8.715357681475174	35.80140417654525
8.815357681475174	37.320080205675346
8.915357681475173	38.855256309847356
9.015357681475173	40.40629341205738
9.115357681475173	41.97265613167765
9.215357681475172	43.55373739555394
9.315357681475172	45.148865621413535
9.415357681475172	46.75752602536024
9.515357681475171	48.3793051513826
9.615357681475171	50.013618487924454
9.71535768147517	51.66012093773563
9.81535768147517	53.31841254473122
9.91535768147517	54.98792306330416
10.01535768147517	56.668210183384936
10.11535768147517	58.35882996468028
10.215357681475169	60.059330818986794
10.315357681475168	61.7692392051273
10.415357681475168	63.4881217800372
10.515357681475168	65.21552708578062
10.615357681475167	66.95100561105305
10.715357681475167	68.694134751933
10.815357681475167	70.4444657566919
10.915357681475166	72.20157255383778
11.015357681475166	73.96503530161502
11.115357681475166	75.73441463786297
11.215357681475165	77.50930054999495
11.315357681475165	79.28927273055155
11.415357681475164	81.07391079457868
11.515357681475164	82.86281313464647
11.615357681475164	84.65555943759269
11.715357681475163	86.45174828815283
11.815357681475163	88.25098202565302
11.915357681475163	90.05286948190027
12.015357681475162	91.85701514608218
12.115357681475162	93.66300630578158
12.215357681475162	95.47045121456132
12.315357681475161	97.27896087415282
12.415357681475161	99.0881459992357
12.51535768147516	100.89761883555335
12.61535768147516	102.70699527755302
12.71535768147516	104.36034004131832
12.81535768147516	105.3790684888017
12.91535768147516	105.9190684888017
13.015357681475159	106.45906848880169
13.115357681475158	106.99906848880168
13.215357681475158	107.53906848880168
13.315357681475158	108.07906848880167
13.415357681475157	108.61906848880166
13.515357681475157	109.15906848880165
13.615357681475157	109.69906848880164
13.715357681475156	110.23906848880164
13.815357681475156	110.77906848880163
13.915357681475156	111.31906848880162
14.015357681475155	111.85906848880161
14.115357681475155	112.3990684888016
14.215357681475155	112.9390684888016
14.315357681475154	113.47906848880159
14.415357681475154	114.01906848880158
14.515357681475153	114.55906848880157
14.615357681475153	115.09906848880156
14.715357681475153	115.63906848880156
14.815357681475152	116.17906848880155
14.915357681475152	116.71906848880154
15.015357681475152	117.25906848880153
15.115357681475151	117.79906848880152
15.215357681475151	118.33906848880152
15.31535768147515	118.87906848880151
15.41535768147515	119.4190684888015
15.51535768147515	119.95906848880149
15.61535768147515	120.49906848880148
15.71535768147515	121.03906848880148
15.815357681475149	121.57906848880147
15.915357681475149	122.11906848880146
16.015357681475148	122.65906848880145
16.11535768147515	123.19906848880146
16.21535768147515	123.73906848880148
16.315357681475152	124.2790684888015
16.415357681475154	124.81906848880152
16.515357681475155	125.35906848880154
16.615357681475157	125.89906848880156
16.715357681475158	126.43906848880158
16.81535768147516	126.9790684888016
16.91535768147516	127.51906848880162
17.015357681475162	128.05906848880164
17.115357681475164	128.59906848880166
17.215357681475165	129.13906848880168
17.315357681475167	129.6790684888017
17.415357681475168	130.21906848880172
17.51535768147517	130.75906848880174
17.61535768147517	131.29906848880177
17.715357681475172	131.8390684888018
17.815357681475174	132.3790684888018
17.915357681475175	132.91906848880183
18.015357681475177	133.45906848880185
18.115357681475178	133.99906848880187
18.21535768147518	134.5390684888019
18.31535768147518	135.0790684888019
18.415357681475182	135.61906848880193
18.515357681475184	136.15906848880195
18.615357681475185	136.69906848880197
18.715357681475187	137.239068488802
18.815357681475188	137.779068488802
18.91535768147519	138.31906848880203
19.01535768147519	138.85906848880205
19.115357681475192	139.39906848880207
19.215357681475194	139.9390684888021
19.315357681475195	140.4790684888021
19.415357681475196	141.01906848880213
19.515357681475198	141.55906848880215
19.6153576814752	142.09906848880217
19.7153576814752	142.6390684888022
19.815357681475202	143.17906848880222
19.915357681475204	143.71906848880224
20.015357681475205	144.25906848880226
20.115357681475206	144.79906848880228
20.215357681475208	145.3390684888023
20.31535768147521	145.87906848880232
20.41535768147521	146.41906848880234
20.515357681475212	146.95906848880236
20.615357681475214	147.49906848880238
20.715357681475215	148.0390684888024
20.815357681475216	148.57906848880242
20.915357681475218	149.11906848880244
21.01535768147522	149.65906848880246
21.11535768147522	150.19906848880248
21.215357681475222	150.7390684888025
21.315357681475223	151.27906848880252
21.415357681475225	151.81906848880254
21.515357681475226	152.35906848880256
21.615357681475228	152.89906848880258
21.71535768147523	153.4390684888026
21.81535768147523	153.97906848880262
21.915357681475232	154.51906848880265
22.015357681475233	155.05906848880267
22.115357681475235	155.5990684888027
22.215357681475236	156.1390684888027
22.315357681475238	156.67906848880273
22.41535768147524	157.21906848880275
22.51535768147524	157.75906848880277
22.615357681475242	158.2990684888028
22.715357681475243	158.8390684888028
22.815357681475245	159.37906848880283
22.915357681475246	159.91906848880285
23.015357681475248	160.45906848880287
23.11535768147525	160.9990684888029
23.21535768147525	161.5390684888029
23.315357681475252	162.07906848880293
23.415357681475253	162.61906848880295
23.45	163.07613700883658
179769313486231570000000000000000000000000000000000000000000000000000000000000000000000000000000000000000000000000000000000000000000000000000000000000000000000000000000000000000000000000000000000000000000000000000000000000000000000000000000000000000000000000000000000000000000000000000000000000000000000000000	163.2632055288702
