-179769313486231570000000000000000000000000000000000000000000000000000000000000000000000000000000000000000000000000000000000000000000000000000000000000000000000000000000000000000000000000000000000000000000000000000000000000000000000000000000000000000000000000000000000000000000000000000000000000000000000000000	0
-0.0000000000000007423188817820717	0
0.003333333333332591	0.03293797006373748
0.00833333333333259	0.1159487676574835
0.01583333333333259	0.2419561404577989
0.02708333333333259	0.4331040192005191
0.043958333333332586	0.7232988917929648
0.06927083333333259	1.1643933003838887
0.10723958333333258	1.835731120344561
0.1641927083333326	2.8592929893720096
0.24962239583333262	4.422107853393503
0.34962239583333266	6.490853794503546
0.44962239583333263	8.754058797942301
0.5496223958333326	11.042790122339865
0.6496223958333326	13.350491243019118
0.7496223958333326	15.672308898164495
0.8496223958333325	18.004435151073345
0.9496223958333325	20.343777564530665
1.0496223958333326	22.68774929545079
1.1496223958333327	25.034144272586115
1.2496223958333328	27.381334530400927
1.3496223958333329	29.72861453040091
1.449622395833333	32.075894530400895
1.549622395833333	34.42317453040088
1.6496223958333331	36.77045453040086
1.7496223958333332	39.117734530400845
1.8496223958333333	41.46501453040083
1.9496223958333334	43.81229453040081
2.0496223958333335	46.159574530400796
2.1496223958333336	48.50685453040078
2.2496223958333337	50.85413453040076
2.3496223958333338	53.20141453040075
2.449622395833334	55.54869453040073
2.549622395833334	57.895974530400714
2.649622395833334	60.2432545304007
2.749622395833334	62.59053453040068
2.849622395833334	64.93781453040067
2.9496223958333343	67.28509453040066
3.0496223958333344	69.63237453040064
3.1496223958333345	71.97965453040062
3.2496223958333346	74.3269345304006
3.3496223958333347	76.67421453040059
3.4496223958333347	79.02149453040057
3.549622395833335	81.36877453040056
3.649622395833335	83.71605453040054
3.749622395833335	86.06333453040052
3.849622395833335	88.41061453040051
3.949622395833335	90.75789453040049
4.049622395833335	93.10517453040048
4.149622395833335	95.45245453040046
4.249622395833335	97.79973453040044
4.349622395833334	100.14701453040043
4.449622395833334	102.49429453040041
4.5496223958333335	104.8415745304004
4.649622395833333	107.18885453040038
4.749622395833333	109.53613453040036
4.849622395833332	111.88341453040034
4.949622395833332	114.23069453040033
5.049622395833332	116.57797453040031
5.149622395833331	118.9252545304003
5.249622395833331	121.27253453040028
5.349622395833331	123.61981453040026
5.44962239583333	125.96709453040025
5.54962239583333	128.31437453040022
5.64962239583333	130.66165453040017
5.749622395833329	133.00893453040013
5.849622395833329	135.35621453040008
5.9496223958333285	137.70349453040004
6.049622395833328	140.0507745304
6.149622395833328	142.39805453039995
6.2496223958333275	144.7453345303999
6.349622395833327	147.09261453039986
6.449622395833327	149.4398945303998
6.549622395833326	151.78717453039977
6.649622395833326	154.13445453039972
6.749622395833326	156.48173453039968
6.849622395833325	158.82901453039963
6.949622395833325	161.1762945303996
7.049622395833325	163.52357453039954
7.149622395833324	165.8708545303995
7.249622395833324	168.21813453039945
7.3496223958333236	170.5654145303994
7.449622395833323	172.91269453039936
7.549622395833323	175.25997453039932
7.6496223958333225	177.60725453039927
7.749622395833322	179.95453453039923
7.849622395833322	182.30181453039918
7.949622395833321	184.64909453039914
8.049622395833321	186.9963745303991
8.14962239583332	189.34365453039905
8.24962239583332	191.690934530399
8.34962239583332	194.03821453039896
8.44962239583332	196.38549453039892
8.54962239583332	198.73277453039887
8.649622395833319	201.08005453039883
8.749622395833319	203.42733453039878
8.849622395833318	205.77461453039874
8.949622395833318	208.1218945303987
9.049622395833318	210.46917453039865
9.149622395833317	212.8164545303986
9.249622395833317	215.16373453039856
9.349622395833316	217.5110145303985
9.449622395833316	219.85829453039847
9.549622395833316	222.20557453039842
9.649622395833315	224.55285453039838
9.749622395833315	226.90013453039833
9.849622395833315	229.2474145303983
9.949622395833314	231.59469453039824
10.049622395833314	233.9419745303982
10.149622395833314	236.28925453039815
10.249622395833313	238.6365345303981
10.349622395833313	240.98381453039806
10.449622395833313	243.33109453039802
10.549622395833312	245.67837453039797
10.649622395833312	248.02565453039793
10.749622395833311	250.37293453039788
10.849622395833311	252.72021453039784
10.94962239583331	255.0674945303978
11.04962239583331	257.4147745303978
11.14962239583331	259.76205453039773
11.24962239583331	261.9407954064394
11.34962239583331	263.92269628248107
11.449622395833309	265.876296282481
11.549622395833309	267.82989628248095
11.649622395833308	269.7834962824809
11.749622395833308	271.7370962824808
11.849622395833308	273.69069628248076
11.949622395833307	275.6442962824807
12.049622395833307	277.62738451164734
12.149622395833306	279.640072740814
12.249622395833306	281.65287274081396
12.349622395833306	283.66567274081393
12.449622395833305	285.6784727408139
12.549622395833305	287.6912727408139
12.649622395833305	288.8021129491475
12.749622395833304	288.90655315748114
12.849622395833304	288.90655315748114
12.949622395833304	288.90655315748114
13.049622395833303	288.90655315748114
13.149622395833303	288.90655315748114
13.249622395833303	288.90655315748114
13.349622395833302	288.90655315748114
13.449622395833302	288.90655315748114
13.549622395833302	288.90655315748114
13.649622395833301	288.90655315748114
13.7496223958333	288.90655315748114
13.8496223958333	288.90655315748114
13.9496223958333	288.90655315748114
14.0496223958333	288.90655315748114
14.1496223958333	288.90655315748114
14.249622395833299	288.90655315748114
14.349622395833299	288.90655315748114
14.449622395833298	288.90655315748114
14.549622395833298	288.90655315748114
14.649622395833298	288.90655315748114
14.749622395833297	288.90655315748114
14.849622395833297	288.90655315748114
14.949622395833297	288.90655315748114
15.049622395833296	288.90655315748114
15.149622395833296	288.90655315748114
15.249622395833295	288.90655315748114
15.349622395833295	288.90655315748114
15.449622395833295	288.90655315748114
15.549622395833294	288.90655315748114
15.649622395833294	288.90655315748114
15.749622395833294	288.90655315748114
15.849622395833293	288.90655315748114
15.949622395833293	288.90655315748114
16.049622395833293	288.90655315748114
16.149622395833294	288.90655315748114
16.249622395833295	288.90655315748114
16.349622395833297	288.90655315748114
16.4496223958333	288.90655315748114
16.5496223958333	288.90655315748114
16.6496223958333	288.90655315748114
16.749622395833303	288.90655315748114
16.849622395833304	288.90655315748114
16.949622395833305	288.90655315748114
17.049622395833307	288.90655315748114
17.14962239583331	288.90655315748114
17.24962239583331	288.90655315748114
17.34962239583331	288.90655315748114
17.449622395833313	288.90655315748114
17.549622395833314	288.90655315748114
17.649622395833315	288.90655315748114
17.749622395833317	288.90655315748114
17.849622395833318	288.90655315748114
17.94962239583332	288.90655315748114
18.04962239583332	288.90655315748114
18.149622395833322	288.90655315748114
18.249622395833324	288.90655315748114
18.349622395833325	288.90655315748114
18.449622395833327	288.90655315748114
18.549622395833328	288.90655315748114
18.64962239583333	288.90655315748114
18.74962239583333	288.90655315748114
18.849622395833332	288.90655315748114
18.949622395833334	288.90655315748114
19.049622395833335	288.90655315748114
19.149622395833337	288.90655315748114
19.249622395833338	288.90655315748114
19.34962239583334	288.90655315748114
19.44962239583334	288.90655315748114
19.549622395833342	288.90655315748114
19.649622395833344	288.90655315748114
19.749622395833345	288.90655315748114
19.849622395833347	288.90655315748114
19.949622395833348	288.90655315748114
20.04962239583335	288.90655315748114
20.14962239583335	288.90655315748114
20.249622395833352	288.90655315748114
20.349622395833354	288.90655315748114
20.449622395833355	288.90655315748114
20.549622395833357	288.90655315748114
20.649622395833358	288.90655315748114
20.74962239583336	288.90655315748114
20.84962239583336	288.90655315748114
20.949622395833362	288.90655315748114
21.049622395833364	288.90655315748114
21.149622395833365	288.90655315748114
21.249622395833367	288.90655315748114
21.349622395833368	288.90655315748114
21.44962239583337	288.90655315748114
21.54962239583337	288.90655315748114
21.649622395833372	288.90655315748114
21.749622395833374	288.90655315748114
21.849622395833375	288.90655315748114
21.949622395833376	288.90655315748114
22.049622395833378	288.90655315748114
22.14962239583338	288.90655315748114
22.24962239583338	288.90655315748114
22.349622395833382	288.90655315748114
22.449622395833384	288.90655315748114
22.549622395833385	288.90655315748114
22.649622395833386	288.90655315748114
22.749622395833388	288.90655315748114
22.84962239583339	288.90655315748114
22.94962239583339	288.90655315748114
23.049622395833392	288.90655315748114
23.149622395833394	288.90655315748114
23.249622395833395	288.90655315748114
23.349622395833396	288.90655315748114
23.449622395833398	288.90655315748114
23.5496223958334	288.90655315748114
23.6496223958334	288.90655315748114
23.749622395833402	288.90655315748114
23.849622395833403	288.90655315748114
23.949622395833405	288.90655315748114
24.049622395833406	288.90655315748114
24.149622395833408	288.90655315748114
24.24962239583341	288.9450581214575
24.34962239583341	289.0819830854339
24.449622395833412	289.2788230854338
24.549622395833413	289.4756630854338
24.649622395833415	289.67250308543373
24.749622395833416	289.8693430854337
24.849622395833418	290.06618308543364
24.94962239583342	290.2630230854336
25.04962239583342	290.45986308543354
25.149622395833422	290.6567030854335
25.225990180032735	290.82968826191575
179769313486231570000000000000000000000000000000000000000000000000000000000000000000000000000000000000000000000000000000000000000000000000000000000000000000000000000000000000000000000000000000000000000000000000000000000000000000000000000000000000000000000000000000000000000000000000000000000000000000000000000	290.90425343839803
