-179769313486231570000000000000000000000000000000000000000000000000000000000000000000000000000000000000000000000000000000000000000000000000000000000000000000000000000000000000000000000000000000000000000000000000000000000000000000000000000000000000000000000000000000000000000000000000000000000000000000000000000	0
-0.0000000000000007466765367537502	0
0.0033333333333325867	0.03293786756277939
0.008333333333332587	0.11594841056821786
0.01583333333333259	0.2419554062695906
0.02708333333333259	0.4331027302514474
0.043958333333332586	0.7232967962802984
0.06927083333333259	1.1643900493398311
0.10723958333333258	1.8357262415595872
0.1641927083333326	2.859285901662866
0.24962239583333262	4.4220979299557195
0.34962239583333266	6.490840851919526
0.44962239583333263	8.754043324835433
0.5496223958333326	11.042772774747023
0.6496223958333326	13.350472567941647
0.7496223958333326	15.672289336327275
0.8496223958333325	18.004415038048787
0.9496223958333325	20.343757146482343
1.0496223958333326	22.68772874334682
1.1496223958333327	25.03412368254692
1.2496223958333328	27.381313936089562
1.3496223958333329	29.728593936089545
1.449622395833333	32.07587393608953
1.549622395833333	34.42315393608951
1.6496223958333331	36.770433936089496
1.7496223958333332	39.11771393608948
1.8496223958333333	41.46499393608946
1.9496223958333334	43.81227393608945
2.0496223958333335	46.15955393608943
2.1496223958333336	48.506833936089414
2.2496223958333337	50.8541139360894
2.3496223958333338	53.20139393608938
2.449622395833334	55.548673936089365
2.549622395833334	57.89595393608935
2.649622395833334	60.24323393608933
2.749622395833334	62.590513936089316
2.849622395833334	64.9377939360893
2.9496223958333343	67.28507393608929
3.0496223958333344	69.63235393608927
3.1496223958333345	71.97963393608926
3.2496223958333346	74.32691393608924
3.3496223958333347	76.67419393608922
3.4496223958333347	79.02147393608921
3.549622395833335	81.36875393608919
3.649622395833335	83.71603393608918
3.749622395833335	86.06331393608916
3.849622395833335	88.41059393608914
3.949622395833335	90.75787393608913
4.049622395833335	93.10515393608911
4.149622395833335	95.4524339360891
4.249622395833335	97.79971393608908
4.349622395833334	100.14699393608906
4.449622395833334	102.49427393608904
4.5496223958333335	104.84155393608903
4.649622395833333	107.18883393608901
4.749622395833333	109.536113936089
4.849622395833332	111.88339393608898
4.949622395833332	114.23067393608896
5.049622395833332	116.57795393608895
5.149622395833331	118.92523393608893
5.249622395833331	121.27251393608891
5.349622395833331	123.6197939360889
5.44962239583333	125.96707393608888
5.54962239583333	128.31435393608885
5.64962239583333	130.6616339360888
5.749622395833329	133.00891393608876
5.849622395833329	135.35619393608872
5.9496223958333285	137.70347393608867
6.049622395833328	140.05075393608863
6.149622395833328	142.39803393608858
6.2496223958333275	144.74531393608854
6.349622395833327	147.0925939360885
6.449622395833327	149.43987393608845
6.549622395833326	151.7871539360884
6.649622395833326	154.13443393608836
6.749622395833326	156.4817139360883
6.849622395833325	158.82899393608827
6.949622395833325	161.17627393608822
7.049622395833325	163.52355393608818
7.149622395833324	165.87083393608813
7.249622395833324	168.2181139360881
7.3496223958333236	170.56539393608804
7.449622395833323	172.912673936088
7.549622395833323	175.25995393608795
7.6496223958333225	177.6072339360879
7.749622395833322	179.95451393608786
7.849622395833322	182.30179393608782
7.949622395833321	184.64907393608777
8.049622395833321	186.99635393608773
8.14962239583332	189.34363393608768
8.24962239583332	191.69091393608764
8.34962239583332	194.0381939360876
8.44962239583332	196.38547393608755
8.54962239583332	198.7327539360875
8.649622395833319	201.08003393608746
8.749622395833319	203.42731393608742
8.849622395833318	205.77459393608737
8.949622395833318	208.12187393608733
9.049622395833318	210.46915393608728
9.149622395833317	212.81643393608724
9.249622395833317	215.1637139360872
9.349622395833316	217.51099393608715
9.449622395833316	219.8582739360871
9.549622395833316	222.20555393608706
9.649622395833315	224.552833936087
9.749622395833315	226.90011393608697
9.849622395833315	229.24739393608692
9.949622395833314	231.59467393608688
10.049622395833314	233.94195393608683
10.149622395833314	236.2892339360868
10.249622395833313	238.63651393608674
10.349622395833313	240.9837939360867
10.449622395833313	243.33107393608665
10.549622395833312	245.6783539360866
10.649622395833312	248.02563393608656
10.749622395833311	250.37291393608652
10.849622395833311	252.72019393608647
10.94962239583331	255.06747393608643
11.04962239583331	257.4147539360864
11.14962239583331	259.76203393608637
11.24962239583331	261.94077481212804
11.34962239583331	263.9226756881697
11.449622395833309	265.87627568816964
11.549622395833309	267.8298756881696
11.649622395833308	269.7834756881695
11.749622395833308	271.73707568816945
11.849622395833308	273.6906756881694
11.949622395833307	275.64427568816933
12.049622395833307	277.62736391733597
12.149622395833306	279.6400521465026
12.249622395833306	281.6528521465026
12.349622395833306	283.66565214650257
12.449622395833305	285.67845214650254
12.549622395833305	287.6912521465025
12.649622395833305	288.80209235483613
12.749622395833304	288.9065325631698
12.849622395833304	288.9065325631698
12.949622395833304	288.9065325631698
13.049622395833303	288.9065325631698
13.149622395833303	288.9065325631698
13.249622395833303	288.9065325631698
13.349622395833302	288.9065325631698
13.449622395833302	288.9065325631698
13.549622395833302	288.9065325631698
13.649622395833301	288.9065325631698
13.7496223958333	288.9065325631698
13.8496223958333	288.9065325631698
13.9496223958333	288.9065325631698
14.0496223958333	288.9065325631698
14.1496223958333	288.9065325631698
14.249622395833299	288.9065325631698
14.349622395833299	288.9065325631698
14.449622395833298	288.9065325631698
14.549622395833298	288.9065325631698
14.649622395833298	288.9065325631698
14.749622395833297	288.9065325631698
14.849622395833297	288.9065325631698
14.949622395833297	288.9065325631698
15.049622395833296	288.9065325631698
15.149622395833296	288.9065325631698
15.249622395833295	288.9065325631698
15.349622395833295	288.9065325631698
15.449622395833295	288.9065325631698
15.549622395833294	288.9065325631698
15.649622395833294	288.9065325631698
15.749622395833294	288.9065325631698
15.849622395833293	288.9065325631698
15.949622395833293	288.9065325631698
16.049622395833293	288.9065325631698
16.149622395833294	288.9065325631698
16.249622395833295	288.9065325631698
16.349622395833297	288.9065325631698
16.4496223958333	288.9065325631698
16.5496223958333	288.9065325631698
16.6496223958333	288.9065325631698
16.749622395833303	288.9065325631698
16.849622395833304	288.9065325631698
16.949622395833305	288.9065325631698
17.049622395833307	288.9065325631698
17.14962239583331	288.9065325631698
17.24962239583331	288.9065325631698
17.34962239583331	288.9065325631698
17.449622395833313	288.9065325631698
17.549622395833314	288.9065325631698
17.649622395833315	288.9065325631698
17.749622395833317	288.9065325631698
17.849622395833318	288.9065325631698
17.94962239583332	288.9065325631698
18.04962239583332	288.9065325631698
18.149622395833322	288.9065325631698
18.249622395833324	288.9065325631698
18.349622395833325	288.9065325631698
18.449622395833327	288.9065325631698
18.549622395833328	288.9065325631698
18.64962239583333	288.9065325631698
18.74962239583333	288.9065325631698
18.849622395833332	288.9065325631698
18.949622395833334	288.9065325631698
19.049622395833335	288.9065325631698
19.149622395833337	288.9065325631698
19.249622395833338	288.9065325631698
19.34962239583334	288.9065325631698
19.44962239583334	288.9065325631698
19.549622395833342	288.9065325631698
19.649622395833344	288.9065325631698
19.749622395833345	288.9065325631698
19.849622395833347	288.9065325631698
19.949622395833348	288.9065325631698
20.04962239583335	288.9065325631698
20.14962239583335	288.9065325631698
20.249622395833352	288.9065325631698
20.349622395833354	288.9065325631698
20.449622395833355	288.9065325631698
20.549622395833357	288.9065325631698
20.649622395833358	288.9065325631698
20.74962239583336	288.9065325631698
20.84962239583336	288.9065325631698
20.949622395833362	288.9065325631698
21.049622395833364	288.9065325631698
21.149622395833365	288.9065325631698
21.249622395833367	288.9065325631698
21.349622395833368	288.9065325631698
21.44962239583337	288.9065325631698
21.54962239583337	288.9065325631698
21.649622395833372	288.9065325631698
21.749622395833374	288.9065325631698
21.849622395833375	288.9065325631698
21.949622395833376	288.9065325631698
22.049622395833378	288.9065325631698
22.14962239583338	288.9065325631698
22.24962239583338	288.9065325631698
22.349622395833382	288.9065325631698
22.449622395833384	288.9065325631698
22.549622395833385	288.9065325631698
22.649622395833386	288.9065325631698
22.749622395833388	288.9065325631698
22.84962239583339	288.9065325631698
22.94962239583339	288.9065325631698
23.049622395833392	288.9065325631698
23.149622395833394	288.9065325631698
23.249622395833395	288.9065325631698
23.349622395833396	288.9065325631698
23.449622395833398	288.9065325631698
23.5496223958334	288.9065325631698
23.6496223958334	288.9065325631698
23.749622395833402	288.9065325631698
23.849622395833403	288.9065325631698
23.949622395833405	288.9065325631698
24.049622395833406	288.9065325631698
24.149622395833408	288.9065325631698
24.24962239583341	288.9720503773601
24.34962239583341	289.13598819155044
24.449622395833412	289.3328281915504
24.549622395833413	289.52966819155034
24.649622395833415	289.7265081915503
24.749622395833416	289.92334819155025
24.849622395833418	290.1201881915502
24.94962239583342	290.31702819155015
25.04962239583342	290.5138681915501
25.149622395833422	290.71070819155005
25.22720130932897	290.88488536148566
179769313486231570000000000000000000000000000000000000000000000000000000000000000000000000000000000000000000000000000000000000000000000000000000000000000000000000000000000000000000000000000000000000000000000000000000000000000000000000000000000000000000000000000000000000000000000000000000000000000000000000000	290.9606425314213
