-179769313486231570000000000000000000000000000000000000000000000000000000000000000000000000000000000000000000000000000000000000000000000000000000000000000000000000000000000000000000000000000000000000000000000000000000000000000000000000000000000000000000000000000000000000000000000000000000000000000000000000000	0
-0.0000000000000007553918466971071	0
0.003333333333332578	0.03293766255093548
0.006666666666665912	0.06625177699550025
0.011666666666665913	0.11665448893057018
0.019166666666665912	0.19294515846775803
0.030416666666665912	0.30854129682437964
0.04729166666666591	0.48395783547801263
0.07260416666666591	0.7505557043959723
0.11057291666666591	1.1563472433958764
0.1675260416666659	1.775307184357569
0.2529557291666659	2.72045976086551
0.35295572916666595	3.845292620128247
0.45295572916666593	4.9846412815257475
0.5529557291666659	6.134743789382151
0.6529557291666659	7.292880047550091
0.7529557291666659	8.456959041723874
0.8529557291666658	9.625293825080751
0.9529557291666658	10.79649405008971
1.0529557291666658	11.969379361212836
1.1529557291666659	13.142937666692708
1.252955729166666	14.316577666692702
1.352955729166666	15.490217666692693
1.4529557291666662	16.663857666692685
1.5529557291666662	17.837497666692677
1.6529557291666663	19.01113766669267
1.7529557291666664	20.18477766669266
1.8529557291666665	21.358417666692652
1.9529557291666666	22.532057666692644
2.0529557291666665	23.705697666692636
2.1529557291666666	24.879337666692628
2.2529557291666666	26.05297766669262
2.3529557291666667	27.22661766669261
2.452955729166667	28.400257666692603
2.552955729166667	29.573897666692595
2.652955729166667	30.747537666692587
2.752955729166667	31.92117766669258
2.852955729166667	33.09481766669257
2.9529557291666673	34.26845766669256
3.0529557291666674	35.442097666692554
3.1529557291666674	36.615737666692546
3.2529557291666675	37.78937766669254
3.3529557291666676	38.96301766669253
3.4529557291666677	40.13665766669252
3.552955729166668	41.31029766669251
3.652955729166668	42.483937666692505
3.752955729166668	43.6575776666925
3.852955729166668	44.83121766669249
3.952955729166668	46.00485766669248
4.052955729166668	47.17849766669247
4.152955729166668	48.35213766669246
4.2529557291666675	49.52577766669244
4.352955729166667	50.699417666692426
4.452955729166667	51.87305766669241
4.5529557291666665	53.046697666692396
4.652955729166666	54.22033766669238
4.752955729166666	55.393977666692365
4.852955729166665	56.56761766669235
4.952955729166665	57.741257666692334
5.052955729166665	58.91489766669232
5.152955729166664	60.088537666692304
5.252955729166664	61.26217766669229
5.352955729166664	62.43581766669227
5.452955729166663	63.60945766669226
5.552955729166663	64.78309766669224
5.652955729166663	65.95673766669223
5.752955729166662	67.13037766669223
5.852955729166662	68.30401766669222
5.9529557291666615	69.47765766669221
6.052955729166661	70.6512976666922
6.152955729166661	71.8249376666922
6.25295572916666	72.99857766669219
6.35295572916666	74.17221766669218
6.45295572916666	75.34585766669217
6.552955729166659	76.51949766669216
6.652955729166659	77.69313766669215
6.752955729166659	78.86677766669214
6.852955729166658	80.04041766669214
6.952955729166658	81.21405766669213
7.052955729166658	82.38769766669212
7.152955729166657	83.56133766669211
7.252955729166657	84.7349776666921
7.3529557291666565	85.9086176666921
7.452955729166656	87.08225766669209
7.552955729166656	88.25589766669208
7.6529557291666555	89.42953766669207
7.752955729166655	90.60317766669206
7.852955729166655	91.77681766669205
7.952955729166654	92.95045766669205
8.052955729166655	94.12409766669204
8.152955729166655	95.29773766669203
8.252955729166654	96.47137766669202
8.352955729166654	97.64501766669201
8.452955729166653	98.818657666692
8.552955729166653	99.992297666692
8.652955729166653	101.16593766669199
8.752955729166652	102.33957766669198
8.852955729166652	103.51321766669197
8.952955729166652	104.68685766669196
9.052955729166651	105.86049766669196
9.152955729166651	107.03413766669195
9.25295572916665	108.20777766669194
9.35295572916665	109.38141766669193
9.45295572916665	110.55505766669192
9.55295572916665	111.72869766669191
9.65295572916665	112.9023376666919
9.752955729166649	114.0759776666919
9.852955729166649	115.24961766669189
9.952955729166648	116.42325766669188
10.052955729166648	117.59689766669187
10.152955729166647	118.77053766669187
10.252955729166647	119.94417766669186
10.352955729166647	121.11781766669185
10.452955729166646	122.29145766669184
10.552955729166646	123.46509766669183
10.652955729166646	124.63873766669182
10.752955729166645	125.81237766669182
10.852955729166645	126.98601766669181
10.952955729166645	128.1596576666918
11.052955729166644	129.33329766669178
11.152955729166644	130.50693766669175
11.252955729166644	131.5054772094001
11.352955729166643	132.4822772094001
11.452955729166643	133.4590772094001
11.552955729166642	134.4358772094001
11.652955729166642	135.4126772094001
11.752955729166642	136.3894772094001
11.852955729166641	137.3662772094001
11.952955729166641	138.3439521052334
12.05295572916664	139.35035210523338
12.15295572916664	140.35675210523337
12.25295572916664	141.36315210523335
12.35295572916664	142.36955210523334
12.45295572916664	143.37595210523332
12.552955729166639	144.3823521052333
12.652955729166639	144.45324564690026
12.752955729166638	144.45324564690026
12.852955729166638	144.45324564690026
12.952955729166638	144.45324564690026
13.052955729166637	144.45324564690026
13.152955729166637	144.45324564690026
13.252955729166636	144.45324564690026
13.352955729166636	144.45324564690026
13.452955729166636	144.45324564690026
13.552955729166635	144.45324564690026
13.652955729166635	144.45324564690026
13.752955729166635	144.45324564690026
13.852955729166634	144.45324564690026
13.952955729166634	144.45324564690026
14.052955729166634	144.45324564690026
14.152955729166633	144.45324564690026
14.252955729166633	144.45324564690026
14.352955729166633	144.45324564690026
14.452955729166632	144.45324564690026
14.552955729166632	144.45324564690026
14.652955729166631	144.45324564690026
14.752955729166631	144.45324564690026
14.85295572916663	144.45324564690026
14.95295572916663	144.45324564690026
15.05295572916663	144.45324564690026
15.15295572916663	144.45324564690026
15.25295572916663	144.45324564690026
15.352955729166629	144.45324564690026
15.452955729166629	144.45324564690026
15.552955729166628	144.45324564690026
15.652955729166628	144.45324564690026
15.752955729166628	144.45324564690026
15.852955729166627	144.45324564690026
15.952955729166627	144.45324564690026
16.052955729166626	144.45324564690026
16.152955729166628	144.45324564690026
16.25295572916663	144.45324564690026
16.35295572916663	144.45324564690026
16.452955729166632	144.45324564690026
16.552955729166634	144.45324564690026
16.652955729166635	144.45324564690026
16.752955729166636	144.45324564690026
16.852955729166638	144.45324564690026
16.95295572916664	144.45324564690026
17.05295572916664	144.45324564690026
17.152955729166642	144.45324564690026
17.252955729166644	144.45324564690026
17.352955729166645	144.45324564690026
17.452955729166646	144.45324564690026
17.552955729166648	144.45324564690026
17.65295572916665	144.45324564690026
17.75295572916665	144.45324564690026
17.852955729166652	144.45324564690026
17.952955729166653	144.45324564690026
18.052955729166655	144.45324564690026
18.152955729166656	144.45324564690026
18.252955729166658	144.45324564690026
18.35295572916666	144.45324564690026
18.45295572916666	144.45324564690026
18.552955729166662	144.45324564690026
18.652955729166663	144.45324564690026
18.752955729166665	144.45324564690026
18.852955729166666	144.45324564690026
18.952955729166668	144.45324564690026
19.05295572916667	144.45324564690026
19.15295572916667	144.45324564690026
19.252955729166672	144.45324564690026
19.352955729166673	144.45324564690026
19.452955729166675	144.45324564690026
19.552955729166676	144.45324564690026
19.652955729166678	144.45324564690026
19.75295572916668	144.45324564690026
19.85295572916668	144.45324564690026
19.952955729166682	144.45324564690026
20.052955729166683	144.45324564690026
20.152955729166685	144.45324564690026
20.252955729166686	144.45324564690026
20.352955729166688	144.45324564690026
20.45295572916669	144.45324564690026
20.55295572916669	144.45324564690026
20.652955729166692	144.45324564690026
20.752955729166693	144.45324564690026
20.852955729166695	144.45324564690026
20.952955729166696	144.45324564690026
21.052955729166698	144.45324564690026
21.1529557291667	144.45324564690026
21.2529557291667	144.45324564690026
21.352955729166702	144.45324564690026
21.452955729166703	144.45324564690026
21.552955729166705	144.45324564690026
21.652955729166706	144.45324564690026
21.752955729166707	144.45324564690026
21.85295572916671	144.45324564690026
21.95295572916671	144.45324564690026
22.05295572916671	144.45324564690026
22.152955729166713	144.45324564690026
22.252955729166715	144.45324564690026
22.352955729166716	144.45324564690026
22.452955729166717	144.45324564690026
22.55295572916672	144.45324564690026
22.65295572916672	144.45324564690026
22.75295572916672	144.45324564690026
22.852955729166723	144.45324564690026
22.952955729166725	144.45324564690026
23.052955729166726	144.45324564690026
23.152955729166727	144.45324564690026
23.25295572916673	144.45324564690026
23.35295572916673	144.45324564690026
23.45295572916673	144.45324564690026
23.552955729166733	144.45324564690026
23.652955729166734	144.45324564690026
23.752955729166736	144.45324564690026
23.852955729166737	144.45324564690026
23.95295572916674	144.45324564690026
24.05295572916674	144.45324564690026
24.15295572916674	144.47763518348125
24.252955729166743	144.57605518348126
24.352955729166744	144.67447518348126
24.452955729166746	144.77289518348127
24.552955729166747	144.87131518348127
24.65295572916675	144.96973518348128
24.75295572916675	145.06815518348128
24.85295572916675	145.16657518348129
24.952955729166753	145.2649951834813
25.052955729166754	145.3634151834813
25.152955729166756	145.4618351834813
25.22962356792144	145.536695673657
179769313486231570000000000000000000000000000000000000000000000000000000000000000000000000000000000000000000000000000000000000000000000000000000000000000000000000000000000000000000000000000000000000000000000000000000000000000000000000000000000000000000000000000000000000000000000000000000000000000000000000000	145.536695673657
