-179769313486231570000000000000000000000000000000000000000000000000000000000000000000000000000000000000000000000000000000000000000000000000000000000000000000000000000000000000000000000000000000000000000000000000000000000000000000000000000000000000000000000000000000000000000000000000000000000000000000000000000	0
-0.0000000000000007597495016687857	0
0.0033333333333325737	0.03293756004005018
0.008333333333332573	0.11594733908110835
0.015833333333332575	0.2419532028627616
0.027083333333332574	0.4330988613313895
0.04395833333333257	0.7232905056447416
0.06927083333333257	1.1643802889805621
0.10723958333333258	1.8357115898216048
0.1641927083333326	2.85926461257018
0.24962239583333262	4.422068120680334
0.34962239583333266	6.490801965560418
0.44962239583333263	8.753996827740172
0.5496223958333326	11.042720637352383
0.6496223958333326	13.35041643100512
0.7496223958333326	15.672230522836843
0.8496223958333325	18.004354556587856
0.9496223958333325	20.34369574079919
1.0496223958333326	22.687666929675117
1.1496223958333327	25.034061751375596
1.2496223958333328	27.38125199165984
1.3496223958333329	29.728531991659874
1.449622395833333	32.075811991659904
1.549622395833333	34.42309199165993
1.6496223958333331	36.77037199165996
1.7496223958333332	39.11765199165998
1.8496223958333333	41.46493199166001
1.9496223958333334	43.812211991660035
2.0496223958333335	46.15949199166006
2.1496223958333336	48.50677199166009
2.2496223958333337	50.854051991660114
2.3496223958333338	53.20133199166014
2.449622395833334	55.54861199166017
2.549622395833334	57.89589199166019
2.649622395833334	60.24317199166022
2.749622395833334	62.590451991660245
2.849622395833334	64.93773199166027
2.9496223958333343	67.28501199166031
3.0496223958333344	69.63229199166035
3.1496223958333345	71.97957199166039
3.2496223958333346	74.32685199166043
3.3496223958333347	76.67413199166047
3.4496223958333347	79.02141199166051
3.549622395833335	81.36869199166055
3.649622395833335	83.7159719916606
3.749622395833335	86.06325199166064
3.849622395833335	88.41053199166068
3.949622395833335	90.75781199166072
4.049622395833335	93.10509199166076
4.149622395833335	95.45237199166078
4.249622395833335	97.7996519916608
4.349622395833334	100.14693199166081
4.449622395833334	102.49421199166082
4.5496223958333335	104.84149199166083
4.649622395833333	107.18877199166084
4.749622395833333	109.53605199166086
4.849622395833332	111.88333199166087
4.949622395833332	114.23061199166088
5.049622395833332	116.57789199166089
5.149622395833331	118.9251719916609
5.249622395833331	121.27245199166092
5.349622395833331	123.61973199166093
5.44962239583333	125.96701199166094
5.54962239583333	128.31429199166095
5.64962239583333	130.66157199166096
5.749622395833329	133.00885199166098
5.849622395833329	135.356131991661
5.9496223958333285	137.703411991661
6.049622395833328	140.050691991661
6.149622395833328	142.39797199166102
6.2496223958333275	144.74525199166104
6.349622395833327	147.09253199166105
6.449622395833327	149.43981199166106
6.549622395833326	151.78709199166107
6.649622395833326	154.13437199166108
6.749622395833326	156.4816519916611
6.849622395833325	158.8289319916611
6.949622395833325	161.17621199166112
7.049622395833325	163.52349199166113
7.149622395833324	165.87077199166114
7.249622395833324	168.21805199166116
7.3496223958333236	170.56533199166117
7.449622395833323	172.91261199166118
7.549622395833323	175.2598919916612
7.6496223958333225	177.6071719916612
7.749622395833322	179.95445199166122
7.849622395833322	182.30173199166123
7.949622395833321	184.64901199166124
8.049622395833321	186.99629199166125
8.14962239583332	189.34357199166126
8.24962239583332	191.69085199166128
8.34962239583332	194.0381319916613
8.44962239583332	196.3854119916613
8.54962239583332	198.7326919916613
8.649622395833319	201.07997199166132
8.749622395833319	203.42725199166134
8.849622395833318	205.77453199166135
8.949622395833318	208.12181199166136
9.049622395833318	210.46909199166137
9.149622395833317	212.81637199166138
9.249622395833317	215.1636519916614
9.349622395833316	217.5109319916614
9.449622395833316	219.85821199166142
9.549622395833316	222.20549199166143
9.649622395833315	224.55277199166144
9.749622395833315	226.90005199166146
9.849622395833315	229.24733199166147
9.949622395833314	231.59461199166148
10.049622395833314	233.9418919916615
10.149622395833314	236.2891719916615
10.249622395833313	238.63645199166152
10.349622395833313	240.98373199166153
10.449622395833313	243.33101199166154
10.549622395833312	245.67829199166155
10.649622395833312	248.02557199166156
10.749622395833311	250.37285199166158
10.849622395833311	252.7201319916616
10.94962239583331	255.0674119916616
11.04962239583331	257.41469199166164
11.14962239583331	259.7619719916617
11.24962239583331	261.94071286770344
11.34962239583331	263.92261374374516
11.449622395833309	265.8762137437452
11.549622395833309	267.82981374374526
11.649622395833308	269.7834137437453
11.749622395833308	271.73701374374536
11.849622395833308	273.6906137437454
11.949622395833307	275.64421374374547
12.049622395833307	277.62730197291216
12.149622395833306	279.6399902020788
12.249622395833306	281.6527902020788
12.349622395833306	283.66559020207876
12.449622395833305	285.67839020207873
12.549622395833305	287.6911902020787
12.649622395833305	288.8020304104123
12.749622395833304	288.90647061874597
12.849622395833304	288.90647061874597
12.949622395833304	288.90647061874597
13.049622395833303	288.90647061874597
13.149622395833303	288.90647061874597
13.249622395833303	288.90647061874597
13.349622395833302	288.90647061874597
13.449622395833302	288.90647061874597
13.549622395833302	288.90647061874597
13.649622395833301	288.90647061874597
13.7496223958333	288.90647061874597
13.8496223958333	288.90647061874597
13.9496223958333	288.90647061874597
14.0496223958333	288.90647061874597
14.1496223958333	288.90647061874597
14.249622395833299	288.90647061874597
14.349622395833299	288.90647061874597
14.449622395833298	288.90647061874597
14.549622395833298	288.90647061874597
14.649622395833298	288.90647061874597
14.749622395833297	288.90647061874597
14.849622395833297	288.90647061874597
14.949622395833297	288.90647061874597
15.049622395833296	288.90647061874597
15.149622395833296	288.90647061874597
15.249622395833295	288.90647061874597
15.349622395833295	288.90647061874597
15.449622395833295	288.90647061874597
15.549622395833294	288.90647061874597
15.649622395833294	288.90647061874597
15.749622395833294	288.90647061874597
15.849622395833293	288.90647061874597
15.949622395833293	288.90647061874597
16.049622395833293	288.90647061874597
16.149622395833294	288.90647061874597
16.249622395833295	288.90647061874597
16.349622395833297	288.90647061874597
16.4496223958333	288.90647061874597
16.5496223958333	288.90647061874597
16.6496223958333	288.90647061874597
16.749622395833303	288.90647061874597
16.849622395833304	288.90647061874597
16.949622395833305	288.90647061874597
17.049622395833307	288.90647061874597
17.14962239583331	288.90647061874597
17.24962239583331	288.90647061874597
17.34962239583331	288.90647061874597
17.449622395833313	288.90647061874597
17.549622395833314	288.90647061874597
17.649622395833315	288.90647061874597
17.749622395833317	288.90647061874597
17.849622395833318	288.90647061874597
17.94962239583332	288.90647061874597
18.04962239583332	288.90647061874597
18.149622395833322	288.90647061874597
18.249622395833324	288.90647061874597
18.349622395833325	288.90647061874597
18.449622395833327	288.90647061874597
18.549622395833328	288.90647061874597
18.64962239583333	288.90647061874597
18.74962239583333	288.90647061874597
18.849622395833332	288.90647061874597
18.949622395833334	288.90647061874597
19.049622395833335	288.90647061874597
19.149622395833337	288.90647061874597
19.249622395833338	288.90647061874597
19.34962239583334	288.90647061874597
19.44962239583334	288.90647061874597
19.549622395833342	288.90647061874597
19.649622395833344	288.90647061874597
19.749622395833345	288.90647061874597
19.849622395833347	288.90647061874597
19.949622395833348	288.90647061874597
20.04962239583335	288.90647061874597
20.14962239583335	288.90647061874597
20.249622395833352	288.90647061874597
20.349622395833354	288.90647061874597
20.449622395833355	288.90647061874597
20.549622395833357	288.90647061874597
20.649622395833358	288.90647061874597
20.74962239583336	288.90647061874597
20.84962239583336	288.90647061874597
20.949622395833362	288.90647061874597
21.049622395833364	288.90647061874597
21.149622395833365	288.90647061874597
21.249622395833367	288.90647061874597
21.349622395833368	288.90647061874597
21.44962239583337	288.90647061874597
21.54962239583337	288.90647061874597
21.649622395833372	288.90647061874597
21.749622395833374	288.90647061874597
21.849622395833375	288.90647061874597
21.949622395833376	288.90647061874597
22.049622395833378	288.90647061874597
22.14962239583338	288.90647061874597
22.24962239583338	288.90647061874597
22.349622395833382	288.90647061874597
22.449622395833384	288.90647061874597
22.549622395833385	288.90647061874597
22.649622395833386	288.90647061874597
22.749622395833388	288.90647061874597
22.84962239583339	288.90647061874597
22.94962239583339	288.90647061874597
23.049622395833392	288.90647061874597
23.149622395833394	288.90647061874597
23.249622395833395	288.90647061874597
23.349622395833396	288.90647061874597
23.449622395833398	288.90647061874597
23.5496223958334	288.90647061874597
23.6496223958334	288.90647061874597
23.749622395833402	288.90647061874597
23.849622395833403	288.90647061874597
23.949622395833405	288.90647061874597
24.049622395833406	288.90647061874597
24.149622395833408	288.9541060696141
24.24962239583341	289.10016152048223
24.34962239583341	289.2970015204822
24.449622395833412	289.49384152048214
24.549622395833413	289.6906815204821
24.649622395833415	289.88752152048204
24.749622395833416	290.084361520482
24.849622395833418	290.28120152048194
24.94962239583342	290.4780415204819
25.04962239583342	290.67488152048185
25.149622395833422	290.8717215204818
25.23	291.1037117121223
179769313486231570000000000000000000000000000000000000000000000000000000000000000000000000000000000000000000000000000000000000000000000000000000000000000000000000000000000000000000000000000000000000000000000000000000000000000000000000000000000000000000000000000000000000000000000000000000000000000000000000000	291.2372819037628
