-100000	0
-0.002999218463898501	0
0.00033411486943483266	0.03306527733587661
0.005334114869434832	0.08328770089944369
0.012834114869434832	0.15943940169380158
0.024084114869434833	0.27495994358421083
0.040959114869434834	0.450387754265289
0.06627161486943484	0.7171609080013212
0.10424036486943483	1.1234781916027592
0.16119348986943483	1.743299510070713
0.24662317736943484	2.6900390166348385
0.3466231773694348	3.816993574521425
0.4466231773694348	4.958635976490343
0.5466231773694348	6.111123513715788
0.6466231773694348	7.271686005155446
0.7466231773694347	8.438192932734744
0.8466231773694347	9.608930746539407
0.9466231773694347	10.782477161562767
1.0466231773694348	11.957623917269585
1.1466231773694349	13.133336774704297
1.246623177369435	14.30908540249737
1.346623177369435	15.484841275918594
1.4466231773694351	16.660598762608863
1.5466231773694352	17.83636328587668
1.6466231773694353	19.012136993846024
1.7466231773694354	20.187908147072935
1.8466231773694355	21.363695300376197
1.9466231773694356	22.539481634307286
2.0466231773694354	23.715264592367426
2.1466231773694355	24.891060516650658
2.2466231773694356	26.06686166139869
2.3466231773694357	27.242668027122217
2.446623177369436	28.41848154934679
2.546623177369436	29.594298166325547
2.646623177369436	30.770119729965984
2.746623177369436	31.945946240467137
2.846623177369436	33.121777698029625
2.9466231773694362	34.2976141028527
3.0466231773694363	35.473455455136964
3.1466231773694364	36.64932061352707
3.2466231773694365	37.82517276964675
3.3466231773694366	39.00100798240675
3.4466231773694367	40.17686818266023
3.5466231773694368	41.35273893493798
3.646623177369437	42.52860910701998
3.746623177369437	43.704483438594444
3.846623177369437	44.88036181153072
3.946623177369437	46.05624396925192
4.046623177369437	47.232129911519344
4.146623177369436	48.408019638093556
4.246623177369436	49.58391314873576
4.346623177369436	50.75981044320688
4.446623177369435	51.93571152126785
4.546623177369435	53.1116163826798
4.646623177369435	54.28752502720321
4.746623177369434	55.463462236832584
4.846623177369434	56.63935033857334
4.946623177369434	57.81527451442783
5.046623177369433	58.99119510631505
5.146623177369433	60.167120724532666
5.2466231773694325	61.343049187633255
5.346623177369432	62.51898049571332
5.446623177369432	63.694914648872064
5.5466231773694314	64.87085164720757
5.646623177369431	66.04679149081774
5.746623177369431	67.22273417980085
5.84662317736943	68.3986797142554
5.94662317736943	69.57462809427915
6.04662317736943	70.75061601017721
6.146623177369429	71.9265338150662
6.246623177369429	73.10246967637049
6.346623177369429	74.27844469648976
6.446623177369428	75.45440337019102
6.546623177369428	76.63036349737264
6.6466231773694275	77.80632507793513
6.746623177369427	78.98228811177893
6.846623177369427	80.15825259880404
6.9466231773694265	81.3342185389114
7.046623177369426	82.51018593200037
7.146623177369426	83.68615477797158
7.246623177369425	84.86212507672546
7.346623177369425	86.03809527354609
7.446623177369425	87.21406963417738
7.546623177369424	88.39004213068435
7.646623177369424	89.56601732767365
7.746623177369424	90.74199364470333
7.846623177369423	91.91797108159895
7.946623177369423	93.09394820246625
8.046623177369423	94.26992721260163
8.146623177369422	95.44590678026589
8.246623177369422	96.62188690546137
8.346623177369421	97.79786758819155
8.446623177369421	98.97384882845974
8.54662317736942	100.14982949213766
8.64662317736942	101.32581221157294
8.74662317736942	102.5017991475894
8.84662317736942	103.67778041413295
8.94662317736942	104.85376433934354
9.046623177369419	106.0297488219907
9.146623177369419	107.20573386208318
9.246623177369418	108.38171945962742
9.346623177369418	109.55770561463262
9.446623177369418	110.7336923271047
9.546623177369417	111.9096795970524
9.646623177369417	113.08566742448299
9.746623177369417	114.2616558094042
9.846623177369416	115.43764625517352
9.946623177369416	116.61363554308772
10.046623177369415	117.78962580991295
10.146623177369415	118.96561697932901
10.246623177369415	120.14160870662477
10.346623177369414	121.31760099178533
10.446623177369414	122.49359383479405
10.546623177369414	123.66958469844398
10.646623177369413	124.84558039059034
10.746623177369413	126.02157328444595
10.846623177369413	127.19757005534025
10.946623177369412	128.37356420021203
11.046623177369412	129.54956105456617
11.146623177369412	130.7255557342731
11.246623177369411	131.73709413556222
11.34662317736941	132.714503396256
11.44662317736941	133.69191321472815
11.54662317736941	134.6693235909612
11.64662317736941	135.64673452493952
11.74662317736941	136.62414731259327
11.846623177369409	137.60155684279272
11.946623177369409	138.57897041551482
12.046623177369408	139.5843872068497
12.146623177369408	140.5907841282804
12.246623177369408	141.5971816072952
12.346623177369407	142.60358091846655
12.446623177369407	143.6099810908317
12.546623177369407	144.6163797953691
12.56	144.75100455388065
1000012.56	144.75100455388065
