-179769313486231570000000000000000000000000000000000000000000000000000000000000000000000000000000000000000000000000000000000000000000000000000000000000000000000000000000000000000000000000000000000000000000000000000000000000000000000000000000000000000000000000000000000000000000000000000000000000000000000000000	0
5.868648787505932	0
5.871982120839265	0.00008153428849534771
5.875315454172598	0.00023549301077285464
5.880315454172598	0.0005972148076941156
5.887815454172598	0.0014340608584622778
5.899065454172598	0.003351422484233668
5.915940454172598	0.007717820380068522
5.941252954172598	0.01762301534554052
5.979221704172598	0.039624987717002014
6.036174829172598	0.08804023342470989
6.121604516672598	0.19287588756666557
6.221604516672597	0.360297117857947
6.321604516672597	0.5714022451458911
6.421604516672597	0.8223867228404986
6.521604516672596	1.1100474417880903
6.621604516672596	1.4319121289181744
6.7216045166725955	1.7859556409219084
6.821604516672595	2.1701436194455765
6.921604516672595	2.582732348685024
7.021604516672594	3.0222002756311506
7.121604516672594	3.4870993045315126
7.221604516672594	3.9761949933605325
7.321604516672593	4.488328299815575
7.421604516672593	5.022468504622305
7.521604516672593	5.577561955947358
7.621604516672592	6.152614886955519
7.721604516672592	6.746746832036514
7.821604516672592	7.359138628267776
7.921604516672591	7.988906641731547
8.021604516672591	8.635489385437307
8.12160451667259	9.297965250935084
8.22160451667259	9.97586608420221
8.32160451667259	10.668352270187928
8.42160451667259	11.375057178191849
8.52160451667259	12.095276058886904
8.621604516672589	12.828371823278955
8.721604516672588	13.573816954343489
8.821604516672588	14.331241656729958
8.921604516672588	15.100200289456327
9.021604516672587	15.880168156187562
9.121604516672587	16.670918435285774
9.221604516672587	17.471889028503238
9.321604516672586	18.28295662452248
9.421604516672586	19.10360506934445
9.521604516672586	19.933804979401014
9.621604516672585	20.773190495410013
9.721604516672585	21.62151487487616
9.821604516672584	22.478546689200538
9.921604516672584	23.344051971820264
10.021604516672584	24.217787546918583
10.121604516672583	25.09959974789992
10.221604516672583	25.98920749615742
10.321604516672583	26.886386812349294
10.421604516672582	27.790924647951663
10.521604516672582	28.702595588014553
10.621604516672582	29.621215686149966
10.721604516672581	30.54653573109426
10.821604516672581	31.478299888984637
10.92160451667258	32.41632086197968
11.02160451667258	33.36033771603149
11.12160451667258	34.310096853871165
11.22160451667258	35.26539678097552
11.32160451667258	36.22594408013406
11.421604516672579	37.191494171363495
11.521604516672578	38.161805150105366
11.621604516672578	39.13655977360365
11.721604516672578	40.115527048595325
11.821604516672577	41.098410906935776
11.921604516672577	42.08488113672102
12.021604516672577	43.074723739175084
12.121604516672576	44.067581518000196
12.221604516672576	45.06313422975608
12.321604516672576	46.061059990022336
12.421604516672575	47.06104034242213
12.521604516672575	48.06273628275998
12.621604516672575	49.06580365173668
12.721604516672574	50.069863878871985
12.821604516672574	50.47276808551476
12.921604516672573	50.80576808556505
13.021604516672573	51.13876808561534
13.121604516672573	51.47176808566563
13.221604516672572	51.80476808571592
13.321604516672572	52.13776808576621
13.421604516672572	52.4707680858165
13.521604516672571	52.80376808586679
13.621604516672571	53.13676808591708
13.72160451667257	53.469768085967374
13.82160451667257	53.802768086017664
13.92160451667257	54.135768086067955
14.02160451667257	54.468768086118246
14.12160451667257	54.801768086168536
14.221604516672569	55.13476808621883
14.321604516672569	55.46776808626912
14.421604516672568	55.80076808631941
14.521604516672568	56.1337680863697
14.621604516672567	56.46676808641999
14.721604516672567	56.79976808647028
14.821604516672567	57.13276808652057
14.921604516672566	57.46576808657086
15.021604516672566	57.79876808662115
15.121604516672566	58.13176808667144
15.221604516672565	58.46476808672173
15.321604516672565	58.797768086772024
15.421604516672565	59.130768086822314
15.521604516672564	59.463768086872605
15.621604516672564	59.796768086922896
15.721604516672564	60.129768086973186
15.821604516672563	60.46276808702348
15.921604516672563	60.79576808707377
16.021604516672564	61.128768087124065
16.121604516672566	61.46176808717436
16.221604516672567	61.79476808722466
16.32160451667257	62.12776808727496
16.42160451667257	62.460768087325256
16.52160451667257	62.793768087375554
16.621604516672573	63.12676808742585
16.721604516672574	63.45976808747615
16.821604516672576	63.79276808752645
16.921604516672577	64.12576808757674
17.02160451667258	64.45876808762704
17.12160451667258	64.79176808767733
17.22160451667258	65.12476808772762
17.321604516672583	65.45776808777791
17.421604516672584	65.7907680878282
17.521604516672586	66.12376808787849
17.621604516672587	66.45676808792878
17.72160451667259	66.78976808797907
17.82160451667259	67.12276808802936
17.92160451667259	67.45576808807965
18.021604516672593	67.78876808812994
18.121604516672594	68.12176808818023
18.221604516672596	68.45476808823052
18.321604516672597	68.78776808828081
18.4216045166726	69.1207680883311
18.5216045166726	69.4537680883814
18.6216045166726	69.78676808843169
18.721604516672603	70.11976808848198
18.821604516672604	70.45276808853227
18.921604516672605	70.78576808858256
19.021604516672607	71.11876808863285
19.12160451667261	71.45176808868314
19.22160451667261	71.78476808873343
19.32160451667261	72.11776808878372
19.421604516672613	72.45076808883401
19.521604516672614	72.7837680888843
19.621604516672615	73.11676808893459
19.721604516672617	73.44976808898488
19.82160451667262	73.78276808903517
19.92160451667262	74.11576808908546
20.02160451667262	74.44876808913575
20.121604516672623	74.78176808918604
20.221604516672624	75.11476808923634
20.321604516672625	75.44776808928663
20.421604516672627	75.78076808933692
20.521604516672628	76.11376808938721
20.62160451667263	76.4467680894375
20.72160451667263	76.77976808948779
20.821604516672632	77.11276808953808
20.921604516672634	77.44576808958837
21.021604516672635	77.77876808963866
21.121604516672637	78.11176808968895
21.221604516672638	78.44476808973924
21.32160451667264	78.77776808978953
21.42160451667264	79.11076808983982
21.521604516672642	79.44376808989011
21.621604516672644	79.7767680899404
21.721604516672645	80.1097680899907
21.821604516672647	80.44276809004099
21.921604516672648	80.77576809009128
22.02160451667265	81.10876809014157
22.12160451667265	81.44176809019186
22.221604516672652	81.77476809024215
22.321604516672654	82.10776809029244
22.421604516672655	82.44076809034273
22.521604516672657	82.77376809039302
22.621604516672658	83.10676809044331
22.72160451667266	83.4397680904936
22.82160451667266	83.77276809054389
22.921604516672662	84.10576809059418
23.021604516672664	84.43876809064447
23.121604516672665	84.77176809069476
23.221604516672667	85.10476809074505
23.321604516672668	85.43776809079534
23.42160451667267	85.77076809084564
23.45	85.95988200983422
179769313486231570000000000000000000000000000000000000000000000000000000000000000000000000000000000000000000000000000000000000000000000000000000000000000000000000000000000000000000000000000000000000000000000000000000000000000000000000000000000000000000000000000000000000000000000000000000000000000000000000000	85.95988200983422
