-179769313486231570000000000000000000000000000000000000000000000000000000000000000000000000000000000000000000000000000000000000000000000000000000000000000000000000000000000000000000000000000000000000000000000000000000000000000000000000000000000000000000000000000000000000000000000000000000000000000000000000000	0
-0.0000000000000007728224665838211	0
0.0033333333333325607	0.03293725248753698
0.008333333333332561	0.11594626726502483
0.01583333333333256	0.24195099819261698
0.02708333333333256	0.43309498930205
0.04395833333333256	0.7232842088628172
0.06927083333333256	1.164370517780594
0.10723958333333256	1.8356969150089486
0.16419270833333255	2.8592432845294913
0.24962239583333257	4.422038252961709
0.34962239583333254	6.490762991290467
0.4496223958333325	8.753950213982572
0.5496223958333325	11.042668358099176
0.6496223958333325	13.350360126577925
0.7496223958333325	15.672171517377606
0.8496223958333324	18.004293861545307
0.9496223958333324	20.343634107807954
1.0496223958333324	22.687604879962812
1.1496223958333325	25.033999578622637
1.2496223958333326	27.381189804985528
1.3496223958333327	29.72846980498556
1.4496223958333327	32.07574980498559
1.5496223958333328	34.42302980498562
1.649622395833333	36.770309804985644
1.749622395833333	39.11758980498567
1.849622395833333	41.464869804985696
1.9496223958333332	43.81214980498572
2.049622395833333	46.15942980498575
2.149622395833333	48.506709804985775
2.2496223958333332	50.8539898049858
2.3496223958333333	53.20126980498583
2.4496223958333334	55.54854980498585
2.5496223958333335	57.89582980498588
2.6496223958333336	60.243109804985906
2.7496223958333337	62.59038980498593
2.8496223958333338	64.93766980498596
2.949622395833334	67.284949804986
3.049622395833334	69.63222980498604
3.149622395833334	71.97950980498608
3.249622395833334	74.32678980498612
3.349622395833334	76.67406980498616
3.4496223958333343	79.0213498049862
3.5496223958333344	81.36862980498624
3.6496223958333345	83.71590980498628
3.7496223958333346	86.06318980498632
3.8496223958333347	88.41046980498636
3.9496223958333347	90.7577498049864
4.049622395833334	93.10502980498643
4.149622395833334	95.45230980498644
4.249622395833334	97.79958980498645
4.349622395833333	100.14686980498647
4.449622395833333	102.49414980498648
4.549622395833333	104.84142980498649
4.649622395833332	107.1887098049865
4.749622395833332	109.53598980498651
4.8496223958333315	111.88326980498653
4.949622395833331	114.23054980498654
5.049622395833331	116.57782980498655
5.1496223958333305	118.92510980498656
5.24962239583333	121.27238980498657
5.34962239583333	123.61966980498659
5.449622395833329	125.9669498049866
5.549622395833329	128.3142298049866
5.649622395833329	130.66150980498662
5.749622395833328	133.00878980498663
5.849622395833328	135.35606980498665
5.949622395833328	137.70334980498666
6.049622395833327	140.05062980498667
6.149622395833327	142.39790980498668
6.249622395833327	144.7451898049867
6.349622395833326	147.0924698049867
6.449622395833326	149.43974980498672
6.5496223958333255	151.78702980498673
6.649622395833325	154.13430980498674
6.749622395833325	156.48158980498675
6.849622395833324	158.82886980498677
6.949622395833324	161.17614980498678
7.049622395833324	163.5234298049868
7.149622395833323	165.8707098049868
7.249622395833323	168.21798980498681
7.349622395833323	170.56526980498683
7.449622395833322	172.91254980498684
7.549622395833322	175.25982980498685
7.649622395833322	177.60710980498686
7.749622395833321	179.95438980498687
7.849622395833321	182.3016698049869
7.9496223958333205	184.6489498049869
8.049622395833321	186.99622980498694
8.14962239583332	189.34350980498698
8.24962239583332	191.690789804987
8.34962239583332	194.038069804987
8.44962239583332	196.38534980498702
8.54962239583332	198.73262980498703
8.649622395833319	201.07990980498704
8.749622395833319	203.42718980498705
8.849622395833318	205.77446980498706
8.949622395833318	208.12174980498708
9.049622395833318	210.4690298049871
9.149622395833317	212.8163098049871
9.249622395833317	215.1635898049871
9.349622395833316	217.51086980498712
9.449622395833316	219.85814980498714
9.549622395833316	222.20542980498715
9.649622395833315	224.55270980498716
9.749622395833315	226.89998980498717
9.849622395833315	229.24726980498718
9.949622395833314	231.5945498049872
10.049622395833314	233.9418298049872
10.149622395833314	236.28910980498722
10.249622395833313	238.63638980498723
10.349622395833313	240.98366980498724
10.449622395833313	243.33094980498726
10.549622395833312	245.67822980498727
10.649622395833312	248.02550980498728
10.749622395833311	250.3727898049873
10.849622395833311	252.7200698049873
10.94962239583331	255.06734980498732
11.04962239583331	257.4146298049874
11.14962239583331	259.76190980498745
11.24962239583331	261.9406506810292
11.34962239583331	263.9225515570709
11.449622395833309	265.87615155707095
11.549622395833309	267.829751557071
11.649622395833308	269.78335155707106
11.749622395833308	271.7369515570711
11.849622395833308	273.69055155707116
11.949622395833307	275.6441515570712
12.049622395833307	277.6272397862379
12.149622395833306	279.63992801540456
12.249622395833306	281.65272801540453
12.349622395833306	283.6655280154045
12.449622395833305	285.6783280154045
12.549622395833305	287.69112801540444
12.649622395833305	288.8019682237381
12.749622395833304	288.9064084320717
12.849622395833304	288.9064084320717
12.949622395833304	288.9064084320717
13.049622395833303	288.9064084320717
13.149622395833303	288.9064084320717
13.249622395833303	288.9064084320717
13.349622395833302	288.9064084320717
13.449622395833302	288.9064084320717
13.549622395833302	288.9064084320717
13.649622395833301	288.9064084320717
13.7496223958333	288.9064084320717
13.8496223958333	288.9064084320717
13.9496223958333	288.9064084320717
14.0496223958333	288.9064084320717
14.1496223958333	288.9064084320717
14.249622395833299	288.9064084320717
14.349622395833299	288.9064084320717
14.449622395833298	288.9064084320717
14.549622395833298	288.9064084320717
14.649622395833298	288.9064084320717
14.749622395833297	288.9064084320717
14.849622395833297	288.9064084320717
14.949622395833297	288.9064084320717
15.049622395833296	288.9064084320717
15.149622395833296	288.9064084320717
15.249622395833295	288.9064084320717
15.349622395833295	288.9064084320717
15.449622395833295	288.9064084320717
15.549622395833294	288.9064084320717
15.649622395833294	288.9064084320717
15.749622395833294	288.9064084320717
15.849622395833293	288.9064084320717
15.949622395833293	288.9064084320717
16.049622395833293	288.9064084320717
16.149622395833294	288.9064084320717
16.249622395833295	288.9064084320717
16.349622395833297	288.9064084320717
16.4496223958333	288.9064084320717
16.5496223958333	288.9064084320717
16.6496223958333	288.9064084320717
16.749622395833303	288.9064084320717
16.849622395833304	288.9064084320717
16.949622395833305	288.9064084320717
17.049622395833307	288.9064084320717
17.14962239583331	288.9064084320717
17.24962239583331	288.9064084320717
17.34962239583331	288.9064084320717
17.449622395833313	288.9064084320717
17.549622395833314	288.9064084320717
17.649622395833315	288.9064084320717
17.749622395833317	288.9064084320717
17.849622395833318	288.9064084320717
17.94962239583332	288.9064084320717
18.04962239583332	288.9064084320717
18.149622395833322	288.9064084320717
18.249622395833324	288.9064084320717
18.349622395833325	288.9064084320717
18.449622395833327	288.9064084320717
18.549622395833328	288.9064084320717
18.64962239583333	288.9064084320717
18.74962239583333	288.9064084320717
18.849622395833332	288.9064084320717
18.949622395833334	288.9064084320717
19.049622395833335	288.9064084320717
19.149622395833337	288.9064084320717
19.249622395833338	288.9064084320717
19.34962239583334	288.9064084320717
19.44962239583334	288.9064084320717
19.549622395833342	288.9064084320717
19.649622395833344	288.9064084320717
19.749622395833345	288.9064084320717
19.849622395833347	288.9064084320717
19.949622395833348	288.9064084320717
20.04962239583335	288.9064084320717
20.14962239583335	288.9064084320717
20.249622395833352	288.9064084320717
20.349622395833354	288.9064084320717
20.449622395833355	288.9064084320717
20.549622395833357	288.9064084320717
20.649622395833358	288.9064084320717
20.74962239583336	288.9064084320717
20.84962239583336	288.9064084320717
20.949622395833362	288.9064084320717
21.049622395833364	288.9064084320717
21.149622395833365	288.9064084320717
21.249622395833367	288.9064084320717
21.349622395833368	288.9064084320717
21.44962239583337	288.9064084320717
21.54962239583337	288.9064084320717
21.649622395833372	288.9064084320717
21.749622395833374	288.9064084320717
21.849622395833375	288.9064084320717
21.949622395833376	288.9064084320717
22.049622395833378	288.9064084320717
22.14962239583338	288.9064084320717
22.24962239583338	288.9064084320717
22.349622395833382	288.9064084320717
22.449622395833384	288.9064084320717
22.549622395833385	288.9064084320717
22.649622395833386	288.9064084320717
22.749622395833388	288.9064084320717
22.84962239583339	288.9064084320717
22.94962239583339	288.9064084320717
23.049622395833392	288.9064084320717
23.149622395833394	288.9064084320717
23.249622395833395	288.9064084320717
23.349622395833396	288.9064084320717
23.449622395833398	288.9064084320717
23.5496223958334	288.9064084320717
23.6496223958334	288.9064084320717
23.749622395833402	288.9064084320717
23.849622395833403	288.9064084320717
23.949622395833405	288.9064084320717
24.049622395833406	288.9345239162732
24.149622395833408	289.0610594004746
24.24962239583341	289.25789940047457
24.34962239583341	289.4547394004745
24.449622395833412	289.6515794004745
24.549622395833413	289.8484194004744
24.649622395833415	290.0452594004744
24.749622395833416	290.24209940047433
24.849622395833418	290.4389394004743
24.94962239583342	290.63577940047423
25.04962239583342	290.8326194004742
25.149622395833422	291.02945940047414
25.23	291.28609467651563
179769313486231570000000000000000000000000000000000000000000000000000000000000000000000000000000000000000000000000000000000000000000000000000000000000000000000000000000000000000000000000000000000000000000000000000000000000000000000000000000000000000000000000000000000000000000000000000000000000000000000000000	291.44430995255715
