-100000	0
-0.002999218463898501	0
0.00033411486943483266	0.03306773450462344
0.005334114869434832	0.08329386882574048
0.012834114869434832	0.15945111877708942
0.024084114869434833	0.27497995324713514
0.040959114869434834	0.45042023075887644
0.06627161486943484	0.717211952628673
0.10424036486943483	1.1235568517213774
0.16119348986943483	1.7434192340618864
0.24662317736943484	2.6902197811494335
0.3466231773694348	3.8172443845815978
0.4466231773694348	4.958955890578708
0.5466231773694348	6.111511485873391
0.6466231773694348	7.272140360659961
0.7466231773694347	8.438712640445456
0.8466231773694347	9.609514356513309
0.9466231773694347	10.783123489973661
1.0466231773694348	11.95833202207138
1.1466231773694349	13.134105698596855
1.246623177369435	14.309913658906618
1.346623177369435	15.485727256770689
1.4466231773694351	16.661542227358744
1.5466231773694352	17.837363410279046
1.6466231773694353	19.01319215290302
1.7466231773694354	20.189022232594237
1.8466231773694355	21.36485741289544
1.9466231773694356	22.540697115028475
2.0466231773694354	23.71653508536102
2.1466231773694355	24.89238315091817
2.2466231773694356	26.06824203902232
2.3466231773694357	27.244100067668924
2.446623177369436	28.419957854779415
2.546623177369436	29.595833229114987
2.646623177369436	30.77170426424002
2.746623177369436	31.947568740409864
2.846623177369436	33.123447692837686
2.9466231773694362	34.299330942560175
3.0466231773694363	35.47521848981418
3.1466231773694364	36.65111033483541
3.2466231773694365	37.82700647786092
3.3466231773694366	39.00292139961897
3.4466231773694367	40.17881413198671
3.5466231773694368	41.354722213381855
3.646623177369437	42.530636183963495
3.746623177369437	43.70655240757069
3.846623177369437	44.88247226673104
3.946623177369437	46.05839318303719
4.046623177369437	47.23431939322509
4.146623177369436	48.41024880909396
4.246623177369436	49.58618143049831
4.346623177369436	50.76211725729187
4.446623177369435	51.938056289329595
4.546623177369435	53.113998526463995
4.646623177369435	54.28994257843222
4.746623177369434	55.4658902377361
4.846623177369434	56.64184038253481
4.946623177369434	57.81779495778467
5.046623177369433	58.993750962268116
5.146623177369433	60.16969147060773
5.2466231773694325	61.34566902756166
5.346623177369432	62.52163122030272
5.446623177369432	63.69759540165075
5.5466231773694314	64.87356157171988
5.646623177369431	66.04952973062316
5.746623177369431	67.22549987847572
5.84662317736943	68.40147201539068
5.94662317736943	69.57744494239168
6.04662317736943	70.75342068692773
6.146623177369429	71.92940121640139
6.246623177369429	73.10538167737245
6.346623177369429	74.28136373441657
6.446623177369428	75.45734340169082
6.546623177369428	76.633327285304
6.6466231773694275	77.80931213783425
6.746623177369427	78.98529795928252
6.846623177369427	80.16128474964823
6.9466231773694265	81.33727250893149
7.046623177369426	82.51326123713234
7.146623177369426	83.6892619518006
7.246623177369425	84.86524035866502
7.346623177369425	86.04123028009583
7.446623177369425	87.21722224128025
7.546623177369424	88.39321380824246
7.646623177369424	89.56919922303378
7.746623177369424	90.74519583116391
7.846623177369423	91.92118797107982
7.946623177369423	93.0971799683372
8.046623177369423	94.27317224234626
8.146623177369422	95.44916478302814
8.246623177369422	96.62515759039465
8.346623177369421	97.80115066445954
8.446623177369421	98.97714463332193
8.54662317736942	100.15313773335585
8.64662317736942	101.32913109756663
8.74662317736942	102.50512592468846
8.84662317736942	103.68112098768074
8.94662317736942	104.85711463740455
9.046623177369419	106.03310983393104
9.146623177369419	107.20910529836058
9.246623177369418	108.3851010306585
9.346623177369418	109.56109703079026
9.446623177369418	110.73709329872317
9.546623177369417	111.91308983442178
9.646623177369417	113.08908527814849
9.746623177369417	114.26508316850015
9.846623177369416	115.44107972718335
9.946623177369416	116.61707708026685
10.046623177369415	117.79307535836719
10.146623177369415	118.96907502952367
10.246623177369415	120.14507027735185
10.346623177369414	121.32106916333224
10.446623177369414	122.49706831749837
10.546623177369414	123.67306712087665
10.646623177369413	124.84906702906815
10.746623177369413	126.02506720575605
10.846623177369413	127.20106590268958
10.946623177369412	128.37706638038966
11.046623177369412	129.55306712591502
11.146623177369412	130.7290681391967
11.246623177369411	131.7406115764654
11.34662317736941	132.718024613552
11.44662317736941	133.6954379184088
11.54662317736941	134.67285153942248
11.64662317736941	135.65026317038178
11.74662317736941	136.6276771877886
11.846623177369409	137.6050914726602
11.946623177369409	138.58250602492384
12.046623177369408	139.5879269878478
12.146623177369408	140.59432546575084
12.246623177369408	141.60072421048258
12.346623177369407	142.60712322209505
12.446623177369407	143.61352276694805
12.546623177369407	144.61992336681547
12.56	144.7545460018655
1000012.56	144.7545460018655
