-179769313486231570000000000000000000000000000000000000000000000000000000000000000000000000000000000000000000000000000000000000000000000000000000000000000000000000000000000000000000000000000000000000000000000000000000000000000000000000000000000000000000000000000000000000000000000000000000000000000000000000000	0
-0.000000000000000781537776527178	0
0.003333333333332552	0.03293704743598131
0.008333333333332553	0.1159455525382048
0.015833333333332554	0.24194952771067607
0.027083333333332554	0.433092406221774
0.04395833333333256	0.7232800075935453
0.06927083333333256	1.164363997624661
0.10723958333333256	1.8356871189812312
0.16419270833333255	2.8592290441978934
0.24962239583333257	4.422018308680789
0.34962239583333254	6.49073695960442
0.4496223958333325	8.753919073331682
0.5496223958333325	11.042633426453287
0.6496223958333325	13.350322497242631
0.7496223958333325	15.672132073755295
0.8496223958333324	18.00425327952697
0.9496223958333324	20.343592892864645
1.0496223958333324	22.687563382354043
1.1496223958333325	25.033957995908406
1.2496223958333326	27.381148212622065
1.3496223958333327	29.72842821262205
1.4496223958333327	32.07570821262203
1.5496223958333328	34.422988212622016
1.649622395833333	36.770268212622
1.749622395833333	39.11754821262198
1.849622395833333	41.46482821262197
1.9496223958333332	43.81210821262195
2.049622395833333	46.159388212621934
2.149622395833333	48.50666821262192
2.2496223958333332	50.8539482126219
2.3496223958333333	53.201228212621885
2.4496223958333334	55.54850821262187
2.5496223958333335	57.89578821262185
2.6496223958333336	60.243068212621836
2.7496223958333337	62.59034821262182
2.8496223958333338	64.9376282126218
2.949622395833334	67.28490821262179
3.049622395833334	69.63218821262177
3.149622395833334	71.97946821262175
3.249622395833334	74.32674821262174
3.349622395833334	76.67402821262172
3.4496223958333343	79.0213082126217
3.5496223958333344	81.36858821262169
3.6496223958333345	83.71586821262167
3.7496223958333346	86.06314821262166
3.8496223958333347	88.41042821262164
3.9496223958333347	90.75770821262162
4.049622395833334	93.1049882126216
4.149622395833334	95.45226821262159
4.249622395833334	97.79954821262157
4.349622395833333	100.14682821262156
4.449622395833333	102.49410821262154
4.549622395833333	104.84138821262152
4.649622395833332	107.18866821262151
4.749622395833332	109.53594821262149
4.8496223958333315	111.88322821262147
4.949622395833331	114.23050821262146
5.049622395833331	116.57778821262144
5.1496223958333305	118.92506821262143
5.24962239583333	121.27234821262141
5.34962239583333	123.6196282126214
5.449622395833329	125.96690821262138
5.549622395833329	128.31418821262136
5.649622395833329	130.66146821262132
5.749622395833328	133.00874821262127
5.849622395833328	135.35602821262123
5.949622395833328	137.70330821262118
6.049622395833327	140.05058821262114
6.149622395833327	142.3978682126211
6.249622395833327	144.74514821262105
6.349622395833326	147.092428212621
6.449622395833326	149.43970821262096
6.5496223958333255	151.7869882126209
6.649622395833325	154.13426821262087
6.749622395833325	156.48154821262082
6.849622395833324	158.82882821262078
6.949622395833324	161.17610821262073
7.049622395833324	163.5233882126207
7.149622395833323	165.87066821262064
7.249622395833323	168.2179482126206
7.349622395833323	170.56522821262055
7.449622395833322	172.9125082126205
7.549622395833322	175.25978821262046
7.649622395833322	177.60706821262042
7.749622395833321	179.95434821262037
7.849622395833321	182.30162821262033
7.9496223958333205	184.64890821262028
8.049622395833321	186.99618821262027
8.14962239583332	189.34346821262025
8.24962239583332	191.6907482126202
8.34962239583332	194.03802821262016
8.44962239583332	196.38530821262012
8.54962239583332	198.73258821262007
8.649622395833319	201.07986821262003
8.749622395833319	203.42714821261998
8.849622395833318	205.77442821261994
8.949622395833318	208.1217082126199
9.049622395833318	210.46898821261985
9.149622395833317	212.8162682126198
9.249622395833317	215.16354821261976
9.349622395833316	217.5108282126197
9.449622395833316	219.85810821261967
9.549622395833316	222.20538821261962
9.649622395833315	224.55266821261958
9.749622395833315	226.89994821261953
9.849622395833315	229.2472282126195
9.949622395833314	231.59450821261944
10.049622395833314	233.9417882126194
10.149622395833314	236.28906821261936
10.249622395833313	238.6363482126193
10.349622395833313	240.98362821261927
10.449622395833313	243.33090821261922
10.549622395833312	245.67818821261918
10.649622395833312	248.02546821261913
10.749622395833311	250.3727482126191
10.849622395833311	252.72002821261904
10.94962239583331	255.067308212619
11.04962239583331	257.414588212619
11.14962239583331	259.76186821261894
11.24962239583331	261.9406090886606
11.34962239583331	263.9225099647023
11.449622395833309	265.8761099647022
11.549622395833309	267.82970996470215
11.649622395833308	269.7833099647021
11.749622395833308	271.736909964702
11.849622395833308	273.69050996470196
11.949622395833307	275.6441099647019
12.049622395833307	277.62719819386854
12.149622395833306	279.6398864230352
12.249622395833306	281.65268642303516
12.349622395833306	283.66548642303513
12.449622395833305	285.6782864230351
12.549622395833305	287.6910864230351
12.649622395833305	288.8019266313687
12.749622395833304	288.90636683970234
12.849622395833304	288.90636683970234
12.949622395833304	288.90636683970234
13.049622395833303	288.90636683970234
13.149622395833303	288.90636683970234
13.249622395833303	288.90636683970234
13.349622395833302	288.90636683970234
13.449622395833302	288.90636683970234
13.549622395833302	288.90636683970234
13.649622395833301	288.90636683970234
13.7496223958333	288.90636683970234
13.8496223958333	288.90636683970234
13.9496223958333	288.90636683970234
14.0496223958333	288.90636683970234
14.1496223958333	288.90636683970234
14.249622395833299	288.90636683970234
14.349622395833299	288.90636683970234
14.449622395833298	288.90636683970234
14.549622395833298	288.90636683970234
14.649622395833298	288.90636683970234
14.749622395833297	288.90636683970234
14.849622395833297	288.90636683970234
14.949622395833297	288.90636683970234
15.049622395833296	288.90636683970234
15.149622395833296	288.90636683970234
15.249622395833295	288.90636683970234
15.349622395833295	288.90636683970234
15.449622395833295	288.90636683970234
15.549622395833294	288.90636683970234
15.649622395833294	288.90636683970234
15.749622395833294	288.90636683970234
15.849622395833293	288.90636683970234
15.949622395833293	288.90636683970234
16.049622395833293	288.90636683970234
16.149622395833294	288.90636683970234
16.249622395833295	288.90636683970234
16.349622395833297	288.90636683970234
16.4496223958333	288.90636683970234
16.5496223958333	288.90636683970234
16.6496223958333	288.90636683970234
16.749622395833303	288.90636683970234
16.849622395833304	288.90636683970234
16.949622395833305	288.90636683970234
17.049622395833307	288.90636683970234
17.14962239583331	288.90636683970234
17.24962239583331	288.90636683970234
17.34962239583331	288.90636683970234
17.449622395833313	288.90636683970234
17.549622395833314	288.90636683970234
17.649622395833315	288.90636683970234
17.749622395833317	288.90636683970234
17.849622395833318	288.90636683970234
17.94962239583332	288.90636683970234
18.04962239583332	288.90636683970234
18.149622395833322	288.90636683970234
18.249622395833324	288.90636683970234
18.349622395833325	288.90636683970234
18.449622395833327	288.90636683970234
18.549622395833328	288.90636683970234
18.64962239583333	288.90636683970234
18.74962239583333	288.90636683970234
18.849622395833332	288.90636683970234
18.949622395833334	288.90636683970234
19.049622395833335	288.90636683970234
19.149622395833337	288.90636683970234
19.249622395833338	288.90636683970234
19.34962239583334	288.90636683970234
19.44962239583334	288.90636683970234
19.549622395833342	288.90636683970234
19.649622395833344	288.90636683970234
19.749622395833345	288.90636683970234
19.849622395833347	288.90636683970234
19.949622395833348	288.90636683970234
20.04962239583335	288.90636683970234
20.14962239583335	288.90636683970234
20.249622395833352	288.90636683970234
20.349622395833354	288.90636683970234
20.449622395833355	288.90636683970234
20.549622395833357	288.90636683970234
20.649622395833358	288.90636683970234
20.74962239583336	288.90636683970234
20.84962239583336	288.90636683970234
20.949622395833362	288.90636683970234
21.049622395833364	288.90636683970234
21.149622395833365	288.90636683970234
21.249622395833367	288.90636683970234
21.349622395833368	288.90636683970234
21.44962239583337	288.90636683970234
21.54962239583337	288.90636683970234
21.649622395833372	288.90636683970234
21.749622395833374	288.90636683970234
21.849622395833375	288.90636683970234
21.949622395833376	288.90636683970234
22.049622395833378	288.90636683970234
22.14962239583338	288.90636683970234
22.24962239583338	288.90636683970234
22.349622395833382	288.90636683970234
22.449622395833384	288.90636683970234
22.549622395833385	288.90636683970234
22.649622395833386	288.90636683970234
22.749622395833388	288.90636683970234
22.84962239583339	288.90636683970234
22.94962239583339	288.90636683970234
23.049622395833392	288.90636683970234
23.149622395833394	288.90636683970234
23.249622395833395	288.90636683970234
23.349622395833396	288.90636683970234
23.449622395833398	288.90636683970234
23.5496223958334	288.90636683970234
23.6496223958334	288.90636683970234
23.749622395833402	288.90636683970234
23.849622395833403	288.90636683970234
23.949622395833405	288.90636683970234
24.049622395833406	288.98652765539737
24.149622395833408	289.16510847109237
24.24962239583341	289.3619484710923
24.34962239583341	289.55878847109227
24.449622395833412	289.7556284710922
24.549622395833413	289.9524684710922
24.649622395833415	290.1493084710921
24.749622395833416	290.3461484710921
24.849622395833418	290.54298847109203
24.94962239583342	290.739828471092
25.04962239583342	290.93666847109193
25.149622395833422	291.1335084710919
25.23	291.3901437471334
179769313486231570000000000000000000000000000000000000000000000000000000000000000000000000000000000000000000000000000000000000000000000000000000000000000000000000000000000000000000000000000000000000000000000000000000000000000000000000000000000000000000000000000000000000000000000000000000000000000000000000000	291.5483590231749
