-179769313486231570000000000000000000000000000000000000000000000000000000000000000000000000000000000000000000000000000000000000000000000000000000000000000000000000000000000000000000000000000000000000000000000000000000000000000000000000000000000000000000000000000000000000000000000000000000000000000000000000000	0
-0.0000000000000007858954314988566	0
0.0033333333333325477	0.03293694490524045
0.008333333333332547	0.11594519511996945
0.015833333333332547	0.24194879225916105
0.027083333333332547	0.43309111416343654
0.043958333333332544	0.7232779059345383
0.06927083333333255	1.1643607357399492
0.10723958333333256	1.8356822171216534
0.16419270833333255	2.8592219175408524
0.24962239583333257	4.422008326799929
0.34962239583333254	6.490723929109796
0.4496223958333325	8.753903483562791
0.5496223958333325	11.042615936987596
0.6496223958333325	13.350303654660292
0.7496223958333325	15.67211231994983
0.8496223958333324	18.004232952921434
0.9496223958333324	20.343572247508952
1.0496223958333324	22.68754259421027
1.1496223958333325	25.03393716428847
1.2496223958333326	27.381127376067102
1.3496223958333327	29.728407376067135
1.4496223958333327	32.075687376067165
1.5496223958333328	34.42296737606719
1.649622395833333	36.77024737606722
1.749622395833333	39.117527376067244
1.849622395833333	41.46480737606727
1.9496223958333332	43.812087376067296
2.049622395833333	46.15936737606732
2.149622395833333	48.50664737606735
2.2496223958333332	50.853927376067375
2.3496223958333333	53.2012073760674
2.4496223958333334	55.54848737606743
2.5496223958333335	57.895767376067454
2.6496223958333336	60.24304737606748
2.7496223958333337	62.590327376067506
2.8496223958333338	64.93760737606753
2.949622395833334	67.28488737606757
3.049622395833334	69.63216737606761
3.149622395833334	71.97944737606765
3.249622395833334	74.3267273760677
3.349622395833334	76.67400737606773
3.4496223958333343	79.02128737606778
3.5496223958333344	81.36856737606782
3.6496223958333345	83.71584737606786
3.7496223958333346	86.0631273760679
3.8496223958333347	88.41040737606794
3.9496223958333347	90.75768737606798
4.049622395833334	93.104967376068
4.149622395833334	95.45224737606802
4.249622395833334	97.79952737606803
4.349622395833333	100.14680737606804
4.449622395833333	102.49408737606805
4.549622395833333	104.84136737606806
4.649622395833332	107.18864737606808
4.749622395833332	109.53592737606809
4.8496223958333315	111.8832073760681
4.949622395833331	114.23048737606811
5.049622395833331	116.57776737606812
5.1496223958333305	118.92504737606814
5.24962239583333	121.27232737606815
5.34962239583333	123.61960737606816
5.449622395833329	125.96688737606817
5.549622395833329	128.31416737606818
5.649622395833329	130.6614473760682
5.749622395833328	133.0087273760682
5.849622395833328	135.35600737606822
5.949622395833328	137.70328737606823
6.049622395833327	140.05056737606824
6.149622395833327	142.39784737606826
6.249622395833327	144.74512737606827
6.349622395833326	147.09240737606828
6.449622395833326	149.4396873760683
6.5496223958333255	151.7869673760683
6.649622395833325	154.13424737606832
6.749622395833325	156.48152737606833
6.849622395833324	158.82880737606834
6.949622395833324	161.17608737606835
7.049622395833324	163.52336737606836
7.149622395833323	165.87064737606838
7.249622395833323	168.2179273760684
7.349622395833323	170.5652073760684
7.449622395833322	172.9124873760684
7.549622395833322	175.25976737606842
7.649622395833322	177.60704737606844
7.749622395833321	179.95432737606845
7.849622395833321	182.30160737606846
7.9496223958333205	184.64888737606847
8.049622395833321	186.9961673760685
8.14962239583332	189.34344737606855
8.24962239583332	191.69072737606857
8.34962239583332	194.03800737606858
8.44962239583332	196.3852873760686
8.54962239583332	198.7325673760686
8.649622395833319	201.0798473760686
8.749622395833319	203.42712737606863
8.849622395833318	205.77440737606864
8.949622395833318	208.12168737606865
9.049622395833318	210.46896737606866
9.149622395833317	212.81624737606867
9.249622395833317	215.16352737606869
9.349622395833316	217.5108073760687
9.449622395833316	219.8580873760687
9.549622395833316	222.20536737606872
9.649622395833315	224.55264737606873
9.749622395833315	226.89992737606875
9.849622395833315	229.24720737606876
9.949622395833314	231.59448737606877
10.049622395833314	233.94176737606878
10.149622395833314	236.2890473760688
10.249622395833313	238.6363273760688
10.349622395833313	240.98360737606882
10.449622395833313	243.33088737606883
10.549622395833312	245.67816737606884
10.649622395833312	248.02544737606885
10.749622395833311	250.37272737606887
10.849622395833311	252.72000737606888
10.94962239583331	255.0672873760689
11.04962239583331	257.41456737606893
11.14962239583331	259.761847376069
11.24962239583331	261.94058825211073
11.34962239583331	263.92248912815245
11.449622395833309	265.8760891281525
11.549622395833309	267.82968912815255
11.649622395833308	269.7832891281526
11.749622395833308	271.73688912815265
11.849622395833308	273.6904891281527
11.949622395833307	275.64408912815276
12.049622395833307	277.62717735731945
12.149622395833306	279.6398655864861
12.249622395833306	281.6526655864861
12.349622395833306	283.66546558648605
12.449622395833305	285.678265586486
12.549622395833305	287.691065586486
12.649622395833305	288.8019057948196
12.749622395833304	288.90634600315326
12.849622395833304	288.90634600315326
12.949622395833304	288.90634600315326
13.049622395833303	288.90634600315326
13.149622395833303	288.90634600315326
13.249622395833303	288.90634600315326
13.349622395833302	288.90634600315326
13.449622395833302	288.90634600315326
13.549622395833302	288.90634600315326
13.649622395833301	288.90634600315326
13.7496223958333	288.90634600315326
13.8496223958333	288.90634600315326
13.9496223958333	288.90634600315326
14.0496223958333	288.90634600315326
14.1496223958333	288.90634600315326
14.249622395833299	288.90634600315326
14.349622395833299	288.90634600315326
14.449622395833298	288.90634600315326
14.549622395833298	288.90634600315326
14.649622395833298	288.90634600315326
14.749622395833297	288.90634600315326
14.849622395833297	288.90634600315326
14.949622395833297	288.90634600315326
15.049622395833296	288.90634600315326
15.149622395833296	288.90634600315326
15.249622395833295	288.90634600315326
15.349622395833295	288.90634600315326
15.449622395833295	288.90634600315326
15.549622395833294	288.90634600315326
15.649622395833294	288.90634600315326
15.749622395833294	288.90634600315326
15.849622395833293	288.90634600315326
15.949622395833293	288.90634600315326
16.049622395833293	288.90634600315326
16.149622395833294	288.90634600315326
16.249622395833295	288.90634600315326
16.349622395833297	288.90634600315326
16.4496223958333	288.90634600315326
16.5496223958333	288.90634600315326
16.6496223958333	288.90634600315326
16.749622395833303	288.90634600315326
16.849622395833304	288.90634600315326
16.949622395833305	288.90634600315326
17.049622395833307	288.90634600315326
17.14962239583331	288.90634600315326
17.24962239583331	288.90634600315326
17.34962239583331	288.90634600315326
17.449622395833313	288.90634600315326
17.549622395833314	288.90634600315326
17.649622395833315	288.90634600315326
17.749622395833317	288.90634600315326
17.849622395833318	288.90634600315326
17.94962239583332	288.90634600315326
18.04962239583332	288.90634600315326
18.149622395833322	288.90634600315326
18.249622395833324	288.90634600315326
18.349622395833325	288.90634600315326
18.449622395833327	288.90634600315326
18.549622395833328	288.90634600315326
18.64962239583333	288.90634600315326
18.74962239583333	288.90634600315326
18.849622395833332	288.90634600315326
18.949622395833334	288.90634600315326
19.049622395833335	288.90634600315326
19.149622395833337	288.90634600315326
19.249622395833338	288.90634600315326
19.34962239583334	288.90634600315326
19.44962239583334	288.90634600315326
19.549622395833342	288.90634600315326
19.649622395833344	288.90634600315326
19.749622395833345	288.90634600315326
19.849622395833347	288.90634600315326
19.949622395833348	288.90634600315326
20.04962239583335	288.90634600315326
20.14962239583335	288.90634600315326
20.249622395833352	288.90634600315326
20.349622395833354	288.90634600315326
20.449622395833355	288.90634600315326
20.549622395833357	288.90634600315326
20.649622395833358	288.90634600315326
20.74962239583336	288.90634600315326
20.84962239583336	288.90634600315326
20.949622395833362	288.90634600315326
21.049622395833364	288.90634600315326
21.149622395833365	288.90634600315326
21.249622395833367	288.90634600315326
21.349622395833368	288.90634600315326
21.44962239583337	288.90634600315326
21.54962239583337	288.90634600315326
21.649622395833372	288.90634600315326
21.749622395833374	288.90634600315326
21.849622395833375	288.90634600315326
21.949622395833376	288.90634600315326
22.049622395833378	288.90634600315326
22.14962239583338	288.90634600315326
22.24962239583338	288.90634600315326
22.349622395833382	288.90634600315326
22.449622395833384	288.90634600315326
22.549622395833385	288.90634600315326
22.649622395833386	288.90634600315326
22.749622395833388	288.90634600315326
22.84962239583339	288.90634600315326
22.94962239583339	288.90634600315326
23.049622395833392	288.90634600315326
23.149622395833394	288.90634600315326
23.249622395833395	288.90634600315326
23.349622395833396	288.90634600315326
23.449622395833398	288.90634600315326
23.5496223958334	288.90634600315326
23.6496223958334	288.90634600315326
23.749622395833402	288.90634600315326
23.849622395833403	288.90634600315326
23.949622395833405	288.9143019671755
24.049622395833406	289.02010074375704
24.149622395833408	289.2163635563163
24.24962239583341	289.41320355631626
24.34962239583341	289.6100435563162
24.449622395833412	289.80688355631617
24.549622395833413	290.0037235563161
24.649622395833415	290.20056355631607
24.749622395833416	290.397403556316
24.849622395833418	290.594243556316
24.94962239583342	290.7910835563159
25.04962239583342	290.9879235563159
25.149622395833422	291.18476355631583
25.23	291.4413988323573
179769313486231570000000000000000000000000000000000000000000000000000000000000000000000000000000000000000000000000000000000000000000000000000000000000000000000000000000000000000000000000000000000000000000000000000000000000000000000000000000000000000000000000000000000000000000000000000000000000000000000000000	291.59961410839884
