-179769313486231570000000000000000000000000000000000000000000000000000000000000000000000000000000000000000000000000000000000000000000000000000000000000000000000000000000000000000000000000000000000000000000000000000000000000000000000000000000000000000000000000000000000000000000000000000000000000000000000000000	0
5.868648024728721	0
5.871981358062054	0.00008153405569907366
5.875314691395387	0.00023549277790932145
5.8803146913953865	0.0005972145747294353
5.887814691395387	0.00143406062534544
5.899064691395387	0.0033514222508881286
5.915939691395387	0.007717820332184728
5.941252191395387	0.017623017957972588
5.979220941395387	0.03962499708251823
6.036174066395387	0.0880402556141084
6.121603753895387	0.19287593914677245
6.221603753895387	0.36029721984728424
6.321603753895387	0.5714024110594323
6.421603753895386	0.8223869655195367
6.521603753895386	1.1100477692666573
6.621603753895386	1.4319125511083268
6.721603753895385	1.785956167093898
6.821603753895385	2.170144253560276
6.9216037538953845	2.5827330963926496
7.021603753895384	3.022201144398991
7.121603753895384	3.487100297931611
7.2216037538953834	3.9761961166016304
7.321603753895383	4.4883295577064795
7.421603753895383	5.022469901027297
7.521603753895382	5.577563494781199
7.621603753895382	6.152616572306415
7.721603753895382	6.746748664790028
7.821603753895381	7.359140609960005
7.921603753895381	7.988908776838285
8.02160375389538	8.635491674537569
8.12160375389538	9.297967696761553
8.22160375389538	9.975868688144708
8.32160375389538	10.668355033746915
8.42160375389538	11.37506010206395
8.521603753895379	12.095279144919802
8.621603753895378	12.828375073956494
8.721603753895378	13.573820366568228
8.821603753895378	14.331245235011115
8.921603753895377	15.100204031417974
9.021603753895377	15.880172064573541
9.121603753895377	16.6709225092351
9.221603753895376	17.47189326851705
9.321603753895376	18.28296103107292
9.421603753895376	19.103609641287342
9.521603753895375	19.9338097168246
9.621603753895375	20.77319539738863
9.721603753895375	21.621519941055244
9.821603753895374	22.478551920906206
9.921603753895374	23.34405736562651
10.021603753895374	24.21779310370792
10.121603753895373	25.0996054658032
10.221603753895373	25.989213374884898
10.321603753895372	26.886392852144624
10.421603753895372	27.79093084841822
10.521603753895372	28.70260195016943
10.621603753895371	29.621222210600727
10.721603753895371	30.546542417391294
10.82160375389537	31.478306736340038
10.92160375389537	32.41632786969151
11.02160375389537	33.36034488360415
11.12160375389537	34.31010418032041
11.22160375389537	35.26540426565019
11.321603753895369	36.22595171864662
11.421603753895369	37.191501960108816
11.521603753895368	38.16181308869199
11.621603753895368	39.13656786159348
11.721603753895367	40.11553528539274
11.821603753895367	41.098419292332416
11.921603753895367	42.08488967051601
12.021603753895366	43.074732420865224
12.121603753895366	44.067590347539905
12.221603753895366	45.06314320743707
12.321603753895365	46.061069116317626
12.421603753895365	47.06104961792923
12.521603753895365	48.06274570829658
12.621603753895364	49.06581322856466
12.721603753895364	50.06987360997493
12.821603753895364	50.47278270467642
12.921603753895363	50.80578270472671
13.021603753895363	51.138782704777
13.121603753895362	51.47178270482729
13.221603753895362	51.80478270487758
13.321603753895362	52.13778270492787
13.421603753895361	52.47078270497816
13.521603753895361	52.80378270502845
13.62160375389536	53.136782705078744
13.72160375389536	53.469782705129035
13.82160375389536	53.802782705179325
13.92160375389536	54.135782705229616
14.02160375389536	54.46878270527991
14.121603753895359	54.8017827053302
14.221603753895359	55.13478270538049
14.321603753895358	55.46778270543078
14.421603753895358	55.80078270548107
14.521603753895358	56.13378270553136
14.621603753895357	56.46678270558165
14.721603753895357	56.79978270563194
14.821603753895356	57.13278270568223
14.921603753895356	57.46578270573252
15.021603753895356	57.79878270578281
15.121603753895355	58.1317827058331
15.221603753895355	58.464782705883394
15.321603753895355	58.797782705933685
15.421603753895354	59.130782705983975
15.521603753895354	59.463782706034266
15.621603753895354	59.79678270608456
15.721603753895353	60.12978270613485
15.821603753895353	60.46278270618514
15.921603753895353	60.79578270623543
16.021603753895352	61.12878270628572
16.121603753895354	61.46178270633602
16.221603753895355	61.794782706386314
16.321603753895356	62.12778270643661
16.421603753895358	62.46078270648691
16.52160375389536	62.79378270653721
16.62160375389536	63.126782706587505
16.721603753895362	63.4597827066378
16.821603753895364	63.7927827066881
16.921603753895365	64.12578270673839
17.021603753895366	64.45878270678868
17.121603753895368	64.79178270683897
17.22160375389537	65.12478270688926
17.32160375389537	65.45778270693955
17.421603753895372	65.79078270698984
17.521603753895374	66.12378270704014
17.621603753895375	66.45678270709043
17.721603753895376	66.78978270714072
17.821603753895378	67.122782707191
17.92160375389538	67.4557827072413
18.02160375389538	67.78878270729159
18.121603753895382	68.12178270734188
18.221603753895383	68.45478270739217
18.321603753895385	68.78778270744246
18.421603753895386	69.12078270749275
18.521603753895388	69.45378270754304
18.62160375389539	69.78678270759333
18.72160375389539	70.11978270764362
18.821603753895392	70.45278270769391
18.921603753895393	70.7857827077442
19.021603753895395	71.1187827077945
19.121603753895396	71.45178270784479
19.221603753895398	71.78478270789508
19.3216037538954	72.11778270794537
19.4216037538954	72.45078270799566
19.521603753895402	72.78378270804595
19.621603753895403	73.11678270809624
19.721603753895405	73.44978270814653
19.821603753895406	73.78278270819682
19.921603753895408	74.11578270824711
20.02160375389541	74.4487827082974
20.12160375389541	74.78178270834769
20.221603753895412	75.11478270839798
20.321603753895413	75.44778270844827
20.421603753895415	75.78078270849856
20.521603753895416	76.11378270854885
20.621603753895418	76.44678270859914
20.72160375389542	76.77978270864944
20.82160375389542	77.11278270869973
20.921603753895422	77.44578270875002
21.021603753895423	77.7787827088003
21.121603753895425	78.1117827088506
21.221603753895426	78.44478270890089
21.321603753895428	78.77778270895118
21.42160375389543	79.11078270900147
21.52160375389543	79.44378270905176
21.62160375389543	79.77678270910205
21.721603753895433	80.10978270915234
21.821603753895435	80.44278270920263
21.921603753895436	80.77578270925292
22.021603753895437	81.10878270930321
22.12160375389544	81.4417827093535
22.22160375389544	81.7747827094038
22.32160375389544	82.10778270945409
22.421603753895443	82.44078270950438
22.521603753895445	82.77378270955467
22.621603753895446	83.10678270960496
22.721603753895447	83.43978270965525
22.82160375389545	83.77278270970554
22.92160375389545	84.10578270975583
23.02160375389545	84.43878270980612
23.121603753895453	84.77178270985641
23.221603753895455	85.1047827099067
23.321603753895456	85.43778270995699
23.421603753895457	85.77078271000728
23.45	85.9599017090921
179769313486231570000000000000000000000000000000000000000000000000000000000000000000000000000000000000000000000000000000000000000000000000000000000000000000000000000000000000000000000000000000000000000000000000000000000000000000000000000000000000000000000000000000000000000000000000000000000000000000000000000	85.9599017090921
