-100000	0
-0.002999218463898501	0
0.00033411486943483266	0.03306659325062231
0.005334114869434832	0.08329101935957603
0.012834114869434832	0.15944571348791003
0.024084114869434833	0.27497073878350725
0.040959114869434834	0.45040528818581826
0.06627161486943484	0.717188512437649
0.10424036486943483	1.123520754745621
0.16119348986943483	1.7433644643557333
0.24662317736943484	2.690137260265325
0.3466231773694348	3.8171305812368237
0.4466231773694348	4.958811245957701
0.5466231773694348	6.111336640573358
0.6466231773694348	7.271936635360895
0.7466231773694347	8.438480438195583
0.8466231773694347	9.609254610062308
0.9466231773694347	10.782837075117246
1.0466231773694348	11.958019624119855
1.1466231773694349	13.133768175945663
1.246623177369435	14.309551358819816
1.346623177369435	15.485339768836308
1.4466231773694351	16.661133979546396
1.5466231773694352	17.836933097845588
1.6466231773694353	19.012736768230454
1.7466231773694354	20.188546677038392
1.8466231773694355	21.364363001451157
1.9466231773694356	22.540181811338968
2.0466231773694354	23.71600722055656
2.1466231773694355	24.891837895198577
2.2466231773694356	26.067673835250844
2.3466231773694357	27.243515040699066
2.446623177369436	28.419361989615734
2.546623177369436	29.595213408544964
2.646623177369436	30.771067438513025
2.746623177369436	31.946930974670824
2.846623177369436	33.12279730854817
2.9466231773694362	34.29866862612363
3.0466231773694363	35.47454492731834
3.1466231773694364	36.650429305507174
3.2466231773694365	37.8263118688386
3.3466231773694366	39.00220204625297
3.4466231773694367	40.17809653390462
3.5466231773694368	41.35399533190312
3.646623177369437	42.52989917698989
3.746623177369437	43.7058067229927
3.846623177369437	44.88171858305035
3.946623177369437	46.057634757051716
4.046623177369437	47.233555244883895
4.146623177369436	48.409479371094136
4.246623177369436	49.58540693197889
4.346623177369436	50.76133752093141
4.446623177369435	51.93727124349441
4.546623177369435	53.113207744627616
4.646623177369435	54.28914727011801
4.746623177369434	55.46508982006275
4.846623177369434	56.641035394560134
4.946623177369434	57.81698481563624
5.046623177369433	58.99293617420909
5.146623177369433	60.168890224142004
5.2466231773694325	61.3448469651547
5.346623177369432	62.52080186311179
5.446623177369432	63.69676795109857
5.5466231773694314	64.87273175780858
5.646623177369431	66.04870223962459
5.746623177369431	67.22466642252172
5.84662317736943	68.40063698146803
5.94662317736943	69.57660978183374
6.04662317736943	70.75258482366084
6.146623177369429	71.9285631364495
6.246623177369429	73.1045419239069
6.346623177369429	74.28052158922205
6.446623177369428	75.45650213238052
6.546623177369428	76.63248355336643
6.6466231773694275	77.80846586757549
6.746623177369427	78.98444886534438
6.846623177369427	80.1604327402747
6.9466231773694265	81.33642025639593
7.046623177369426	82.51240356065959
7.146623177369426	83.68838966171796
7.246623177369425	84.86437638254158
7.346623177369425	86.04036372314266
7.446623177369425	87.21635235775422
7.546623177369424	88.39234078391496
7.646623177369424	89.56832952938763
7.746623177369424	90.74431859416684
7.846623177369423	91.92030628250335
7.946623177369423	93.09629758830843
8.046623177369423	94.2722875003094
8.146623177369422	95.44827773135651
8.246623177369422	96.6242684345789
8.346623177369421	97.80025925046958
8.446623177369421	98.97625038530167
8.54662317736942	100.15224183908185
8.64662317736942	101.32823361181492
8.74662317736942	102.50422581413036
8.84662317736942	103.68021839339568
8.94662317736942	104.85621129192351
9.046623177369419	106.03220450970738
9.146623177369419	107.20819772036697
9.246623177369418	108.38419149150319
9.346623177369418	109.56018558175296
9.446623177369418	110.73617970956005
9.546623177369417	111.91217480354958
9.646623177369417	113.08816976635764
9.746623177369417	114.26416504816079
9.846623177369416	115.44016064896549
9.946623177369416	116.61615654063132
10.046623177369415	117.79215294815258
10.146623177369415	118.96814967488852
10.246623177369415	120.14414672083214
10.346623177369414	121.3201443764208
10.446623177369414	122.49614138473528
10.546623177369414	123.67213910307217
10.646623177369413	124.84813742820141
10.746623177369413	126.02413607252502
10.846623177369413	127.2001350360366
10.946623177369412	128.3761343187285
11.046623177369412	129.55213349942596
11.146623177369412	130.72813355862354
11.246623177369411	131.73967668702753
11.34662317736941	132.7170886926562
11.44662317736941	133.69450140787038
11.54662317736941	134.6719136516809
11.64662317736941	135.64932609591202
11.74662317736941	136.62673932882956
11.846623177369409	137.60415288090238
11.946623177369409	138.5815667521239
12.046623177369408	139.58698602776968
12.146623177369408	140.59338442797244
12.246623177369408	141.59978314727238
12.346623177369407	142.60618218567456
12.446623177369407	143.61258184823257
12.546623177369407	144.6189815225633
12.56	144.75360873296015
1000012.56	144.75360873296015
