-179769313486231570000000000000000000000000000000000000000000000000000000000000000000000000000000000000000000000000000000000000000000000000000000000000000000000000000000000000000000000000000000000000000000000000000000000000000000000000000000000000000000000000000000000000000000000000000000000000000000000000000	0
5.868647719617836	0
5.871981052951169	0.00008153396269733471
5.875314386284502	0.00023549268499724622
5.8803143862845015	0.0005972144819519744
5.887814386284502	0.0014340605327698938
5.899064386284502	0.0033514221586142747
5.915939386284502	0.007717820314685701
5.941251886284502	0.017623019005490646
5.979220636284502	0.03962500083277014
6.036173761284502	0.08804026449638783
6.1216034487845015	0.19287595978964478
6.221603448784501	0.36029726065971457
6.321603448784501	0.571402477447903
6.4216034487845	0.822387062621577
6.5216034487845	1.1100479002971035
6.6216034487845	1.4319127200335307
6.721603448784499	1.7859563776227778
6.821603448784499	2.170144507277577
6.921603448784499	2.5827333955588268
7.021603448784498	3.022201492001336
7.121603448784498	3.487100695399326
7.221603448784498	3.9761965660179563
7.321603448784497	4.488330060995131
7.421603448784497	5.022470459734241
7.5216034487844965	5.5775641104723865
7.621603448784496	6.152617246617446
7.721603448784496	6.74674939807551
7.821603448784495	7.35914140283468
7.921603448784495	7.98890963109291
8.021603448784495	8.635492590403926
8.121603448784494	9.297968675332744
8.221603448784494	9.975869729976877
8.321603448784494	10.668356139440307
8.421603448784493	11.375061271897167
8.521603448784493	12.095280379632129
8.621603448784493	12.828376374541964
8.721603448784492	13.573821731788366
8.821603448784492	14.33124666666994
8.921603448784492	15.100205528565626
9.021603448784491	15.880173628308064
9.12160344878449	16.67092413921244
9.22160344878449	17.47189496493807
9.32160344878449	18.282962794126785
9.42160344878449	19.10361147051681
9.52160344878449	19.93381161226513
9.621603448784489	20.773197358670128
9.721603448784489	21.621521968036134
9.821603448784488	22.478554014116792
9.921603448784488	23.344059523696444
10.021603448784488	24.217795326990515
10.121603448784487	25.099607753550995
10.221603448784487	25.989215726982106
10.321603448784487	26.886395268688766
10.421603448784486	27.79093332925074
10.521603448784486	28.70260449569734
10.621603448784485	29.62122482106697
10.721603448784485	30.546545092615766
10.821603448784485	31.478309476007325
10.921603448784484	32.4163306735206
11.021603448784484	33.360347751396574
11.121603448784484	34.31010711168225
11.221603448784483	35.26540726032077
11.321603448784483	36.22595477486879
11.421603448784483	37.191505076442574
11.521603448784482	38.16181626498076
11.621603448784482	39.136571097662
11.721603448784482	40.11553858100277
11.821603448784481	41.09842264740061
11.92160344878448	42.08489308496203
12.02160344878448	43.07473589448778
12.12160344878448	44.067593880320764
12.22160344878448	45.06314679949293
12.32160344878448	46.06107276783768
12.421603448784479	47.061053329152486
12.521603448784479	48.06274947955012
12.621603448784478	49.065817060353226
12.721603448784478	50.06987750349195
12.821603448784478	50.472788553419335
12.921603448784477	50.805788553469625
13.021603448784477	51.138788553519916
13.121603448784477	51.47178855357021
13.221603448784476	51.8047885536205
13.321603448784476	52.13778855367079
13.421603448784476	52.47078855372108
13.521603448784475	52.80378855377137
13.621603448784475	53.13678855382166
13.721603448784474	53.46978855387195
13.821603448784474	53.80278855392224
13.921603448784474	54.13578855397253
14.021603448784473	54.46878855402282
14.121603448784473	54.80178855407311
14.221603448784473	55.1347885541234
14.321603448784472	55.467788554173694
14.421603448784472	55.800788554223985
14.521603448784472	56.133788554274275
14.621603448784471	56.466788554324566
14.721603448784471	56.79978855437486
14.82160344878447	57.13278855442515
14.92160344878447	57.46578855447544
15.02160344878447	57.79878855452573
15.12160344878447	58.13178855457602
15.22160344878447	58.46478855462631
15.321603448784469	58.7977885546766
15.421603448784468	59.13078855472689
15.521603448784468	59.46378855477718
15.621603448784468	59.79678855482747
15.721603448784467	60.12978855487776
15.821603448784467	60.46278855492805
15.921603448784467	60.795788554978344
16.021603448784468	61.12878855502864
16.12160344878447	61.46178855507894
16.22160344878447	61.79478855512924
16.321603448784472	62.127788555179535
16.421603448784474	62.46078855522983
16.521603448784475	62.79378855528013
16.621603448784477	63.12678855533043
16.721603448784478	63.459788555380726
16.82160344878448	63.792788555431024
16.92160344878448	64.12578855548132
17.021603448784482	64.45878855553163
17.121603448784484	64.79178855558193
17.221603448784485	65.12478855563224
17.321603448784487	65.45778855568254
17.421603448784488	65.79078855573285
17.52160344878449	66.12378855578315
17.62160344878449	66.45678855583346
17.721603448784492	66.78978855588376
17.821603448784494	67.12278855593406
17.921603448784495	67.45578855598437
18.021603448784496	67.78878855603467
18.121603448784498	68.12178855608498
18.2216034487845	68.45478855613528
18.3216034487845	68.78778855618559
18.421603448784502	69.1207885562359
18.521603448784504	69.4537885562862
18.621603448784505	69.7867885563365
18.721603448784506	70.11978855638681
18.821603448784508	70.45278855643711
18.92160344878451	70.78578855648742
19.02160344878451	71.11878855653772
19.121603448784512	71.45178855658803
19.221603448784514	71.78478855663833
19.321603448784515	72.11778855668864
19.421603448784516	72.45078855673894
19.521603448784518	72.78378855678925
19.62160344878452	73.11678855683955
19.72160344878452	73.44978855688986
19.821603448784522	73.78278855694016
19.921603448784523	74.11578855699047
20.021603448784525	74.44878855704077
20.121603448784526	74.78178855709108
20.221603448784528	75.11478855714138
20.32160344878453	75.44778855719169
20.42160344878453	75.78078855724199
20.521603448784532	76.1137885572923
20.621603448784533	76.4467885573426
20.721603448784535	76.7797885573929
20.821603448784536	77.11278855744321
20.921603448784538	77.44578855749351
21.02160344878454	77.77878855754382
21.12160344878454	78.11178855759412
21.221603448784542	78.44478855764443
21.321603448784543	78.77778855769473
21.421603448784545	79.11078855774504
21.521603448784546	79.44378855779534
21.621603448784548	79.77678855784565
21.72160344878455	80.10978855789595
21.82160344878455	80.44278855794626
21.921603448784552	80.77578855799656
22.021603448784553	81.10878855804687
22.121603448784555	81.44178855809717
22.221603448784556	81.77478855814748
22.321603448784558	82.10778855819778
22.42160344878456	82.44078855824809
22.52160344878456	82.77378855829839
22.621603448784562	83.1067885583487
22.721603448784563	83.439788558399
22.821603448784565	83.7727885584493
22.921603448784566	84.10578855849961
23.021603448784568	84.43878855854992
23.12160344878457	84.77178855860022
23.22160344878457	85.10478855865053
23.321603448784572	85.43778855870083
23.421603448784573	85.77078855875114
23.45	85.95990958987444
179769313486231570000000000000000000000000000000000000000000000000000000000000000000000000000000000000000000000000000000000000000000000000000000000000000000000000000000000000000000000000000000000000000000000000000000000000000000000000000000000000000000000000000000000000000000000000000000000000000000000000000	85.95990958987444
