-179769313486231570000000000000000000000000000000000000000000000000000000000000000000000000000000000000000000000000000000000000000000000000000000000000000000000000000000000000000000000000000000000000000000000000000000000000000000000000000000000000000000000000000000000000000000000000000000000000000000000000000	0
5.868647414506952	0
5.871980747840285	0.00008153386968532828
5.8753140811736175	0.00023549259206447634
5.880314081173617	0.0005972143891381835
5.887814081173618	0.00143406044013484
5.899064081173618	0.0033514220662482167
5.915939081173618	0.007717820297059431
5.941251581173618	0.017623020052744326
5.979220331173618	0.03962500458223303
6.036173456173618	0.08804027337658502
6.121603143673617	0.19287598042718998
6.221603143673617	0.3602973014612959
6.321603143673617	0.5714025438188874
6.421603143673616	0.8223871596975887
6.521603143673616	1.1100480312912313
6.621603143673616	1.431912888909751
6.721603143673615	1.7859565880886963
6.821603143673615	2.1701447609171485
6.9216031436736145	2.582733694631684
7.021603143673614	3.022201839493771
7.121603143673614	3.4871010927393993
7.2216031436736134	3.9761970152888946
7.321603143673613	4.48833056412015
7.421603143673613	5.02247101825862
7.521603143673612	5.577564725961779
7.621603143673612	6.152617920706966
7.721603143673612	6.74675013111904
7.821603143673611	7.359142195446149
7.921603143673611	7.988910485062079
8.02160314367361	8.635493505962007
8.12160314367361	9.297969653572476
8.22160314367361	9.975870771453767
8.32160314367361	10.668357244753953
8.42160314367361	11.375062441325666
8.521603143673609	12.095281613914159
8.621603143673608	12.828377674670698
8.721603143673608	13.573823096524688
8.821603143673608	14.331248097817367
8.921603143673607	15.10020702517337
9.021603143673607	15.880175191473516
9.121603143673607	16.67092576859096
9.221603143673606	17.471896660730057
9.321603143673606	18.28296455652078
9.421603143673606	19.10361329905504
9.521603143673605	19.933813506982574
9.621603143673605	20.773199319196216
9.721603143673605	21.62152399422883
9.821603143673604	22.47855610650645
9.921603143673604	23.344061680912652
10.021603143673603	24.21779754938622
10.121603143673603	25.099610040378362
10.221603143673603	25.989218078125113
10.321603143673602	26.886397684244784
10.421603143673602	27.79093580906092
10.521603143673602	28.702607040168377
10.621603143673601	29.6212274304419
10.721603143673601	30.54654776671474
10.8216031436736	31.47831221451519
10.9216031436736	32.41633347615656
11.0216031436736	33.36035061796239
11.1216031436736	34.31011004178423
11.2216031436736	35.265410253698434
11.321603143673599	36.2259578297639
11.421603143673599	37.19150819141631
11.521603143673598	38.16181943987653
11.621603143673598	39.136574332304576
11.721603143673597	40.11554187515389
11.821603143673597	41.09842600097692
11.921603143673597	42.08489649788319
12.021603143673596	43.0747393665525
12.121603143673596	44.06759741151081
12.221603143673596	45.063150389924985
12.321603143673595	46.061076417700946
12.421603143673595	47.06105703868597
12.521603143673595	48.0627532490809
12.621603143673594	49.065820890386036
12.721603143673594	50.06988139522023
12.821603143673594	50.472794400370276
12.921603143673593	50.80579440042057
13.021603143673593	51.13879440047086
13.121603143673592	51.47179440052115
13.221603143673592	51.80479440057144
13.321603143673592	52.13779440062173
13.421603143673591	52.47079440067202
13.521603143673591	52.80379440072231
13.62160314367359	53.1367944007726
13.72160314367359	53.46979440082289
13.82160314367359	53.80279440087318
13.92160314367359	54.13579440092347
14.02160314367359	54.46879440097376
14.121603143673589	54.801794401024054
14.221603143673589	55.134794401074345
14.321603143673588	55.467794401124635
14.421603143673588	55.800794401174926
14.521603143673588	56.13379440122522
14.621603143673587	56.46679440127551
14.721603143673587	56.7997944013258
14.821603143673586	57.13279440137609
14.921603143673586	57.46579440142638
15.021603143673586	57.79879440147667
15.121603143673585	58.13179440152696
15.221603143673585	58.46479440157725
15.321603143673585	58.79779440162754
15.421603143673584	59.13079440167783
15.521603143673584	59.46379440172812
15.621603143673584	59.79679440177841
15.721603143673583	60.129794401828704
15.821603143673583	60.462794401878995
15.921603143673583	60.795794401929285
16.021603143673584	61.12879440197958
16.121603143673585	61.46179440202988
16.221603143673587	61.79479440208018
16.321603143673588	62.127794402130476
16.42160314367359	62.460794402180774
16.52160314367359	62.79379440223107
16.621603143673592	63.12679440228137
16.721603143673594	63.45979440233167
16.821603143673595	63.792794402381965
16.921603143673597	64.12579440243226
17.021603143673598	64.45879440248257
17.1216031436736	64.79179440253287
17.2216031436736	65.12479440258318
17.321603143673602	65.45779440263348
17.421603143673604	65.79079440268379
17.521603143673605	66.12379440273409
17.621603143673607	66.4567944027844
17.721603143673608	66.7897944028347
17.82160314367361	67.122794402885
17.92160314367361	67.45579440293531
18.021603143673612	67.78879440298562
18.121603143673614	68.12179440303592
18.221603143673615	68.45479440308623
18.321603143673617	68.78779440313653
18.421603143673618	69.12079440318684
18.52160314367362	69.45379440323714
18.62160314367362	69.78679440328744
18.721603143673622	70.11979440333775
18.821603143673624	70.45279440338805
18.921603143673625	70.78579440343836
19.021603143673627	71.11879440348866
19.121603143673628	71.45179440353897
19.22160314367363	71.78479440358927
19.32160314367363	72.11779440363958
19.421603143673632	72.45079440368988
19.521603143673634	72.78379440374019
19.621603143673635	73.1167944037905
19.721603143673637	73.4497944038408
19.821603143673638	73.7827944038911
19.92160314367364	74.11579440394141
20.02160314367364	74.44879440399171
20.121603143673642	74.78179440404202
20.221603143673644	75.11479440409232
20.321603143673645	75.44779440414263
20.421603143673646	75.78079440419293
20.521603143673648	76.11379440424324
20.62160314367365	76.44679440429354
20.72160314367365	76.77979440434385
20.821603143673652	77.11279440439415
20.921603143673654	77.44579440444446
21.021603143673655	77.77879440449476
21.121603143673656	78.11179440454507
21.221603143673658	78.44479440459537
21.32160314367366	78.77779440464568
21.42160314367366	79.11079440469598
21.521603143673662	79.44379440474628
21.621603143673664	79.77679440479659
21.721603143673665	80.1097944048469
21.821603143673666	80.4427944048972
21.921603143673668	80.7757944049475
22.02160314367367	81.10879440499781
22.12160314367367	81.44179440504811
22.221603143673672	81.77479440509842
22.321603143673673	82.10779440514872
22.421603143673675	82.44079440519903
22.521603143673676	82.77379440524933
22.621603143673678	83.10679440529964
22.72160314367368	83.43979440534994
22.82160314367368	83.77279440540025
22.921603143673682	84.10579440545055
23.021603143673683	84.43879440550086
23.121603143673685	84.77179440555116
23.221603143673686	85.10479440560147
23.321603143673688	85.43779440565177
23.42160314367369	85.77079440570208
23.45	85.95991746886386
179769313486231570000000000000000000000000000000000000000000000000000000000000000000000000000000000000000000000000000000000000000000000000000000000000000000000000000000000000000000000000000000000000000000000000000000000000000000000000000000000000000000000000000000000000000000000000000000000000000000000000000	85.95991746886386
