-179769313486231570000000000000000000000000000000000000000000000000000000000000000000000000000000000000000000000000000000000000000000000000000000000000000000000000000000000000000000000000000000000000000000000000000000000000000000000000000000000000000000000000000000000000000000000000000000000000000000000000000	0
5.8686469568406245	0
5.8719802901739575	0.00008153372656136804
5.8753136235072905	0.00023549244545509795
5.88031362350729	0.000597214237305705
5.887813623507291	0.001434060280479041
5.899063623507291	0.0033514218948829705
5.915938623507291	0.007717820219695063
5.941251123507291	0.017623021545627594
5.979219873507291	0.03962501008794112
6.036172998507291	0.08804028651780885
6.121602686007291	0.1928760111142543
6.221602686007291	0.3602973622894732
6.3216026860072905	0.5714026428960997
6.42160268600729	0.8223873047280836
6.52160268600729	1.110048227095501
6.621602686007289	1.431913141434771
6.721602686007289	1.7859569028961784
6.821602686007289	2.1701451403837413
6.921602686007288	2.5827341421477428
7.021602686007288	3.0222023595395457
7.121602686007288	3.4871016874580443
7.221602686007287	3.9761976878052034
7.321602686007287	4.488331317319189
7.421602686007287	5.022471854458846
7.521602686007286	5.577565647512196
7.621602686007286	6.152618930060849
7.7216026860072855	6.746751228807943
7.821602686007285	7.359143382391971
7.921602686007285	7.988911763950643
8.021602686007284	8.63549487714076
8.121602686007284	9.29797111868101
8.221602686007284	9.975872331325986
8.321602686007283	10.66835890029014
8.421602686007283	11.375064192944023
8.521602686007283	12.095283462723566
8.621602686007282	12.828379622161686
8.721602686007282	13.57382514083907
8.821602686007282	14.331250241660682
8.921602686007281	15.100209267119888
9.02160268600728	15.880177533169805
9.12160268600728	16.670928209520223
9.22160268600728	17.471899201193096
9.32160268600728	18.28296719680074
9.42160268600728	19.103616038465702
9.521602686007279	19.933816345576712
9.621602686007279	20.773202256418337
9.721602686007278	21.621527029866193
9.821602686007278	22.47855924135466
9.921602686007278	23.344064912916245
10.021602686007277	24.217800879074822
10.121602686007277	25.099613466630455
10.221602686007277	25.98922160076688
10.321602686007276	26.886401303422286
10.421602686007276	27.790939524536018
10.521602686007276	28.70261085255129
10.621602686007275	29.621231340097204
10.721602686007275	30.54655177337267
10.821602686007274	31.478316317703012
10.921602686007274	32.41633767545309
11.021602686007274	33.360354913070275
11.121602686007273	34.31011443211293
11.221602686007273	35.26541473885725
11.321602686007273	36.22596240711329
11.421602686007272	37.191512858800394
11.521602686007272	38.1618241970606
11.621602686007272	39.13657917902595
11.721602686007271	40.11554681105535
11.821602686007271	41.098431025933614
11.92160268600727	42.08490161177475
12.02160268600727	43.074744569077104
12.12160268600727	44.06760270264125
12.22160268600727	45.06315576983639
12.32160268600727	46.06108188667722
12.421602686007269	47.06106259708571
12.521602686007268	48.06275889739478
12.621602686007268	49.06582662937124
12.721602686007268	50.06988722666692
12.821602686007267	50.47280316454909
12.921602686007267	50.80580316449461
13.021602686007267	51.138803164440134
13.121602686007266	51.471803164385655
13.221602686007266	51.804803164331176
13.321602686007266	52.1378031642767
13.421602686007265	52.47080316422222
13.521602686007265	52.80380316416774
13.621602686007265	53.13680316411326
13.721602686007264	53.46980316405878
13.821602686007264	53.8028031640043
13.921602686007263	54.135803163949824
14.021602686007263	54.468803163895345
14.121602686007263	54.801803163840866
14.221602686007262	55.13480316378639
14.321602686007262	55.46780316373191
14.421602686007262	55.80080316367743
14.521602686007261	56.13380316362295
14.621602686007261	56.46680316356847
14.72160268600726	56.79980316351399
14.82160268600726	57.13280316345951
14.92160268600726	57.465803163405035
15.02160268600726	57.798803163350556
15.12160268600726	58.13180316329608
15.221602686007259	58.4648031632416
15.321602686007258	58.79780316318712
15.421602686007258	59.13080316313264
15.521602686007258	59.46380316307816
15.621602686007257	59.79680316302368
15.721602686007257	60.1298031629692
15.821602686007257	60.462803162914724
15.921602686007256	60.795803162860246
16.021602686007256	61.12880316280577
16.121602686007257	61.46180316275129
16.22160268600726	61.79480316269681
16.32160268600726	62.12780316264233
16.42160268600726	62.46080316258785
16.521602686007263	62.79380316253337
16.621602686007265	63.12680316247889
16.721602686007266	63.459803162424414
16.821602686007267	63.792803162369935
16.92160268600727	64.12580316231546
17.02160268600727	64.45880316226099
17.12160268600727	64.79180316220652
17.221602686007273	65.12480316215205
17.321602686007274	65.45780316209758
17.421602686007276	65.7908031620431
17.521602686007277	66.12380316198863
17.62160268600728	66.45680316193416
17.72160268600728	66.78980316187969
17.82160268600728	67.12280316182522
17.921602686007283	67.45580316177075
18.021602686007284	67.78880316171627
18.121602686007286	68.1218031616618
18.221602686007287	68.45480316160733
18.32160268600729	68.78780316155286
18.42160268600729	69.12080316149839
18.52160268600729	69.45380316144391
18.621602686007293	69.78680316138944
18.721602686007294	70.11980316133497
18.821602686007296	70.4528031612805
18.921602686007297	70.78580316122603
19.0216026860073	71.11880316117156
19.1216026860073	71.45180316111708
19.2216026860073	71.78480316106261
19.321602686007303	72.11780316100814
19.421602686007304	72.45080316095367
19.521602686007306	72.7838031608992
19.621602686007307	73.11680316084473
19.72160268600731	73.44980316079025
19.82160268600731	73.78280316073578
19.92160268600731	74.11580316068131
20.021602686007313	74.44880316062684
20.121602686007314	74.78180316057237
20.221602686007316	75.1148031605179
20.321602686007317	75.44780316046342
20.42160268600732	75.78080316040895
20.52160268600732	76.11380316035448
20.62160268600732	76.44680316030001
20.721602686007323	76.77980316024554
20.821602686007324	77.11280316019106
20.921602686007326	77.44580316013659
21.021602686007327	77.77880316008212
21.12160268600733	78.11180316002765
21.22160268600733	78.44480315997318
21.32160268600733	78.7778031599187
21.421602686007333	79.11080315986423
21.521602686007334	79.44380315980976
21.621602686007336	79.77680315975529
21.721602686007337	80.10980315970082
21.82160268600734	80.44280315964635
21.92160268600734	80.77580315959187
22.02160268600734	81.1088031595374
22.121602686007343	81.44180315948293
22.221602686007344	81.77480315942846
22.321602686007346	82.10780315937399
22.421602686007347	82.44080315931951
22.52160268600735	82.77380315926504
22.62160268600735	83.10680315921057
22.72160268600735	83.4398031591561
22.821602686007353	83.77280315910163
22.921602686007354	84.10580315904716
23.021602686007355	84.43880315899268
23.121602686007357	84.77180315893821
23.22160268600736	85.10480315888374
23.32160268600736	85.43780315882927
23.42160268600736	85.7708031587748
23.45	85.95992926993482
179769313486231570000000000000000000000000000000000000000000000000000000000000000000000000000000000000000000000000000000000000000000000000000000000000000000000000000000000000000000000000000000000000000000000000000000000000000000000000000000000000000000000000000000000000000000000000000000000000000000000000000	85.95992926993482
