-100000	0
-0.002999218463898501	0
0.00033411486943483266	0.033065947680259784
0.005334114869434832	0.08328940355216394
0.012834114869434832	0.15944264484368495
0.024084114869434833	0.27496547995665377
0.040959114869434834	0.450396738776935
0.06627161486943484	0.7171750077271609
0.10424036486943483	1.1234997649837792
0.16119348986943483	1.7433321368563284
0.24662317736943484	2.690087647885419
0.3466231773694348	3.817060410134148
0.4466231773694348	4.958720081926497
0.5466231773694348	6.11122410820961
0.6466231773694348	7.271802255059943
0.7466231773694347	8.438323764521657
0.8466231773694347	9.609075397275664
0.9466231773694347	10.78263485403986
1.0466231773694348	11.957793959894282
1.1466231773694349	13.133518708597428
1.246623177369435	14.309277653488413
1.346623177369435	15.485041795879411
1.4466231773694351	16.660810008273646
1.5466231773694352	17.836584033651583
1.6466231773694353	19.01236250333048
1.7466231773694354	20.18814507174988
1.8466231773694355	21.3639338514901
1.9466231773694356	22.539726857637977
2.0466231773694354	23.715524715830114
2.1466231773694355	24.89132857246468
2.2466231773694356	26.06713489785467
2.3466231773694357	27.242947169287312
2.446623177369436	28.418764788225225
2.546623177369436	29.594585719361987
2.646623177369436	30.770413415711957
2.746623177369436	31.946244732029854
2.846623177369436	33.122080739681046
2.9466231773694362	34.29792121062099
3.0466231773694363	35.4737668846394
3.1466231773694364	36.649609905874705
3.2466231773694365	37.82547113778993
3.3466231773694366	39.00133028043731
3.4466231773694367	40.17719547066811
3.5466231773694368	41.35306238713801
3.646623177369437	42.52893583580327
3.746623177369437	43.70481318920686
3.846623177369437	44.88069453977597
3.946623177369437	46.05657956586263
4.046623177369437	47.23246990748664
4.146623177369436	48.40836115929774
4.246623177369436	49.584257995054905
4.346623177369436	50.76015830279507
4.446623177369435	51.93606066325093
4.546623177369435	53.11197003124812
4.646623177369435	54.287881587888116
4.746623177369434	55.46379690847409
4.846623177369434	56.63971574701598
4.946623177369434	57.81563923192624
5.046623177369433	58.991563986170576
5.146623177369433	60.16749614785038
5.2466231773694325	61.34343020590192
5.346623177369432	62.51936841724633
5.446623177369432	63.695308579778654
5.5466231773694314	64.8712520854496
5.646623177369431	66.04719685347335
5.746623177369431	67.22314313930737
5.84662317736943	68.39909139213749
5.94662317736943	69.57504381756573
6.04662317736943	70.75099314853617
6.146623177369429	71.92694737313826
6.246623177369429	73.10290281070972
6.346623177369429	74.27885959451054
6.446623177369428	75.45481850656228
6.546623177369428	76.63077919273869
6.6466231773694275	77.80674163375092
6.746623177369427	78.98270551524212
6.846623177369427	80.15867202082526
6.9466231773694265	81.33463864843998
7.046623177369426	82.51060898614585
7.146623177369426	83.68657954365612
7.246623177369425	84.86255204272749
7.346623177369425	86.0385245611906
7.446623177369425	87.2144985892782
7.546623177369424	88.39047279971338
7.646623177369424	89.56644717930814
7.746623177369424	90.7424225125865
7.846623177369423	91.91839947177068
7.946623177369423	93.09437497727845
8.046623177369423	94.27035164179699
8.146623177369422	95.44632949057504
8.246623177369422	96.62230755795822
8.346623177369421	97.79828618494105
8.446623177369421	98.97426505329116
8.54662317736942	100.15024559561681
8.64662317736942	101.32622592713712
8.74662317736942	102.50220729326342
8.84662317736942	103.67818932943547
8.94662317736942	104.85417127835612
9.046623177369419	106.03015446447093
9.146623177369419	107.20613799731295
9.246623177369418	108.38212193341286
9.346623177369418	109.55810675291453
9.446623177369418	110.73409275368523
9.546623177369417	111.91007798466966
9.646623177369417	113.08606478979863
9.746623177369417	114.2620520671671
9.846623177369416	115.43803960965131
9.946623177369416	116.61402806564527
10.046623177369415	117.7900168695827
10.146623177369415	118.96600600266132
10.246623177369415	120.14199689594909
10.346623177369414	121.3179875906987
10.446623177369414	122.49397888692214
10.546623177369414	123.66997070555543
10.646623177369413	124.84596358343045
10.746623177369413	126.02195743059114
10.846623177369413	127.19795035236159
10.946623177369412	128.3739449415283
11.046623177369412	129.5499401340553
11.146623177369412	130.72593592987485
11.246623177369411	131.73747663963118
11.34662317736941	132.71488452101553
11.44662317736941	133.69229306790712
11.54662317736941	134.66970297010954
11.64662317736941	135.6471129327325
11.74662317736941	136.62452349756987
11.846623177369409	137.60193514798277
11.946623177369409	138.57934597074947
12.046623177369408	139.58476360406908
12.146623177369408	140.5911606458142
12.246623177369408	141.59755829000642
12.346623177369407	142.60395653670366
12.446623177369407	143.6103556930938
12.546623177369407	144.61675539855702
12.56	144.75138512188613
1000012.56	144.75138512188613
