-179769313486231570000000000000000000000000000000000000000000000000000000000000000000000000000000000000000000000000000000000000000000000000000000000000000000000000000000000000000000000000000000000000000000000000000000000000000000000000000000000000000000000000000000000000000000000000000000000000000000000000000	0
0.42669378662109375	0
0.4300271199544271	0.0000006515559051383733
0.4350271199544271	0.000007901714000500211
0.4425271199544271	0.000048545672325131105
0.4537771199544271	0.00021615709303114908
0.47065211995442713	0.0008079954148359312
0.49596461995442714	0.0027163632127323234
0.5339333699544272	0.008499346156615538
0.5908864949544272	0.02515863536985122
0.6763161824544273	0.07095331506514788
0.7763161824544272	0.16395505055430226
0.8763161824544272	0.2970558932984956
0.9763161824544272	0.45380553454492645
1.0763161824544272	0.6270951629721248
1.1763161824544273	0.8122917032798093
1.2763161824544274	1.0059363724698651
1.3763161824544274	1.2053667721899641
1.4763161824544275	1.4083863525699079
1.5763161824544276	1.613104447497679
1.6763161824544277	1.8179242887762985
1.7763161824544278	2.02140563460954
1.8763161824544279	2.222252312363112
1.976316182454428	2.4193872460075667
2.076316182454428	2.611900782938046
2.176316182454428	2.7989574998691307
2.276316182454428	2.9797636247758033
2.376316182454428	3.15358582979651
2.476316182454428	3.3200238342484867
2.5763161824544283	3.4787426910732493
2.6763161824544284	3.6294277998583615
2.7763161824544285	3.7718715324405436
2.8763161824544285	3.9059546945489982
2.9763161824544286	4.031802690979131
3.0763161824544287	4.149687084514967
3.176316182454429	4.259967194318616
3.276316182454429	4.363102206392108
3.376316182454429	4.45972336450188
3.476316182454429	4.550531711822791
3.576316182454429	4.636312601131953
3.6763161824544293	4.717931051247394
3.7763161824544293	4.796318319669079
3.8763161824544294	4.872495056425279
3.9763161824544295	4.947480583291852
4.07631618245443	5.022308623395477
4.176316182454429	5.098129436598418
4.276316182454429	5.176318663463443
4.3763161824544285	5.258545328513767
4.476316182454428	5.346892622159875
4.576316182454428	5.443981330726583
4.6763161824544275	5.553074240981392
4.776316182454427	5.678010152651199
4.876316182454427	5.823159663535391
4.976316182454426	5.99351418176834
5.076316182454426	6.194873766751529
5.176316182454426	6.434029136732475
5.276316182454425	6.719283708342496
5.376316182454425	7.061516711303714
5.476316182454425	7.472257714964007
5.576316182454424	7.955163792588107
5.676316182454424	8.506890320399883
5.776316182454424	9.123999752659369
5.876316182454423	9.803043977943796
5.976316182454423	10.540689645532328
6.0763161824544225	11.33372882993333
6.176316182454422	12.179138334790627
6.276316182454422	13.074093403191796
6.376316182454421	14.015970246459855
6.476316182454421	15.00231704202546
6.576316182454421	16.030841917284153
6.67631618245442	17.09943952835828
6.77631618245442	18.206154850953297
6.87631618245442	19.34911981811348
6.976316182454419	20.526590057550134
7.076316182454419	21.737003876939085
7.176316182454419	22.97888816791039
7.276316182454418	24.25078422736087
7.376316182454418	25.551409173661142
7.4763161824544175	26.879546823443203
7.576316182454417	28.233944454298364
7.676316182454417	29.613494333188708
7.7763161824544165	31.017176318826266
7.876316182454416	32.44397639714797
7.976316182454416	33.892930936454924
8.076316182454416	35.3631610939287
8.176316182454416	36.853815509286484
8.276316182454416	38.364076803612754
8.376316182454415	39.89316878723605
8.476316182454415	41.44033675311949
8.576316182454415	43.00486502493374
8.676316182454414	44.58603768166068
8.776316182454414	46.18324085649624
8.876316182454413	47.795857568467994
8.976316182454413	49.423284750149975
9.076316182454413	51.064956691123385
9.176316182454412	52.72031069620411
9.276316182454412	54.3888471600256
9.376316182454412	56.07003938218491
9.476316182454411	57.76342460770497
9.576316182454411	59.46851544450236
9.67631618245441	61.18489326008152
9.77631618245441	62.9121252713075
9.87631618245441	64.6497287618362
9.97631618245441	66.39721343315769
10.07631618245441	68.1540237668073
10.176316182454409	69.91964101976778
10.276316182454408	71.69357943702411
10.376316182454408	73.47539717270566
10.476316182454408	75.26462148521665
10.576316182454407	77.06078690677711
10.676316182454407	78.86346392689475
10.776316182454407	80.672205417127
10.876316182454406	82.4865851730331
10.976316182454406	84.30619208230657
11.076316182454406	86.13059134147876
11.176316182454405	87.9593863247869
11.276316182454405	89.79217125972366
11.376316182454405	91.6285363038129
11.476316182454404	93.46810082141018
11.576316182454404	95.31045822219038
11.676316182454404	97.15522787593599
11.776316182454403	99.00203502950696
11.876316182454403	100.85050778515873
11.976316182454402	102.70027374679064
12.076316182454402	104.55094045348994
12.176316182454402	106.40214003127092
12.276316182454401	108.25350907160731
12.376316182454401	110.10468336715515
12.4763161824544	111.9552986799027
12.5763161824544	113.80499580021429
12.6763161824544	115.61959315829208
12.68177303690014	116.51279283748892
179769313486231570000000000000000000000000000000000000000000000000000000000000000000000000000000000000000000000000000000000000000000000000000000000000000000000000000000000000000000000000000000000000000000000000000000000000000000000000000000000000000000000000000000000000000000000000000000000000000000000000000	116.51596963101224
