-179769313486231570000000000000000000000000000000000000000000000000000000000000000000000000000000000000000000000000000000000000000000000000000000000000000000000000000000000000000000000000000000000000000000000000000000000000000000000000000000000000000000000000000000000000000000000000000000000000000000000000000	0
-0.0000000000000008338296361873199	0
0.0033333333333324996	0.0329358168486728
0.008333333333332499	0.1159412611068953
0.0158333333333325	0.24194069302815935
0.027083333333332498	0.43307688218814444
0.0439583333333325	0.7232547462641359
0.0692708333333325	1.164324775693811
0.1072395833333325	1.835628127451878
0.1641927083333325	2.8591432386944904
0.2496223958333325	4.421898097526401
0.34962239583333254	6.4905799489889375
0.4496223958333325	8.753731140580495
0.5496223958333325	11.042422512567985
0.6496223958333325	13.350095157988628
0.7496223958333325	15.671893620317247
0.8496223958333324	18.004007793993825
0.9496223958333324	20.343343481668608
1.0496223958333324	22.68731219366246
1.1496223958333325	25.03370624486852
1.2496223958333326	27.380896397499985
1.3496223958333327	29.728176397500018
1.4496223958333327	32.07545639750005
1.5496223958333328	34.422736397500074
1.649622395833333	36.7700163975001
1.749622395833333	39.11729639750013
1.849622395833333	41.46457639750015
1.9496223958333332	43.81185639750018
2.049622395833333	46.159136397500205
2.149622395833333	48.50641639750023
2.2496223958333332	50.85369639750026
2.3496223958333333	53.200976397500284
2.4496223958333334	55.54825639750031
2.5496223958333335	57.89553639750034
2.6496223958333336	60.24281639750036
2.7496223958333337	62.59009639750039
2.8496223958333338	64.93737639750042
2.949622395833334	67.28465639750046
3.049622395833334	69.6319363975005
3.149622395833334	71.97921639750054
3.249622395833334	74.32649639750058
3.349622395833334	76.67377639750062
3.4496223958333343	79.02105639750066
3.5496223958333344	81.3683363975007
3.6496223958333345	83.71561639750074
3.7496223958333346	86.06289639750078
3.8496223958333347	88.41017639750082
3.9496223958333347	90.75745639750086
4.049622395833334	93.10473639750089
4.149622395833334	95.4520163975009
4.249622395833334	97.79929639750091
4.349622395833333	100.14657639750092
4.449622395833333	102.49385639750093
4.549622395833333	104.84113639750095
4.649622395833332	107.18841639750096
4.749622395833332	109.53569639750097
4.8496223958333315	111.88297639750098
4.949622395833331	114.230256397501
5.049622395833331	116.577536397501
5.1496223958333305	118.92481639750102
5.24962239583333	121.27209639750103
5.34962239583333	123.61937639750104
5.449622395833329	125.96665639750105
5.549622395833329	128.31393639750107
5.649622395833329	130.66121639750108
5.749622395833328	133.0084963975011
5.849622395833328	135.3557763975011
5.949622395833328	137.70305639750111
6.049622395833327	140.05033639750113
6.149622395833327	142.39761639750114
6.249622395833327	144.74489639750115
6.349622395833326	147.09217639750116
6.449622395833326	149.43945639750117
6.5496223958333255	151.7867363975012
6.649622395833325	154.1340163975012
6.749622395833325	156.4812963975012
6.849622395833324	158.82857639750122
6.949622395833324	161.17585639750124
7.049622395833324	163.52313639750125
7.149622395833323	165.87041639750126
7.249622395833323	168.21769639750127
7.349622395833323	170.56497639750128
7.449622395833322	172.9122563975013
7.549622395833322	175.2595363975013
7.649622395833322	177.60681639750132
7.749622395833321	179.95409639750133
7.849622395833321	182.30137639750134
7.9496223958333205	184.64865639750136
8.049622395833321	186.9959363975014
8.14962239583332	189.34321639750144
8.24962239583332	191.69049639750145
8.34962239583332	194.03777639750146
8.44962239583332	196.38505639750147
8.54962239583332	198.73233639750148
8.649622395833319	201.0796163975015
8.749622395833319	203.4268963975015
8.849622395833318	205.77417639750152
8.949622395833318	208.12145639750153
9.049622395833318	210.46873639750154
9.149622395833317	212.81601639750156
9.249622395833317	215.16329639750157
9.349622395833316	217.51057639750158
9.449622395833316	219.8578563975016
9.549622395833316	222.2051363975016
9.649622395833315	224.55241639750162
9.749622395833315	226.89969639750163
9.849622395833315	229.24697639750164
9.949622395833314	231.59425639750165
10.049622395833314	233.94153639750166
10.149622395833314	236.28881639750168
10.249622395833313	238.6360963975017
10.349622395833313	240.9833763975017
10.449622395833313	243.3306563975017
10.549622395833312	245.67793639750172
10.649622395833312	248.02521639750174
10.749622395833311	250.37249639750175
10.849622395833311	252.71977639750176
10.94962239583331	255.06705639750177
11.04962239583331	257.4143363975018
11.14962239583331	259.7616163975019
11.24962239583331	261.9403572735436
11.34962239583331	263.92225814958533
11.449622395833309	265.8758581495854
11.549622395833309	267.82945814958543
11.649622395833308	269.7830581495855
11.749622395833308	271.73665814958554
11.849622395833308	273.6902581495856
11.949622395833307	275.64385814958564
12.049622395833307	277.62694637875234
12.149622395833306	279.639634607919
12.249622395833306	281.65243460791896
12.349622395833306	283.66523460791893
12.449622395833305	285.6780346079189
12.549622395833305	287.6908346079189
12.649622395833305	288.8016748162525
12.749622395833304	288.90611502458614
12.849622395833304	288.90611502458614
12.949622395833304	288.90611502458614
13.049622395833303	288.90611502458614
13.149622395833303	288.90611502458614
13.249622395833303	288.90611502458614
13.349622395833302	288.90611502458614
13.449622395833302	288.90611502458614
13.549622395833302	288.90611502458614
13.649622395833301	288.90611502458614
13.7496223958333	288.90611502458614
13.8496223958333	288.90611502458614
13.9496223958333	288.90611502458614
14.0496223958333	288.90611502458614
14.1496223958333	288.90611502458614
14.249622395833299	288.90611502458614
14.349622395833299	288.90611502458614
14.449622395833298	288.90611502458614
14.549622395833298	288.90611502458614
14.649622395833298	288.90611502458614
14.749622395833297	288.90611502458614
14.849622395833297	288.90611502458614
14.949622395833297	288.90611502458614
15.049622395833296	288.90611502458614
15.149622395833296	288.90611502458614
15.249622395833295	288.90611502458614
15.349622395833295	288.90611502458614
15.449622395833295	288.90611502458614
15.549622395833294	288.90611502458614
15.649622395833294	288.90611502458614
15.749622395833294	288.90611502458614
15.849622395833293	288.90611502458614
15.949622395833293	288.90611502458614
16.049622395833293	288.90611502458614
16.149622395833294	288.90611502458614
16.249622395833295	288.90611502458614
16.349622395833297	288.90611502458614
16.4496223958333	288.90611502458614
16.5496223958333	288.90611502458614
16.6496223958333	288.90611502458614
16.749622395833303	288.90611502458614
16.849622395833304	288.90611502458614
16.949622395833305	288.90611502458614
17.049622395833307	288.90611502458614
17.14962239583331	288.90611502458614
17.24962239583331	288.90611502458614
17.34962239583331	288.90611502458614
17.449622395833313	288.90611502458614
17.549622395833314	288.90611502458614
17.649622395833315	288.90611502458614
17.749622395833317	288.90611502458614
17.849622395833318	288.90611502458614
17.94962239583332	288.90611502458614
18.04962239583332	288.90611502458614
18.149622395833322	288.90611502458614
18.249622395833324	288.90611502458614
18.349622395833325	288.90611502458614
18.449622395833327	288.90611502458614
18.549622395833328	288.90611502458614
18.64962239583333	288.90611502458614
18.74962239583333	288.90611502458614
18.849622395833332	288.90611502458614
18.949622395833334	288.90611502458614
19.049622395833335	288.90611502458614
19.149622395833337	288.90611502458614
19.249622395833338	288.90611502458614
19.34962239583334	288.90611502458614
19.44962239583334	288.90611502458614
19.549622395833342	288.90611502458614
19.649622395833344	288.90611502458614
19.749622395833345	288.90611502458614
19.849622395833347	288.90611502458614
19.949622395833348	288.90611502458614
20.04962239583335	288.90611502458614
20.14962239583335	288.90611502458614
20.249622395833352	288.90611502458614
20.349622395833354	288.90611502458614
20.449622395833355	288.90611502458614
20.549622395833357	288.90611502458614
20.649622395833358	288.90611502458614
20.74962239583336	288.90611502458614
20.84962239583336	288.90611502458614
20.949622395833362	288.90611502458614
21.049622395833364	288.90611502458614
21.149622395833365	288.90611502458614
21.249622395833367	288.90611502458614
21.349622395833368	288.90611502458614
21.44962239583337	288.90611502458614
21.54962239583337	288.90611502458614
21.649622395833372	288.90611502458614
21.749622395833374	288.90611502458614
21.849622395833375	288.90611502458614
21.949622395833376	288.90611502458614
22.049622395833378	288.90611502458614
22.14962239583338	288.90611502458614
22.24962239583338	288.90611502458614
22.349622395833382	288.90611502458614
22.449622395833384	288.90611502458614
22.549622395833385	288.9188183434048
22.649622395833386	288.97068387483506
22.749622395833388	289.0754725857726
22.84962239583339	289.2322895906806
22.94962239583339	289.4122446972924
23.049622395833392	289.56397416389217
23.149622395833394	289.6638523506404
23.249622395833395	289.7117173220615
23.349622395833396	289.7226689733043
23.449622395833398	289.7226689733043
23.5496223958334	289.7226689733043
23.6496223958334	289.7226689733043
23.749622395833402	289.7540562119355
23.849622395833403	289.8838634505667
23.949622395833405	290.08070345056666
24.049622395833406	290.2775434505666
24.149622395833408	290.47438345056656
24.24962239583341	290.6712234505665
24.34962239583341	290.86806345056647
24.449622395833412	291.0649034505664
24.549622395833413	291.26174345056637
24.649622395833415	291.4585834505663
24.749622395833416	291.6554234505663
24.849622395833418	291.8522634505662
24.94962239583342	292.0491034505662
25.04962239583342	292.23457748462897
25.12446389496718	292.34290961717926
179769313486231570000000000000000000000000000000000000000000000000000000000000000000000000000000000000000000000000000000000000000000000000000000000000000000000000000000000000000000000000000000000000000000000000000000000000000000000000000000000000000000000000000000000000000000000000000000000000000000000000000	292.36418771566673
