-179769313486231570000000000000000000000000000000000000000000000000000000000000000000000000000000000000000000000000000000000000000000000000000000000000000000000000000000000000000000000000000000000000000000000000000000000000000000000000000000000000000000000000000000000000000000000000000000000000000000000000000	0
5.868646194063413	0
5.871979527396746	0.00008153349719235762
5.875312860730079	0.00023549221943989558
5.880312860730079	0.00059721401631606
5.8878128607300795	0.0014340600670162517
5.89906286073008	0.0033514216926848724
5.91593786073008	0.0077178202202053256
5.94125036073008	0.017623024232114985
5.97921911073008	0.03962501956631005
6.0361722357300795	0.0880403088785461
6.121601923230079	0.1928760629547583
6.221601923230079	0.3602974646451605
6.321601923230078	0.5714028092835383
6.421601923230078	0.8223875479902352
6.521601923230078	1.1100485552678792
6.621601923230077	1.431913564430724
6.721601923230077	1.7859574299863703
6.821601923230077	2.1701457755300275
6.921601923230076	2.582734891000951
7.021601923230076	3.022203229567234
7.121601923230076	3.4871026822328575
7.221601923230075	3.9761988125363135
7.321601923230075	4.488332576816101
7.4216019232300745	5.022473252586314
7.521601923230074	5.577567188185666
7.621601923230074	6.152620617369022
7.721601923230073	6.746753063636873
7.821601923230073	7.359145366278099
7.921601923230073	7.9889139013705535
8.021601923230072	8.635497168674275
8.121601923230072	9.297973567061183
8.221601923230072	9.975874937942969
8.321601923230071	10.668361666644314
8.421601923230071	11.375067119731918
8.52160192323007	12.09528655179335
8.62160192323007	12.828382875997816
8.72160192323007	13.573828556345076
8.82160192323007	14.331253823346275
8.92160192323007	15.100213012609494
9.021601923230069	15.880181445208263
9.121601923230068	16.67093228724656
9.221601923230068	17.4719034451093
9.321601923230068	18.28297160737891
9.421601923230067	19.10362061456261
9.521601923230067	19.93382108728048
9.621601923230067	20.773207162803306
9.721601923230066	21.62153210057793
9.821601923230066	22.47856447771911
9.921601923230066	23.344070311507814
10.021601923230065	24.217806440776414
10.121601923230065	25.099619189572994
10.221601923230065	25.989227484660898
10.321601923230064	26.88640734851162
10.421601923230064	27.79094573042425
10.521601923230063	28.7026172202556
10.621601923230063	29.62123787022517
10.721601923230063	30.546558465474416
10.821601923230062	31.478323170990404
10.921601923230062	32.4163446892239
11.021601923230062	33.360362086828665
11.121601923230061	34.310121764874474
11.221601923230061	35.26542222997053
11.32160192323006	36.2259700521731
11.42160192323006	37.19152065421908
11.52160192323006	38.16183214244648
11.62160192323006	39.136587273940776
11.72160192323006	40.11555505490329
11.821601923230059	41.09843941850614
11.921601923230059	42.0849101528709
12.021601923230058	43.0747532581935
12.121601923230058	44.067611539732226
12.221601923230057	45.06316475519355
12.321601923230057	46.06109102077347
12.421601923230057	47.061071880518476
12.521601923230056	48.0627683309817
12.621601923230056	49.065836214374116
12.721601923230056	50.06989696606925
12.821601923230055	50.47281779212079
12.921601923230055	50.805817792171084
13.021601923230055	51.138817792221374
13.121601923230054	51.471817792271665
13.221601923230054	51.804817792321955
13.321601923230054	52.137817792372246
13.421601923230053	52.47081779242254
13.521601923230053	52.80381779247283
13.621601923230052	53.13681779252312
13.721601923230052	53.46981779257341
13.821601923230052	53.8028177926237
13.921601923230051	54.13581779267399
14.021601923230051	54.46881779272428
14.12160192323005	54.80181779277457
14.22160192323005	55.13481779282486
14.32160192323005	55.46781779287515
14.42160192323005	55.80081779292544
14.52160192323005	56.133817792975734
14.621601923230049	56.466817793026024
14.721601923230049	56.799817793076315
14.821601923230048	57.132817793126605
14.921601923230048	57.465817793176896
15.021601923230048	57.79881779322719
15.121601923230047	58.13181779327748
15.221601923230047	58.46481779332777
15.321601923230046	58.79781779337806
15.421601923230046	59.13081779342835
15.521601923230046	59.46381779347864
15.621601923230045	59.79681779352893
15.721601923230045	60.12981779357922
15.821601923230045	60.46281779362951
15.921601923230044	60.7958177936798
16.021601923230044	61.12881779373009
16.121601923230045	61.46181779378039
16.221601923230047	61.79481779383069
16.321601923230048	62.127817793880986
16.42160192323005	62.460817793931284
16.52160192323005	62.79381779398158
16.621601923230052	63.12681779403188
16.721601923230054	63.45981779408218
16.821601923230055	63.792817794132475
16.921601923230057	64.12581779418277
17.021601923230058	64.45881779423306
17.12160192323006	64.79181779428335
17.22160192323006	65.12481779433364
17.321601923230062	65.45781779438393
17.421601923230064	65.79081779443422
17.521601923230065	66.12381779448451
17.621601923230067	66.4568177945348
17.721601923230068	66.78981779458509
17.82160192323007	67.12281779463538
17.92160192323007	67.45581779468567
18.021601923230072	67.78881779473596
18.121601923230074	68.12181779478625
18.221601923230075	68.45481779483654
18.321601923230077	68.78781779488683
18.421601923230078	69.12081779493712
18.52160192323008	69.45381779498742
18.62160192323008	69.7868177950377
18.721601923230082	70.119817795088
18.821601923230084	70.45281779513829
18.921601923230085	70.78581779518858
19.021601923230087	71.11881779523887
19.121601923230088	71.45181779528916
19.22160192323009	71.78481779533945
19.32160192323009	72.11781779538974
19.421601923230092	72.45081779544003
19.521601923230094	72.78381779549032
19.621601923230095	73.11681779554061
19.721601923230097	73.4498177955909
19.821601923230098	73.7828177956412
19.9216019232301	74.11581779569148
20.0216019232301	74.44881779574177
20.121601923230102	74.78181779579207
20.221601923230104	75.11481779584236
20.321601923230105	75.44781779589265
20.421601923230106	75.78081779594294
20.521601923230108	76.11381779599323
20.62160192323011	76.44681779604352
20.72160192323011	76.77981779609381
20.821601923230112	77.1128177961441
20.921601923230114	77.44581779619439
21.021601923230115	77.77881779624468
21.121601923230116	78.11181779629497
21.221601923230118	78.44481779634526
21.32160192323012	78.77781779639555
21.42160192323012	79.11081779644584
21.521601923230122	79.44381779649613
21.621601923230124	79.77681779654642
21.721601923230125	80.10981779659672
21.821601923230126	80.442817796647
21.921601923230128	80.7758177966973
22.02160192323013	81.10881779674759
22.12160192323013	81.44181779679788
22.221601923230132	81.77481779684817
22.321601923230133	82.10781779689846
22.421601923230135	82.44081779694875
22.521601923230136	82.77381779699904
22.621601923230138	83.10681779704933
22.72160192323014	83.43981779709962
22.82160192323014	83.77281779714991
22.921601923230142	84.1058177972002
23.021601923230143	84.4388177972505
23.121601923230145	84.77181779730078
23.221601923230146	85.10481779735107
23.321601923230148	85.43781779740137
23.42160192323015	85.77081779745166
23.45	85.95994898876742
179769313486231570000000000000000000000000000000000000000000000000000000000000000000000000000000000000000000000000000000000000000000000000000000000000000000000000000000000000000000000000000000000000000000000000000000000000000000000000000000000000000000000000000000000000000000000000000000000000000000000000000	85.95994898876742
