-179769313486231570000000000000000000000000000000000000000000000000000000000000000000000000000000000000000000000000000000000000000000000000000000000000000000000000000000000000000000000000000000000000000000000000000000000000000000000000000000000000000000000000000000000000000000000000000000000000000000000000000	0
-0.0000000000000008469026011023555	0
0.0033333333333324866	0.032935509127387144
0.00666666666666582	0.06624747978150486
0.011666666666665819	0.11664701732234228
0.01916666666666582	0.19293299411239373
0.030416666666665818	0.308522234970297
0.047291666666665816	0.4839287878638225
0.07260416666666582	0.7505124127441867
0.11057291666666583	1.156283900440448
0.16752604166666585	1.7752173694783449
0.25295572916666587	2.7203367544116106
0.35295572916666584	3.845139107326602
0.4529557291666658	4.984464758790608
0.5529557291666658	6.134550527864969
0.6529557291666658	7.292675217006911
0.7529557291666658	8.456746715272264
0.8529557291666657	9.625077008514538
0.9529557291666657	10.7962750475062
1.0529557291666658	11.96915955070958
1.1529557291666659	13.142717752387863
1.252955729166666	14.316357752387878
1.352955729166666	15.489997752387893
1.4529557291666662	16.66363775238791
1.5529557291666662	17.837277752387926
1.6529557291666663	19.010917752387943
1.7529557291666664	20.18455775238796
1.8529557291666665	21.358197752387976
1.9529557291666666	22.531837752387993
2.0529557291666665	23.705477752388006
2.1529557291666666	24.879117752388023
2.2529557291666666	26.05275775238804
2.3529557291666667	27.226397752388056
2.452955729166667	28.400037752388073
2.552955729166667	29.57367775238809
2.652955729166667	30.747317752388106
2.752955729166667	31.920957752388123
2.852955729166667	33.09459775238814
2.9529557291666673	34.26823775238815
3.0529557291666674	35.441877752388166
3.1529557291666674	36.61551775238818
3.2529557291666675	37.78915775238819
3.3529557291666676	38.962797752388205
3.4529557291666677	40.13643775238822
3.552955729166668	41.31007775238823
3.652955729166668	42.483717752388245
3.752955729166668	43.65735775238826
3.852955729166668	44.83099775238827
3.952955729166668	46.004637752388284
4.052955729166668	47.1782777523883
4.152955729166668	48.35191775238831
4.2529557291666675	49.52555775238832
4.352955729166667	50.699197752388336
4.452955729166667	51.87283775238835
4.5529557291666665	53.04647775238836
4.652955729166666	54.220117752388376
4.752955729166666	55.39375775238839
4.852955729166665	56.5673977523884
4.952955729166665	57.741037752388415
5.052955729166665	58.91467775238843
5.152955729166664	60.08831775238844
5.252955729166664	61.261957752388454
5.352955729166664	62.43559775238847
5.452955729166663	63.60923775238848
5.552955729166663	64.78287775238849
5.652955729166663	65.95651775238849
5.752955729166662	67.1301577523885
5.852955729166662	68.3037977523885
5.9529557291666615	69.47743775238851
6.052955729166661	70.65107775238852
6.152955729166661	71.82471775238852
6.25295572916666	72.99835775238853
6.35295572916666	74.17199775238853
6.45295572916666	75.34563775238854
6.552955729166659	76.51927775238855
6.652955729166659	77.69291775238855
6.752955729166659	78.86655775238856
6.852955729166658	80.04019775238856
6.952955729166658	81.21383775238857
7.052955729166658	82.38747775238858
7.152955729166657	83.56111775238858
7.252955729166657	84.73475775238859
7.3529557291666565	85.9083977523886
7.452955729166656	87.0820377523886
7.552955729166656	88.2556777523886
7.6529557291666555	89.42931775238861
7.752955729166655	90.60295775238862
7.852955729166655	91.77659775238862
7.952955729166654	92.95023775238863
8.052955729166655	94.12387775238865
8.152955729166655	95.29751775238866
8.252955729166654	96.47115775238866
8.352955729166654	97.64479775238867
8.452955729166653	98.81843775238868
8.552955729166653	99.99207775238868
8.652955729166653	101.16571775238869
8.752955729166652	102.3393577523887
8.852955729166652	103.5129977523887
8.952955729166652	104.6866377523887
9.052955729166651	105.86027775238871
9.152955729166651	107.03391775238872
9.25295572916665	108.20755775238872
9.35295572916665	109.38119775238873
9.45295572916665	110.55483775238874
9.55295572916665	111.72847775238874
9.65295572916665	112.90211775238875
9.752955729166649	114.07575775238875
9.852955729166649	115.24939775238876
9.952955729166648	116.42303775238877
10.052955729166648	117.59667775238877
10.152955729166647	118.77031775238878
10.252955729166647	119.94395775238878
10.352955729166647	121.11759775238879
10.452955729166646	122.2912377523888
10.552955729166646	123.4648777523888
10.652955729166646	124.63851775238881
10.752955729166645	125.81215775238881
10.852955729166645	126.98579775238882
10.952955729166645	128.15943775238884
11.052955729166644	129.33307775238885
11.152955729166644	130.50671775238885
11.252955729166644	131.59280752374306
11.352955729166643	132.66802752374306
11.452955729166643	133.74324752374307
11.552955729166642	134.81846752374307
11.652955729166642	135.89368752374307
11.752955729166642	136.96890752374307
11.852955729166641	138.04412752374307
11.952955729166641	139.11978497165975
12.05295572916664	140.20980497165976
12.15295572916664	141.29982497165977
12.25295572916664	142.38984497165978
12.35295572916664	143.4798649716598
12.45295572916664	144.5698849716598
12.552955729166639	145.6599049716598
12.652955729166639	145.82817596124343
12.752955729166638	145.92659596124344
12.852955729166638	146.02501596124344
12.952955729166638	146.12343596124344
13.052955729166637	146.22132495685494
13.152955729166637	146.3161834928418
13.252955729166636	146.4076916823574
13.352955729166636	146.49584952366487
13.452955729166636	146.58065701502724
13.552955729166635	146.6621141547076
13.652955729166635	146.74022094096907
13.752955729166635	146.81497737207468
13.852955729166634	146.8863834462875
13.952955729166634	146.95443916187068
14.052955729166634	147.01914451708723
14.152955729166633	147.08049951020027
14.252955729166633	147.13850413947284
14.352955729166633	147.19315840316807
14.452955729166632	147.244462299549
14.552955729166632	147.29241582687874
14.652955729166631	147.33701898342034
14.752955729166631	147.37827176743687
14.85295572916663	147.41617417719144
14.95295572916663	147.45072621094712
15.05295572916663	147.481927866967
15.15295572916663	147.50977914351415
15.25295572916663	147.5343776360861
15.352955729166629	147.55597906723906
15.452955729166629	147.5745968482019
15.552955729166628	147.59023097897463
15.652955729166628	147.60288145955724
15.752955729166628	147.61254828994976
15.852955729166627	147.61923147015216
15.952955729166627	147.62293100016444
16.052955729166626	147.62374777838758
16.152955729166628	147.62374777838758
16.25295572916663	147.62374777838758
16.35295572916663	147.62374777838758
16.452955729166632	147.62374777838758
16.552955729166634	147.62374777838758
16.652955729166635	147.62374777838758
16.752955729166636	147.62374777838758
16.852955729166638	147.62374777838758
16.95295572916664	147.62374777838758
17.05295572916664	147.62374777838758
17.152955729166642	147.62374777838758
17.252955729166644	147.62374777838758
17.352955729166645	147.62374777838758
17.452955729166646	147.62374777838758
17.552955729166648	147.62374777838758
17.65295572916665	147.62374777838758
17.75295572916665	147.62374777838758
17.852955729166652	147.62374777838758
17.952955729166653	147.62374777838758
18.052955729166655	147.62374777838758
18.152955729166656	147.62374777838758
18.252955729166658	147.62374777838758
18.35295572916666	147.62374777838758
18.45295572916666	147.62374777838758
18.552955729166662	147.62374777838758
18.652955729166663	147.62374777838758
18.752955729166665	147.62374777838758
18.852955729166666	147.62374777838758
18.952955729166668	147.62374777838758
19.05295572916667	147.62374777838758
19.15295572916667	147.62374777838758
19.252955729166672	147.62374777838758
19.352955729166673	147.62374777838758
19.452955729166675	147.62374777838758
19.552955729166676	147.62374777838758
19.652955729166678	147.62374777838758
19.75295572916668	147.62374777838758
19.85295572916668	147.62374777838758
19.952955729166682	147.62374777838758
20.052955729166683	147.62374777838758
20.152955729166685	147.62374777838758
20.252955729166686	147.62374777838758
20.352955729166688	147.62374777838758
20.45295572916669	147.62374777838758
20.55295572916669	147.62374777838758
20.652955729166692	147.62374777838758
20.752955729166693	147.62374777838758
20.852955729166695	147.62374777838758
20.952955729166696	147.62374777838758
21.052955729166698	147.62374777838758
21.1529557291667	147.62374777838758
21.2529557291667	147.62374777838758
21.352955729166702	147.6281837186982
21.452955729166703	147.65567404132554
21.552955729166705	147.7082865861751
21.652955729166706	147.78602135324687
21.752955729166707	147.88251650121717
21.85295572916671	147.96224191961994
21.95295572916671	148.01587400468938
22.05295572916671	148.04341275642548
22.152955729166713	148.04743716616602
22.252955729166715	148.04743716616602
22.352955729166716	148.04743716616602
22.452955729166717	148.04743716616602
22.55295572916672	148.04743716616602
22.65295572916672	148.04743716616602
22.75295572916672	148.04743716616602
22.852955729166723	148.04743716616602
22.952955729166725	148.04743716616602
23.052955729166726	148.04743716616602
23.152955729166727	148.04743716616602
23.25295572916673	148.04743716616602
23.35295572916673	148.04743716616602
23.45295572916673	148.04743716616602
23.552955729166733	148.04743716616602
23.652955729166734	148.04743716616602
23.752955729166736	148.08691767939342
23.852955729166737	148.18533767939343
23.95295572916674	148.28375767939343
24.05295572916674	148.38217767939344
24.15295572916674	148.48059767939344
24.252955729166743	148.57901767939344
24.352955729166744	148.67743767939345
24.452955729166746	148.77585767939345
24.552955729166747	148.87427767939346
24.65295572916675	148.9644292855206
24.73584245076587	148.99052791989416
179769313486231570000000000000000000000000000000000000000000000000000000000000000000000000000000000000000000000000000000000000000000000000000000000000000000000000000000000000000000000000000000000000000000000000000000000000000000000000000000000000000000000000000000000000000000000000000000000000000000000000000	148.99052791989416
