-179769313486231570000000000000000000000000000000000000000000000000000000000000000000000000000000000000000000000000000000000000000000000000000000000000000000000000000000000000000000000000000000000000000000000000000000000000000000000000000000000000000000000000000000000000000000000000000000000000000000000000000	0
-0.0000000000000008556179110457123	0
0.003333333333332478	0.03293530396331634
0.008333333333332478	0.1159394714570349
0.015833333333332478	0.24193700612587254
0.027083333333332477	0.4330704043007926
0.043958333333332475	0.7232442004941091
0.06927083333333248	1.1643083858772552
0.10723958333333247	1.8356034386843567
0.1641927083333325	2.859107302480454
0.2496223958333325	4.421847733563719
0.34962239583333254	6.490514112765018
0.4496223958333325	8.753652284362527
0.5496223958333325	11.042333961895409
0.6496223958333325	13.349999642372076
0.7496223958333325	15.671793358199595
0.8496223958333324	18.00390449977614
0.9496223958333324	20.34323848693872
1.0496223958333324	22.687206417072744
1.1496223958333325	25.03360020780121
1.2496223958333326	27.38079033060125
1.3496223958333327	29.72807033060124
1.4496223958333327	32.07535033060123
1.5496223958333328	34.422630330601216
1.649622395833333	36.7699103306012
1.749622395833333	39.11719033060118
1.849622395833333	41.464470330601166
1.9496223958333332	43.81175033060115
2.049622395833333	46.159030330601134
2.149622395833333	48.50631033060112
2.2496223958333332	50.8535903306011
2.3496223958333333	53.200870330601084
2.4496223958333334	55.54815033060107
2.5496223958333335	57.89543033060105
2.6496223958333336	60.242710330601035
2.7496223958333337	62.58999033060102
2.8496223958333338	64.93727033060101
2.949622395833334	67.284550330601
3.049622395833334	69.63183033060098
3.149622395833334	71.97911033060096
3.249622395833334	74.32639033060094
3.349622395833334	76.67367033060093
3.4496223958333343	79.02095033060091
3.5496223958333344	81.3682303306009
3.6496223958333345	83.71551033060088
3.7496223958333346	86.06279033060086
3.8496223958333347	88.41007033060085
3.9496223958333347	90.75735033060083
4.049622395833334	93.10463033060081
4.149622395833334	95.4519103306008
4.249622395833334	97.79919033060078
4.349622395833333	100.14647033060076
4.449622395833333	102.49375033060075
4.549622395833333	104.84103033060073
4.649622395833332	107.18831033060071
4.749622395833332	109.5355903306007
4.8496223958333315	111.88287033060068
4.949622395833331	114.23015033060067
5.049622395833331	116.57743033060065
5.1496223958333305	118.92471033060063
5.24962239583333	121.27199033060062
5.34962239583333	123.6192703306006
5.449622395833329	125.96655033060058
5.549622395833329	128.31383033060055
5.649622395833329	130.6611103306005
5.749622395833328	133.00839033060046
5.849622395833328	135.35567033060042
5.949622395833328	137.70295033060037
6.049622395833327	140.05023033060033
6.149622395833327	142.39751033060028
6.249622395833327	144.74479033060024
6.349622395833326	147.0920703306002
6.449622395833326	149.43935033060015
6.5496223958333255	151.7866303306001
6.649622395833325	154.13391033060006
6.749622395833325	156.48119033060001
6.849622395833324	158.82847033059997
6.949622395833324	161.17575033059993
7.049622395833324	163.52303033059988
7.149622395833323	165.87031033059984
7.249622395833323	168.2175903305998
7.349622395833323	170.56487033059975
7.449622395833322	172.9121503305997
7.549622395833322	175.25943033059966
7.649622395833322	177.6067103305996
7.749622395833321	179.95399033059957
7.849622395833321	182.30127033059952
7.9496223958333205	184.64855033059948
8.049622395833321	186.99583033059946
8.14962239583332	189.34311033059944
8.24962239583332	191.6903903305994
8.34962239583332	194.03767033059935
8.44962239583332	196.3849503305993
8.54962239583332	198.73223033059926
8.649622395833319	201.07951033059922
8.749622395833319	203.42679033059918
8.849622395833318	205.77407033059913
8.949622395833318	208.12135033059909
9.049622395833318	210.46863033059904
9.149622395833317	212.815910330599
9.249622395833317	215.16319033059895
9.349622395833316	217.5104703305989
9.449622395833316	219.85775033059886
9.549622395833316	222.20503033059882
9.649622395833315	224.55231033059877
9.749622395833315	226.89959033059873
9.849622395833315	229.24687033059868
9.949622395833314	231.59415033059864
10.049622395833314	233.9414303305986
10.149622395833314	236.28871033059855
10.249622395833313	238.6359903305985
10.349622395833313	240.98327033059846
10.449622395833313	243.3305503305984
10.549622395833312	245.67783033059837
10.649622395833312	248.02511033059832
10.749622395833311	250.37239033059828
10.849622395833311	252.71967033059823
10.94962239583331	255.0669503305982
11.04962239583331	257.4142303305982
11.14962239583331	259.7615103305981
11.24962239583331	262.02452076861897
11.34962239583331	264.18911120663984
11.449622395833309	266.33955120663984
11.549622395833309	268.48999120663984
11.649622395833308	270.64043120663985
11.749622395833308	272.79087120663985
11.849622395833308	274.94131120663985
11.949622395833307	277.09175120663986
12.049622395833307	279.2569353212232
12.149622395833306	281.4369194358065
12.249622395833306	283.61695943580645
12.349622395833306	285.7969994358064
12.449622395833305	287.9770394358064
12.549622395833305	290.15707943580634
12.649622395833305	291.44842375872327
12.749622395833304	291.7481680816402
12.849622395833304	291.94500808164014
12.949622395833304	292.1418480816401
13.049622395833303	292.33868808164004
13.149622395833303	292.53552808164
13.249622395833303	292.73236808163995
13.349622395833302	292.9292080816399
13.449622395833302	293.12604808163985
13.549622395833302	293.3228880816398
13.649622395833301	293.51972808163976
13.7496223958333	293.7165680816397
13.8496223958333	293.91340808163966
13.9496223958333	294.1102480816396
14.0496223958333	294.30708808163956
14.1496223958333	294.5039280816395
14.249622395833299	294.70076808163947
14.349622395833299	294.8976080816394
14.449622395833298	295.09444808163937
14.549622395833298	295.2912880816393
14.649622395833298	295.4881280816393
14.749622395833297	295.6849680816392
14.849622395833297	295.8818080816392
14.949622395833297	296.07864808163913
15.049622395833296	296.2754880816391
15.149622395833296	296.47232808163903
15.249622395833295	296.669168081639
15.349622395833295	296.86600808163894
15.449622395833295	297.0628480816389
15.549622395833294	297.25968808163884
15.649622395833294	297.4565280816388
15.749622395833294	297.65336808163875
15.849622395833293	297.8502080816387
15.949622395833293	298.04704808163865
16.049622395833293	298.2438880816386
16.149622395833294	298.44072808163855
16.249622395833295	298.6375680816385
16.349622395833297	298.83440808163846
16.4496223958333	299.0312480816384
16.5496223958333	299.22808808163836
16.6496223958333	299.4249280816383
16.749622395833303	299.62176808163827
16.849622395833304	299.8186080816382
16.949622395833305	300.01544808163817
17.049622395833307	300.2122880816381
17.14962239583331	300.4091280816381
17.24962239583331	300.605968081638
17.34962239583331	300.802808081638
17.449622395833313	300.99964808163793
17.549622395833314	301.1964880816379
17.649622395833315	301.39332808163783
17.749622395833317	301.5901680816378
17.849622395833318	301.78700808163774
17.94962239583332	301.9838480816377
18.04962239583332	302.18068808163764
18.149622395833322	302.3775280816376
18.249622395833324	302.57436808163754
18.349622395833325	302.7712080816375
18.449622395833327	302.96804808163745
18.549622395833328	303.1648880816374
18.64962239583333	303.36172808163735
18.74962239583333	303.5585680816373
18.849622395833332	303.75540808163726
18.949622395833334	303.9522480816372
19.049622395833335	304.14908808163716
19.149622395833337	304.3459280816371
19.249622395833338	304.54276808163706
19.34962239583334	304.739608081637
19.44962239583334	304.93550598328676
19.549622395833342	305.1276158481042
19.649622395833344	305.3139792425246
19.749622395833345	305.4950571180209
19.849622395833347	305.6735135622644
19.949622395833348	305.8517335622644
20.04962239583335	306.02995356226444
20.14962239583335	306.20817356226445
20.249622395833352	306.38639356226446
20.349622395833354	306.56461356226447
20.449622395833355	306.74838440731656
20.549622395833357	306.94146525236863
20.649622395833358	307.1374094073165
20.74962239583336	307.3240435622644
20.84962239583336	307.50613860731653
20.949622395833362	307.6975436523686
21.049622395833364	307.89438365236856
21.149622395833365	308.0912236523685
21.249622395833367	308.28806365236846
21.349622395833368	308.4732819450746
21.44962239583337	308.6233961176852
21.54962239583337	308.74960695278276
21.649622395833372	308.8755645102276
21.749622395833374	309.0018573617901
21.849622395833375	309.12848550747026
21.949622395833376	309.25544894726806
22.049622395833378	309.3827476811835
22.14962239583338	309.5103817092166
22.24962239583338	309.6383510313673
22.349622395833382	309.7666556476357
22.449622395833384	309.8952955580217
22.549622395833385	310.02427076252536
22.649622395833386	310.1535812611467
22.749622395833388	310.2832270538857
22.84962239583339	310.4132081407423
22.94962239583339	310.54352452171656
23.049622395833392	310.67417619680845
23.149622395833394	310.805163166018
23.249622395833395	310.9364854293452
23.349622395833396	311.06814298679006
23.449622395833398	311.2001358383526
23.5496223958334	311.33246398403276
23.6496223958334	311.46512742383055
23.749622395833402	311.56247476644813
23.849622395833403	311.63911641955434
23.949622395833405	311.7310827027307
24.049622395833406	311.824142136592
24.149622395833408	311.91829472113824
24.24962239583341	312.0135404563694
24.34962239583341	312.1098793422855
24.449622395833412	312.20695711454755
24.549622395833413	312.2796700967731
24.560000000000002	312.3081647456992
179769313486231570000000000000000000000000000000000000000000000000000000000000000000000000000000000000000000000000000000000000000000000000000000000000000000000000000000000000000000000000000000000000000000000000000000000000000000000000000000000000000000000000000000000000000000000000000000000000000000000000000	312.31258145403245
