-100000	0
-0.002999218463898501	0
0.00033411486943483266	0.03305297650561781
0.005334114869434832	0.08325698797053939
0.012834114869434832	0.15938112407745988
0.024084114869434833	0.27486027675803654
0.040959114869434834	0.450226046053755
0.06627161486943484	0.7169063405664866
0.10424036486943483	1.1230846528639553
0.16119348986943483	1.7426982939387212
0.24662317736943484	2.6891279332870095
0.3466231773694348	3.8157229178278023
0.4466231773694348	4.95700781779898
0.5466231773694348	6.109140925972731
0.6466231773694348	7.2693511557052375
0.7466231773694347	8.435508590768073
0.8466231773694347	9.605899980974574
0.9466231773694347	10.779102976535873
1.0466231773694348	11.953908943964878
1.1466231773694349	13.129283536824369
1.246623177369435	14.304694788305182
1.346623177369435	15.480116146433359
1.4466231773694351	16.655546830367935
1.5466231773694352	17.83098074521028
1.6466231773694353	19.006429142055705
1.7466231773694354	20.181884186461307
1.8466231773694355	21.357342546940636
1.9466231773694356	22.532819330584253
2.0466231773694354	23.708293508128545
2.1466231773694355	24.88377866474698
2.2466231773694356	26.059277248882314
2.3466231773694357	27.234776851441953
2.446623177369436	28.41028312143931
2.546623177369436	29.58580445059188
2.646623177369436	30.7613216916129
2.746623177369436	31.936859283743317
2.846623177369436	33.11240058591848
2.9466231773694362	34.28794181491271
3.0466231773694363	35.46350443277586
3.1466231773694364	36.63906213739442
3.2466231773694365	37.81463137010272
3.3466231773694366	38.99021671295925
3.4466231773694367	40.16580125776731
3.5466231773694368	41.341390301660724
3.646623177369437	42.51699745316831
3.746623177369437	43.69259655917068
3.846623177369437	44.868220771082626
3.946623177369437	46.0438463397032
4.046623177369437	47.21947112072568
4.146623177369436	48.395120498569455
4.246623177369436	49.570761191590776
4.346623177369436	50.74641450683397
4.446623177369435	51.922084712882864
4.546623177369435	53.097753276528415
4.646623177369435	54.273431507609494
4.746623177369434	55.44911794177917
4.846623177369434	56.624801591916025
4.946623177369434	57.800510451171085
5.046623177369433	58.97622880655179
5.146623177369433	60.15193045378373
5.2466231773694325	61.32766658648543
5.346623177369432	62.50339087974081
5.446623177369432	63.67912831630672
5.5466231773694314	64.85488441664853
5.646623177369431	66.03063706160114
5.746623177369431	67.20640066190792
5.84662317736943	68.38217112564575
5.94662317736943	69.55793774488215
6.04662317736943	70.73373492527763
6.146623177369429	71.90952082681152
6.246623177369429	73.08531877305542
6.346623177369429	74.26113807198014
6.446623177369428	75.43695148389028
6.546623177369428	76.61277528632455
6.6466231773694275	77.78860911035389
6.746623177369427	78.96444815339005
6.846623177369427	80.14029769760822
6.9466231773694265	81.31614850935067
7.046623177369426	82.49200807595942
7.146623177369426	83.6678783475716
7.246623177369425	84.8437450377871
7.346623177369425	86.01962339239596
7.446623177369425	87.19550744238066
7.546623177369424	88.3713897032565
7.646623177369424	89.54727695885214
7.746623177369424	90.72316685048332
7.846623177369423	91.89905773228524
7.946623177369423	93.07495196783377
8.046623177369423	94.25084249966218
8.146623177369422	95.42674938923683
8.246623177369422	96.60265095757146
8.346623177369421	97.77855079058367
8.446623177369421	98.95446253336192
8.54662317736942	100.13036314758965
8.64662317736942	101.30627963454047
8.74662317736942	102.48219665313326
8.84662317736942	103.6581001559883
8.94662317736942	104.83402175535053
9.046623177369419	106.0099458176241
9.146623177369419	107.18587312915933
9.246623177369418	108.36178933178923
9.346623177369418	109.53771275624452
9.446623177369418	110.71365534336086
9.546623177369417	111.88958009302802
9.646623177369417	113.06551383880505
9.746623177369417	114.24145275024468
9.846623177369416	115.41738946989341
9.946623177369416	116.59333282044761
10.046623177369415	117.76927410868595
10.146623177369415	118.945216512371
10.246623177369415	120.12117532957522
10.346623177369414	121.29711969349911
10.446623177369414	122.4730749060936
10.546623177369414	123.64902855142729
10.646623177369413	124.82499378358607
10.746623177369413	126.00095207260821
10.846623177369413	127.1769103862344
10.946623177369412	128.35288093202888
11.046623177369412	129.52884237151338
11.146623177369412	130.70481524226904
11.246623177369411	131.71632945031615
11.34662317736941	132.6937072833105
11.44662317736941	133.67109714764987
11.54662317736941	134.64848938057196
11.64662317736941	135.6258839817767
11.74662317736941	136.6032852997162
11.846623177369409	137.58068145121953
11.946623177369409	138.55807996700733
12.046623177369408	139.5634869225218
12.146623177369408	140.56987774969394
12.246623177369408	141.57626979947796
12.346623177369407	142.58266058559389
12.446623177369407	143.5890568902299
12.546623177369407	144.5954583588486
12.56	144.73008788194332
1000012.56	144.73008788194332
