-179769313486231570000000000000000000000000000000000000000000000000000000000000000000000000000000000000000000000000000000000000000000000000000000000000000000000000000000000000000000000000000000000000000000000000000000000000000000000000000000000000000000000000000000000000000000000000000000000000000000000000000	0
-0.0000000000000008643332209890694	0
0.0033333333333324692	0.032935098786009184
0.006666666666665802	0.06624666016433263
0.011666666666665802	0.11664559249670933
0.0191666666666658	0.1929306717359754
0.0304166666666658	0.30851859222300904
0.0472916666666658	0.483923232755907
0.0726041666666658	0.7505041287181831
0.1105729166666658	1.1562717449202147
0.1675260416666658	1.7752001357001252
0.2529557291666658	2.720313126108742
0.35295572916666584	3.845109576902036
0.4529557291666658	4.984430777179986
0.5529557291666658	6.134513285802445
0.6529557291666658	7.2926357010324585
0.7529557291666658	8.456705706279344
0.8529557291666657	9.625035089417034
0.9529557291666657	10.796232690611092
1.0529557291666658	11.969117012824565
1.1529557291666659	13.142675191048268
1.252955729166666	14.316315191048261
1.352955729166666	15.489955191048255
1.4529557291666662	16.66359519104825
1.5529557291666662	17.83723519104824
1.6529557291666663	19.010875191048232
1.7529557291666664	20.184515191048224
1.8529557291666665	21.358155191048215
1.9529557291666666	22.531795191048207
2.0529557291666665	23.7054351910482
2.1529557291666666	24.87907519104819
2.2529557291666666	26.052715191048183
2.3529557291666667	27.226355191048174
2.452955729166667	28.399995191048166
2.552955729166667	29.573635191048158
2.652955729166667	30.74727519104815
2.752955729166667	31.92091519104814
2.852955729166667	33.09455519104814
2.9529557291666673	34.26819519104813
3.0529557291666674	35.44183519104812
3.1529557291666674	36.61547519104811
3.2529557291666675	37.789115191048104
3.3529557291666676	38.962755191048096
3.4529557291666677	40.13639519104809
3.552955729166668	41.31003519104808
3.652955729166668	42.48367519104807
3.752955729166668	43.65731519104806
3.852955729166668	44.830955191048055
3.952955729166668	46.00459519104805
4.052955729166668	47.17823519104804
4.152955729166668	48.35187519104803
4.2529557291666675	49.52551519104802
4.352955729166667	50.699155191048014
4.452955729166667	51.872795191048006
4.5529557291666665	53.046435191048
4.652955729166666	54.22007519104799
4.752955729166666	55.39371519104798
4.852955729166665	56.56735519104797
4.952955729166665	57.740995191047965
5.052955729166665	58.91463519104796
5.152955729166664	60.08827519104795
5.252955729166664	61.26191519104794
5.352955729166664	62.43555519104793
5.452955729166663	63.609195191047924
5.552955729166663	64.78283519104791
5.652955729166663	65.9564751910479
5.752955729166662	67.13011519104789
5.852955729166662	68.30375519104788
5.9529557291666615	69.47739519104788
6.052955729166661	70.65103519104787
6.152955729166661	71.82467519104786
6.25295572916666	72.99831519104785
6.35295572916666	74.17195519104784
6.45295572916666	75.34559519104783
6.552955729166659	76.51923519104783
6.652955729166659	77.69287519104782
6.752955729166659	78.86651519104781
6.852955729166658	80.0401551910478
6.952955729166658	81.2137951910478
7.052955729166658	82.38743519104779
7.152955729166657	83.56107519104778
7.252955729166657	84.73471519104777
7.3529557291666565	85.90835519104776
7.452955729166656	87.08199519104775
7.552955729166656	88.25563519104774
7.6529557291666555	89.42927519104774
7.752955729166655	90.60291519104773
7.852955729166655	91.77655519104772
7.952955729166654	92.95019519104771
8.052955729166655	94.1238351910477
8.152955729166655	95.2974751910477
8.252955729166654	96.47111519104769
8.352955729166654	97.64475519104768
8.452955729166653	98.81839519104767
8.552955729166653	99.99203519104766
8.652955729166653	101.16567519104765
8.752955729166652	102.33931519104765
8.852955729166652	103.51295519104764
8.952955729166652	104.68659519104763
9.052955729166651	105.86023519104762
9.152955729166651	107.03387519104761
9.25295572916665	108.2075151910476
9.35295572916665	109.3811551910476
9.45295572916665	110.55479519104759
9.55295572916665	111.72843519104758
9.65295572916665	112.90207519104757
9.752955729166649	114.07571519104756
9.852955729166649	115.24935519104756
9.952955729166648	116.42299519104755
10.052955729166648	117.59663519104754
10.152955729166647	118.77027519104753
10.252955729166647	119.94391519104752
10.352955729166647	121.11755519104751
10.452955729166646	122.2911951910475
10.552955729166646	123.4648351910475
10.652955729166646	124.63847519104749
10.752955729166645	125.81211519104748
10.852955729166645	126.98575519104747
10.952955729166645	128.15939519104745
11.052955729166644	129.33303519104743
11.152955729166644	130.5066751910474
11.252955729166644	131.5927649624016
11.352955729166643	132.6679849624016
11.452955729166643	133.7432049624016
11.552955729166642	134.8184249624016
11.652955729166642	135.8936449624016
11.752955729166642	136.9688649624016
11.852955729166641	138.0440849624016
11.952955729166641	139.11974241031825
12.05295572916664	140.20976241031823
12.15295572916664	141.29978241031822
12.25295572916664	142.3898024103182
12.35295572916664	143.47982241031818
12.45295572916664	144.56984241031816
12.552955729166639	145.65986241031814
12.652955729166639	145.82813339990176
12.752955729166638	145.92655339990176
12.852955729166638	146.02497339990177
12.952955729166638	146.12339339990177
13.052955729166637	146.22181339990178
13.152955729166637	146.32023339990178
13.252955729166636	146.41865339990179
13.352955729166636	146.5170733999018
13.452955729166636	146.6154933999018
13.552955729166635	146.7139133999018
13.652955729166635	146.8123333999018
13.752955729166635	146.9107533999018
13.852955729166634	147.0091733999018
13.952955729166634	147.10759339990182
14.052955729166634	147.20601339990182
14.152955729166633	147.30443339990182
14.252955729166633	147.40285339990183
14.352955729166633	147.50127339990183
14.452955729166632	147.59969339990184
14.552955729166632	147.69811339990184
14.652955729166631	147.79653339990185
14.752955729166631	147.89495339990185
14.85295572916663	147.99337339990186
14.95295572916663	148.09179339990186
15.05295572916663	148.19021339990186
15.15295572916663	148.28863339990187
15.25295572916663	148.38705339990187
15.352955729166629	148.48547339990188
15.452955729166629	148.58389339990188
15.552955729166628	148.6823133999019
15.652955729166628	148.7807333999019
15.752955729166628	148.8791533999019
15.852955729166627	148.9775733999019
15.952955729166627	149.0759933999019
16.052955729166626	149.1744133999019
16.152955729166628	149.2728333999019
16.25295572916663	149.37125339990192
16.35295572916663	149.46967339990192
16.452955729166632	149.56809339990193
16.552955729166634	149.66651339990193
16.652955729166635	149.76493339990193
16.752955729166636	149.86335339990194
16.852955729166638	149.96177339990194
16.95295572916664	150.06019339990195
17.05295572916664	150.15861339990195
17.152955729166642	150.25703339990196
17.252955729166644	150.35545339990196
17.352955729166645	150.45387339990197
17.452955729166646	150.55229339990197
17.552955729166648	150.65071339990197
17.65295572916665	150.74913339990198
17.75295572916665	150.84755339990198
17.852955729166652	150.945973399902
17.952955729166653	151.044393399902
18.052955729166655	151.142813399902
18.152955729166656	151.241233399902
18.252955729166658	151.339653399902
18.35295572916666	151.438073399902
18.45295572916666	151.536493399902
18.552955729166662	151.63491339990202
18.652955729166663	151.73333339990202
18.752955729166665	151.83175339990203
18.852955729166666	151.93017339990203
18.952955729166668	152.02859339990204
19.05295572916667	152.12701339990204
19.15295572916667	152.22543339990204
19.252955729166672	152.32385339990205
19.352955729166673	152.42227339990205
19.452955729166675	152.51959522374403
19.552955729166676	152.61407082704264
19.652955729166678	152.70567780289028
19.75295572916668	152.79498463060756
19.85295572916668	152.88409463060756
19.952955729166682	152.97320463060757
20.052955729166683	153.06231463060757
20.152955729166685	153.15142463060758
20.252955729166686	153.24053463060758
20.352955729166688	153.3296446306076
20.45295572916669	153.426477808993
20.55295572916669	153.52489780899302
20.652955729166692	153.6230032806786
20.752955729166693	153.71073632659875
20.852955729166695	153.79838070585222
20.952955729166696	153.88593641843903
21.052955729166698	153.97340346435917
21.1529557291667	154.06078184361263
21.2529557291667	154.14807155619943
21.352955729166702	154.23527260211955
21.452955729166703	154.32238498137303
21.552955729166705	154.40940869395985
21.652955729166706	154.49634373988
21.752955729166707	154.58319011913346
21.85295572916671	154.66994783172026
21.95295572916671	154.7566168776404
22.05295572916671	154.84319725689386
22.152955729166713	154.92968896948068
22.252955729166715	155.01609201540083
22.352955729166716	155.1024063946543
22.452955729166717	155.18863210724112
22.55295572916672	155.27476915316126
22.65295572916672	155.36081753241473
22.75295572916672	155.44677724500153
22.852955729166723	155.53264829092166
22.952955729166725	155.61843067017512
23.052955729166726	155.70412438276193
23.152955729166727	155.78972942868208
23.25295572916673	155.87524580793556
23.35295572916673	155.96067352052236
23.45295572916673	156.0460125664425
23.552955729166733	156.13126294569597
23.652955729166734	156.2165350806054
23.752955729166736	156.31488780899303
23.852955729166737	156.41330780899304
23.95295572916674	156.51172780899304
24.05295572916674	156.61014780899305
24.15295572916674	156.70856780899305
24.252955729166743	156.80698780899306
24.352955729166744	156.90540780899306
24.452955729166746	157.00382780899307
24.552955729166747	157.10224780899307
24.65295572916675	157.19907289363607
24.75295572916675	157.29693320899307
24.85295572916675	157.39535320899307
24.952955729166753	157.49377320899308
25.052955729166754	157.58888928611768
25.152955729166756	157.65798650977598
25.25	157.68059780779814
179769313486231570000000000000000000000000000000000000000000000000000000000000000000000000000000000000000000000000000000000000000000000000000000000000000000000000000000000000000000000000000000000000000000000000000000000000000000000000000000000000000000000000000000000000000000000000000000000000000000000000000	157.68059780779814
