-179769313486231570000000000000000000000000000000000000000000000000000000000000000000000000000000000000000000000000000000000000000000000000000000000000000000000000000000000000000000000000000000000000000000000000000000000000000000000000000000000000000000000000000000000000000000000000000000000000000000000000000	0
5.868645278730759	0
5.871978612064092	0.00008153321798997315
5.875311945397425	0.00023549194030386667
5.880311945397425	0.0005972137372796192
5.887811945397425	0.0014340597881292503
5.899061945397426	0.0033514214140218687
5.9159369453974255	0.007717820164953383
5.941249445397426	0.01762302737019523
5.979218195397426	0.0396250308096561
6.036171320397425	0.08804033551267318
6.121601007897425	0.1928761248606375
6.221601007897425	0.3602975870443482
6.321601007897424	0.5714030083933753
6.421601007897424	0.8223878392204875
6.521601007897424	1.1100489482603113
6.621601007897423	1.4319140710799165
6.721601007897423	1.7859580614161223
6.8216010078974225	2.1701465364937844
6.921601007897422	2.58273578827949
7.021601007897422	3.0222042721207787
7.1216010078974215	3.487103874347837
7.221601007897421	3.976200160463691
7.321601007897421	4.488334086326529
7.42160100789742	5.022474928316846
7.52160100789742	5.577569034834175
7.62160100789742	6.1526226398416775
7.721601007897419	6.746755262996268
7.821601007897419	7.35914774436758
7.921601007897419	7.988916463561445
8.021601007897418	8.635499915661223
8.121601007897418	9.297976502123007
8.221601007897418	9.975878062747384
8.321601007897417	10.668364982991651
8.421601007897417	11.375070628457944
8.521601007897416	12.095290255115232
8.621601007897416	12.828386776896371
8.721601007897416	13.573832651104276
8.821601007897415	14.33125811737732
8.921601007897415	15.100217503060797
9.021601007897415	15.880186135373389
9.121601007897414	16.670937176091684
9.221601007897414	17.47190853323665
9.321601007897414	18.28297689535426
9.421601007897413	19.103626101013884
9.521601007897413	19.93382677231271
9.621601007897413	20.77321304530545
9.721601007897412	21.621538180124666
9.821601007897412	22.4785707559013
9.921601007897412	23.344076784214682
10.021601007897411	24.217813109067237
10.12160100789741	25.09962605120457
10.22160100789741	25.98923453928578
10.32160100789741	26.88641459642221
10.42160100789741	27.790953171144483
10.52160100789741	28.702624855005823
10.621601007897409	29.621245699734505
10.721601007897409	30.546566489203073
10.821601007897408	31.478331387992725
10.921601007897408	32.416353098657254
11.021601007897408	33.360370688098115
11.121601007897407	34.31013055679878
11.221601007897407	35.26543121176801
11.321601007897407	36.22597921854788
11.421601007897406	37.19153000087583
11.521601007897406	38.16184166891536
11.621601007897405	39.136596979696144
11.721601007897405	40.115564939230325
11.821601007897405	41.0984494811548
11.921601007897404	42.084920393600235
12.021601007897404	43.07476367639959
12.121601007897404	44.06762213536043
12.221601007897403	45.06317552859392
12.321601007897403	46.061101972513626
12.421601007897403	47.06108301131543
12.521601007897402	48.06277964181668
12.621601007897402	49.065847706761375
12.721601007897402	50.069908643588995
12.821601007897401	50.47283533531793
12.9216010078974	50.80583533536822
13.0216010078974	51.13883533541851
13.1216010078974	51.4718353354688
13.2216010078974	51.804835335519094
13.3216010078974	52.137835335569385
13.421601007897399	52.470835335619675
13.521601007897399	52.803835335669966
13.621601007897398	53.13683533572026
13.721601007897398	53.46983533577055
13.821601007897398	53.80283533582084
13.921601007897397	54.13583533587113
14.021601007897397	54.46883533592142
14.121601007897397	54.80183533597171
14.221601007897396	55.134835336022
14.321601007897396	55.46783533607229
14.421601007897396	55.80083533612258
14.521601007897395	56.13383533617287
14.621601007897395	56.46683533622316
14.721601007897394	56.79983533627345
14.821601007897394	57.132835336323744
14.921601007897394	57.465835336374035
15.021601007897393	57.798835336424325
15.121601007897393	58.131835336474616
15.221601007897393	58.46483533652491
15.321601007897392	58.7978353365752
15.421601007897392	59.13083533662549
15.521601007897392	59.46383533667578
15.621601007897391	59.79683533672607
15.721601007897391	60.12983533677636
15.82160100789739	60.46283533682665
15.92160100789739	60.79583533687694
16.02160100789739	61.12883533692724
16.121601007897393	61.461835336977536
16.221601007897394	61.794835337027834
16.321601007897396	62.12783533707813
16.421601007897397	62.46083533712843
16.5216010078974	62.79383533717873
16.6216010078974	63.126835337229025
16.7216010078974	63.45983533727932
16.821601007897403	63.79283533732962
16.921601007897404	64.12583533737993
17.021601007897406	64.45883533743023
17.121601007897407	64.79183533748053
17.22160100789741	65.12483533753084
17.32160100789741	65.45783533758114
17.42160100789741	65.79083533763145
17.521601007897413	66.12383533768175
17.621601007897414	66.45683533773206
17.721601007897416	66.78983533778236
17.821601007897417	67.12283533783267
17.92160100789742	67.45583533788297
18.02160100789742	67.78883533793328
18.12160100789742	68.12183533798358
18.221601007897423	68.45483533803389
18.321601007897424	68.7878353380842
18.421601007897426	69.1208353381345
18.521601007897427	69.4538353381848
18.62160100789743	69.78683533823511
18.72160100789743	70.11983533828541
18.82160100789743	70.45283533833572
18.921601007897433	70.78583533838602
19.021601007897434	71.11883533843633
19.121601007897436	71.45183533848663
19.221601007897437	71.78483533853694
19.32160100789744	72.11783533858724
19.42160100789744	72.45083533863755
19.52160100789744	72.78383533868785
19.621601007897443	73.11683533873816
19.721601007897444	73.44983533878846
19.821601007897446	73.78283533883877
19.921601007897447	74.11583533888907
20.02160100789745	74.44883533893938
20.12160100789745	74.78183533898968
20.22160100789745	75.11483533903998
20.321601007897453	75.44783533909029
20.421601007897454	75.7808353391406
20.521601007897456	76.1138353391909
20.621601007897457	76.4468353392412
20.72160100789746	76.77983533929151
20.82160100789746	77.11283533934181
20.92160100789746	77.44583533939212
21.021601007897463	77.77883533944242
21.121601007897464	78.11183533949273
21.221601007897466	78.44483533954303
21.321601007897467	78.77783533959334
21.42160100789747	79.11083533964364
21.52160100789747	79.44383533969395
21.62160100789747	79.77683533974425
21.721601007897473	80.10983533979456
21.821601007897474	80.44283533984486
21.921601007897475	80.77583533989517
22.021601007897477	81.10883533994547
22.12160100789748	81.44183533999578
22.22160100789748	81.77483534004608
22.32160100789748	82.10783534009639
22.421601007897483	82.44083534014669
22.521601007897484	82.773835340197
22.621601007897485	83.1068353402473
22.721601007897487	83.4398353402976
22.82160100789749	83.77283534034791
22.92160100789749	84.10583534039822
23.02160100789749	84.43883534044852
23.121601007897493	84.77183534049882
23.221601007897494	85.10483534054913
23.321601007897495	85.43783534059943
23.421601007897497	85.77083534064974
23.45	85.95997262808098
179769313486231570000000000000000000000000000000000000000000000000000000000000000000000000000000000000000000000000000000000000000000000000000000000000000000000000000000000000000000000000000000000000000000000000000000000000000000000000000000000000000000000000000000000000000000000000000000000000000000000000000	85.95997262808098
