-179769313486231570000000000000000000000000000000000000000000000000000000000000000000000000000000000000000000000000000000000000000000000000000000000000000000000000000000000000000000000000000000000000000000000000000000000000000000000000000000000000000000000000000000000000000000000000000000000000000000000000000	0
0.2478976336378177	0
0.25123096697115105	0.0000010592776799987096
0.2545643003044844	0.000006845606237061643
0.2595643003044844	0.00003201682141278122
0.2670643003044844	0.00012160708702388558
0.2783143003044844	0.00041356249705412504
0.2951893003044844	0.0013021932372911788
0.32050180030448444	0.0038786833803622148
0.35847055030448444	0.011127515007982036
0.41542367530448443	0.030836321640743392
0.5008533628044844	0.07991256464315571
0.6008533628044844	0.15621558969993443
0.7008533628044844	0.24596514317175555
0.8008533628044844	0.34542071341618497
0.9008533628044844	0.4521213463611145
1.0008533628044844	0.5642493930248524
1.1008533628044845	0.6803325275571493
1.2008533628044846	0.7991933518665163
1.3008533628044847	0.9198517511962274
1.4008533628044848	1.0414426902012193
1.500853362804485	1.163206789875451
1.600853362804485	1.284471551979696
1.700853362804485	1.404648671956684
1.8008533628044852	1.523222303063599
1.9008533628044852	1.63973125110013
2.0008533628044853	1.7537708983828733
2.1008533628044854	1.864998402433042
2.2008533628044855	1.9731203079298625
2.3008533628044856	2.0778851652663466
2.4008533628044857	2.179064975552673
2.500853362804486	2.276566932614194
2.600853362804486	2.3703925616909243
2.700853362804486	2.460499132881554
2.800853362804486	2.546926048872689
2.900853362804486	2.6297498972256865
3.0008533628044862	2.709074056929533
3.1008533628044863	2.7850704746946633
3.2008533628044864	2.8580118814233915
3.3008533628044865	2.9282129778739163
3.4008533628044866	2.996052732809183
3.5008533628044867	3.0619857615833133
3.6008533628044868	3.1265137031457924
3.700853362804487	3.1902282273728026
3.800853362804487	3.253777936288615
3.900853362804487	3.317841830974351
4.000853362804487	3.3832834959295135
4.100853362804487	3.4510417642639095
4.200853362804486	3.5220997865701653
4.300853362804486	3.5974942103615852
4.400853362804486	3.6784949607366864
4.500853362804485	3.7664559765530066
4.600853362804485	3.862852654120448
4.700853362804485	3.9693659948227342
4.800853362804484	4.087907523303287
4.900853362804484	4.220640737975719
5.000853362804484	4.370142704647739
5.100853362804483	4.539545217957074
5.200853362804483	4.732780194270244
5.3008533628044825	4.954923965855478
5.400853362804482	5.209559956690925
5.500853362804482	5.496003428988977
5.600853362804481	5.813411771268672
5.700853362804481	6.160776275987497
5.800853362804481	6.5368842536485605
5.90085336280448	6.94040419921533
6.00085336280448	7.370142744811126
6.10085336280448	7.824944997842713
6.200853362804479	8.303485973825929
6.300853362804479	8.804684143054624
6.400853362804479	9.327364812184735
6.500853362804478	9.87047733601478
6.600853362804478	10.433026456156794
6.7008533628044775	11.014151380651134
6.800853362804477	11.612887567256905
6.900853362804477	12.228423164920478
7.0008533628044765	12.860031300268812
7.100853362804476	13.506879061269027
7.200853362804476	14.168426747053466
7.300853362804475	14.843866646834952
7.400853362804475	15.5326925991905
7.500853362804475	16.234208167904377
7.600853362804474	16.947907758393306
7.700853362804474	17.67327602112095
7.800853362804474	18.409771351530985
7.900853362804473	19.1569197157747
8.000853362804474	19.91429531972051
8.100853362804473	20.681429895770595
8.200853362804473	21.457939466409446
8.300853362804473	22.24337270304901
8.400853362804472	23.03745419752788
8.500853362804472	23.839729280528825
8.600853362804472	24.64995897454944
8.700853362804471	25.467698381075486
8.800853362804471	26.29278046414834
8.90085336280447	27.124754287204333
9.00085336280447	27.96347522126578
9.10085336280447	28.808604014326793
9.20085336280447	29.65985247398711
9.30085336280447	30.51693042560387
9.400853362804469	31.37965168575331
9.500853362804468	32.247746407986725
9.600853362804468	33.120937014961896
9.700853362804468	33.999054297394224
9.800853362804467	34.8818146791913
9.900853362804467	35.76921738434039
10.000853362804467	36.66090435828623
10.100853362804466	37.556633799807294
10.200853362804466	38.45620943507318
10.300853362804466	39.359402833373544
10.400853362804465	40.26598467569522
10.500853362804465	41.1757557640254
10.600853362804465	42.08850508880975
10.700853362804464	43.00404009727632
10.800853362804464	43.92215789128444
10.900853362804463	44.84264005101317
11.000853362804463	45.76530882247604
11.100853362804463	46.6899504406112
11.200853362804462	47.616370455900935
11.300853362804462	48.54438649400368
11.400853362804462	49.473785801165945
11.500853362804461	50.40439703228232
11.600853362804461	51.336025449907964
11.70085336280446	52.268473311804925
11.80085336280446	53.20158668463701
11.90085336280446	54.13516754215103
12.00085336280446	55.069029566908895
12.10085336280446	56.00299349050375
12.200853362804459	56.936885404254575
12.300853362804459	57.87052654236194
12.400853362804458	58.80374127918804
12.500853362804458	59.736355624516655
12.600853362804457	60.66819698688551
12.700853362804457	61.49900436797326
12.800853362804457	62.12900436797325
12.900853362804456	62.75900436797325
13.000853362804456	63.38900436797324
13.100853362804456	64.01900436797324
13.200853362804455	64.64900436797323
13.300853362804455	65.27900436797323
13.400853362804455	65.90900436797322
13.500853362804454	66.53900436797322
13.600853362804454	67.16900436797322
13.700853362804454	67.79900436797321
13.800853362804453	68.4290043679732
13.900853362804453	69.0590043679732
14.000853362804452	69.6890043679732
14.100853362804452	70.31900436797319
14.200853362804452	70.94900436797319
14.300853362804451	71.57900436797318
14.400853362804451	72.20900436797318
14.50085336280445	72.83900436797317
14.60085336280445	73.46900436797317
14.70085336280445	74.09900436797317
14.80085336280445	74.72900436797316
14.90085336280445	75.35900436797316
15.000853362804449	75.98900436797315
15.100853362804449	76.61900436797315
15.200853362804448	77.24900436797314
15.300853362804448	77.87900436797314
15.400853362804447	78.50900436797313
15.500853362804447	79.13900436797313
15.600853362804447	79.76900436797312
15.700853362804446	80.39900436797312
15.800853362804446	81.02900436797312
15.900853362804446	81.65900436797311
16.000853362804445	82.2890043679731
16.100853362804447	82.91900436797312
16.200853362804448	83.54900436797313
16.30085336280445	84.17900436797314
16.40085336280445	84.80900436797315
16.500853362804452	85.43900436797315
16.600853362804454	86.06900436797316
16.700853362804455	86.69900436797317
16.800853362804457	87.32900436797318
16.900853362804458	87.9590043679732
17.00085336280446	88.5890043679732
17.10085336280446	89.21900436797321
17.200853362804462	89.84900436797322
17.300853362804464	90.47900436797323
17.400853362804465	91.10900436797324
17.500853362804467	91.73900436797325
17.600853362804468	92.36900436797326
17.70085336280447	92.99900436797327
17.80085336280447	93.62900436797328
17.900853362804472	94.25900436797329
18.000853362804474	94.8890043679733
18.100853362804475	95.51900436797331
18.200853362804477	96.14900436797332
18.300853362804478	96.77900436797333
18.40085336280448	97.40900436797334
18.50085336280448	98.03900436797335
18.600853362804482	98.66900436797336
18.700853362804484	99.29900436797337
18.800853362804485	99.92900436797338
18.900853362804487	100.55900436797339
19.000853362804488	101.1890043679734
19.10085336280449	101.8190043679734
19.20085336280449	102.44900436797342
19.300853362804492	103.07900436797343
19.400853362804494	103.70900436797344
19.500853362804495	104.33900436797344
19.600853362804497	104.96900436797345
19.700853362804498	105.59900436797346
19.8008533628045	106.22900436797347
19.9008533628045	106.85900436797348
20.000853362804502	107.4890043679735
20.100853362804504	108.1190043679735
20.200853362804505	108.74900436797351
20.300853362804506	109.37900436797352
20.400853362804508	110.00900436797353
20.50085336280451	110.63900436797354
20.60085336280451	111.26900436797355
20.700853362804512	111.89900436797356
20.800853362804514	112.52900436797357
20.900853362804515	113.15900436797358
21.000853362804516	113.78900436797359
21.100853362804518	114.4190043679736
21.20085336280452	115.04900436797361
21.30085336280452	115.67900436797362
21.400853362804522	116.30900436797363
21.500853362804524	116.93900436797364
21.600853362804525	117.56900436797365
21.700853362804526	118.19900436797366
21.800853362804528	118.82900436797367
21.90085336280453	119.45900436797368
22.00085336280453	120.08900436797369
22.100853362804532	120.7190043679737
22.200853362804533	121.3490043679737
22.300853362804535	121.97900436797372
22.400853362804536	122.60900436797372
22.500853362804538	123.23900436797373
22.60085336280454	123.86900436797374
22.70085336280454	124.49900436797375
22.75	125.11825199663654
179769313486231570000000000000000000000000000000000000000000000000000000000000000000000000000000000000000000000000000000000000000000000000000000000000000000000000000000000000000000000000000000000000000000000000000000000000000000000000000000000000000000000000000000000000000000000000000000000000000000000000000	125.11825199663654
