-179769313486231570000000000000000000000000000000000000000000000000000000000000000000000000000000000000000000000000000000000000000000000000000000000000000000000000000000000000000000000000000000000000000000000000000000000000000000000000000000000000000000000000000000000000000000000000000000000000000000000000000	0
5.868645126175317	0
5.87197845950865	0.00008153316776655417
5.875311792841983	0.00023549188640430168
5.880311792841983	0.0005972136778710124
5.887811792841983	0.0014340597204689396
5.899061792841984	0.0033514213340116814
5.9159367928419835	0.007717820103666357
5.9412492928419836	0.01762302781342521
5.979218042841984	0.039625032562138916
6.036171167841983	0.08804033976768413
6.121600855341983	0.19287613490009137
6.221600855341983	0.3602976070553998
6.321600855341982	0.5714030410789283
6.421600855341982	0.8223878871483011
6.5216008553419815	1.1100490130367078
6.621600855341981	1.4319141546864858
6.721600855341981	1.7859581657063708
6.8216008553419805	2.1701466622593166
6.92160085534198	2.582735936649555
7.02160085534198	3.0222044445885725
7.121600855341979	3.4871040716274067
7.221600855341979	3.9762003835963102
7.321600855341979	4.488334336273457
7.421600855341978	5.022475205850752
7.521600855341978	5.5775693407377736
7.621600855341978	6.152622974932678
7.721600855341977	6.746755627451865
7.821600855341977	7.3591481384947075
7.9216008553419766	7.988916888254966
8.021600855341976	8.635500371036814
8.121600855341976	9.297976988727076
8.221600855341975	9.975878580857424
8.321600855341975	10.668365532907137
8.421600855341975	11.3750712103178
8.521600855341974	12.095290869288625
8.621600855341974	12.828387423879681
8.721600855341974	13.573833330277738
8.821600855341973	14.331258829642243
8.921600855341973	15.100218247941513
9.021600855341973	15.880186913418493
9.121600855341972	16.670937987128582
9.221600855341972	17.471909377365417
9.321600855341972	18.282977772668865
9.421600855341971	19.103627011285464
9.52160085534197	19.933827715558557
9.62160085534197	20.773214021340152
9.72160085534197	21.62153918887706
9.82160085534197	22.47857179763655
9.92160085534197	23.344077858247726
10.021600855341969	24.217814215574457
10.121600855341969	25.099627189811937
10.221600855341968	25.989235709935183
10.321600855341968	26.88641579916218
10.421600855341968	27.790954405895377
10.521600855341967	28.702626121970837
10.621600855341967	29.621246999035144
10.721600855341967	30.546567820749413
10.821600855341966	31.478332751627185
10.921600855341966	32.41635449423942
11.021600855341966	33.36037211552886
11.121600855341965	34.310132015881265
11.221600855341965	35.26543270237198
11.321600855341964	36.22598073978969
11.421600855341964	37.19153155204077
11.521600855341964	38.16184324992531
11.621600855341963	39.13659859046367
11.721600855341963	40.11556657963645
11.821600855341963	41.098451151158
11.921600855341962	42.084922093160486
12.021600855341962	43.07476540541637
12.121600855341962	44.067623893824745
12.221600855341961	45.06317731656422
12.321600855341961	46.0611037900846
12.42160085534196	47.06108485860666
12.52160085534196	48.06278151899178
12.62160085534196	49.06584961407276
12.72160085534196	50.06991058163341
12.82160085534196	50.47283825086884
12.921600855341959	50.805838250814354
13.021600855341958	51.13883825075987
13.121600855341958	51.47183825070538
13.221600855341958	51.804838250650896
13.321600855341957	52.13783825059641
13.421600855341957	52.470838250541924
13.521600855341957	52.80383825048744
13.621600855341956	53.13683825043295
13.721600855341956	53.469838250378466
13.821600855341956	53.80283825032398
13.921600855341955	54.135838250269494
14.021600855341955	54.46883825021501
14.121600855341955	54.80183825016052
14.221600855341954	55.134838250106036
14.321600855341954	55.46783825005155
14.421600855341953	55.800838249997064
14.521600855341953	56.13383824994258
14.621600855341953	56.46683824988809
14.721600855341952	56.799838249833606
14.821600855341952	57.13283824977912
14.921600855341952	57.465838249724634
15.021600855341951	57.79883824967015
15.121600855341951	58.13183824961566
15.22160085534195	58.464838249561176
15.32160085534195	58.79783824950669
15.42160085534195	59.130838249452204
15.52160085534195	59.46383824939772
15.62160085534195	59.79683824934323
15.721600855341949	60.129838249288746
15.821600855341948	60.46283824923426
15.921600855341948	60.79583824917977
16.021600855341948	61.12883824912529
16.12160085534195	61.46183824907081
16.22160085534195	61.79483824901633
16.321600855341952	62.12783824896185
16.421600855341953	62.46083824890737
16.521600855341955	62.79383824885289
16.621600855341956	63.126838248798414
16.721600855341958	63.459838248743935
16.82160085534196	63.792838248689456
16.92160085534196	64.12583824863498
17.021600855341962	64.4588382485805
17.121600855341963	64.79183824852603
17.221600855341965	65.12483824847156
17.321600855341966	65.45783824841709
17.421600855341968	65.79083824836262
17.52160085534197	66.12383824830815
17.62160085534197	66.45683824825367
17.721600855341972	66.7898382481992
17.821600855341973	67.12283824814473
17.921600855341975	67.45583824809026
18.021600855341976	67.78883824803579
18.121600855341978	68.12183824798132
18.22160085534198	68.45483824792684
18.32160085534198	68.78783824787237
18.421600855341982	69.1208382478179
18.521600855341983	69.45383824776343
18.621600855341985	69.78683824770896
18.721600855341986	70.11983824765449
18.821600855341988	70.45283824760001
18.92160085534199	70.78583824754554
19.02160085534199	71.11883824749107
19.121600855341992	71.4518382474366
19.221600855341993	71.78483824738213
19.321600855341995	72.11783824732765
19.421600855341996	72.45083824727318
19.521600855341998	72.78383824721871
19.621600855342	73.11683824716424
19.721600855342	73.44983824710977
19.821600855342002	73.7828382470553
19.921600855342003	74.11583824700082
20.021600855342005	74.44883824694635
20.121600855342006	74.78183824689188
20.221600855342007	75.11483824683741
20.32160085534201	75.44783824678294
20.42160085534201	75.78083824672846
20.52160085534201	76.11383824667399
20.621600855342013	76.44683824661952
20.721600855342015	76.77983824656505
20.821600855342016	77.11283824651058
20.921600855342017	77.4458382464561
21.02160085534202	77.77883824640163
21.12160085534202	78.11183824634716
21.22160085534202	78.44483824629269
21.321600855342023	78.77783824623822
21.421600855342025	79.11083824618375
21.521600855342026	79.44383824612927
21.621600855342027	79.7768382460748
21.72160085534203	80.10983824602033
21.82160085534203	80.44283824596586
21.92160085534203	80.77583824591139
22.021600855342033	81.10883824585692
22.121600855342034	81.44183824580244
22.221600855342036	81.77483824574797
22.321600855342037	82.1078382456935
22.42160085534204	82.44083824563903
22.52160085534204	82.77383824558456
22.62160085534204	83.10683824553008
22.721600855342043	83.43983824547561
22.821600855342044	83.77283824542114
22.921600855342046	84.10583824536667
23.021600855342047	84.4388382453122
23.12160085534205	84.77183824525773
23.22160085534205	85.10483824520325
23.32160085534205	85.43783824514878
23.421600855342053	85.77083824509431
23.45	85.95997654848529
179769313486231570000000000000000000000000000000000000000000000000000000000000000000000000000000000000000000000000000000000000000000000000000000000000000000000000000000000000000000000000000000000000000000000000000000000000000000000000000000000000000000000000000000000000000000000000000000000000000000000000000	85.95997654848529
