-100000	0
-0.002999218463898501	0
0.00033411486943483266	0.03161341132486314
0.005334114869434832	0.07968995043857341
0.012834114869434832	0.15270906407824034
0.024084114869434833	0.26361338626257347
0.040959114869434834	0.43228691653665224
0.06627161486943484	0.6892343683518704
0.10424036486943483	1.0813808031702103
0.16119348986943483	1.681035774842593
0.24662317736943484	2.599707503212461
0.3466231773694348	3.69691687213555
0.4466231773694348	4.812085207908023
0.5466231773694348	5.941377223414272
0.6466231773694348	7.082071848908052
0.7466231773694347	8.232109297119475
0.8466231773694347	9.389855341080164
0.9466231773694347	10.553975389674612
1.0466231773694348	11.723347550838326
1.1466231773694349	12.89652853721329
1.246623177369435	14.069898044232048
1.346623177369435	15.242901395909685
1.4466231773694351	16.415554029627543
1.5466231773694352	17.587871972798137
1.6466231773694353	18.75987126685107
1.7466231773694354	19.931567971225252
1.8466231773694355	21.102978333435523
1.9466231773694356	22.274118448964366
2.0466231773694354	23.445004372439655
2.1466231773694355	24.615652085334105
2.2466231773694356	25.786077354383398
2.3466231773694357	26.956295999403096
2.446623177369436	28.126323679904868
2.546623177369436	29.296176144552398
2.646623177369436	30.465868784302508
2.746623177369436	31.635416641350528
2.846623177369436	32.804834573276096
2.9466231773694362	33.9741372740608
3.0466231773694363	35.14333917145878
3.1466231773694364	36.31245446138225
3.2466231773694365	37.481497123281045
3.3466231773694366	38.6504809494767
3.4466231773694367	39.81941926432046
3.5466231773694368	40.98832513126906
3.646623177369437	42.157211251223
3.746623177369437	43.32609003422232
3.846623177369437	44.49497356362106
3.946623177369437	45.6638736177544
4.046623177369437	46.8328015160855
4.146623177369436	48.001768235525006
4.246623177369436	49.17078437210598
4.346623177369436	50.33986016308277
4.446623177369435	51.509005440911565
4.546623177369435	52.67822953534311
4.646623177369435	53.84754141510729
4.746623177369434	55.01694968057759
4.846623177369434	56.186462491552675
4.946623177369434	57.35608761482551
5.046623177369433	58.52583235116917
5.146623177369433	59.695703344715874
5.2466231773694325	60.86570699168618
5.346623177369432	62.035849285101435
5.446623177369432	63.20613577222829
5.5466231773694314	64.37657156790394
5.646623177369431	65.54716119279536
5.746623177369431	66.71790858783072
5.84662317736943	67.88881744239194
5.94662317736943	69.0598910696954
6.04662317736943	70.23113231544009
6.146623177369429	71.40254356122293
6.246623177369429	72.57412641551018
6.346623177369429	73.74588232833916
6.446623177369428	74.91781233066769
6.546623177369428	76.08991695343117
6.6466231773694275	77.26219628802968
6.746623177369427	78.43465014472243
6.846623177369427	79.60727780076262
6.9466231773694265	80.78007813037365
7.046623177369426	81.95304961057431
7.146623177369426	83.12619033922871
7.246623177369425	84.29949805194099
7.346623177369425	85.47297011630253
7.446623177369425	86.64660357411097
7.546623177369424	87.82039511961132
7.646623177369424	88.99434111349932
7.746623177369424	90.16843765480283
7.846623177369423	91.34268057065478
7.946623177369423	92.5170654251633
8.046623177369423	93.69158750608858
8.146623177369422	94.86624194633681
8.246623177369422	96.0410236300014
8.346623177369421	97.21592726963446
8.446623177369421	98.39094740907673
8.54662317736942	99.56607842560847
8.64662317736942	100.74131456962547
8.74662317736942	101.91664997760424
8.84662317736942	103.09207908069094
8.94662317736942	104.26759643644617
9.046623177369419	105.44319618591321
9.146623177369419	106.6188723830114
9.246623177369418	107.79461891665326
9.346623177369418	108.97043115818147
9.446623177369418	110.14630406893731
9.546623177369417	111.32223239296134
9.646623177369417	112.49821237870121
9.746623177369417	113.67421689432676
9.846623177369416	114.85022142557682
9.946623177369416	116.02622595682695
10.046623177369415	117.20223048807702
10.146623177369415	118.37823501932668
10.246623177369415	119.55423955057688
10.346623177369414	120.7302440818271
10.446623177369414	121.90624861307732
10.546623177369414	123.0822531443269
10.646623177369413	124.25825767557707
10.746623177369413	125.43426220682701
10.846623177369413	126.61026673807734
10.946623177369412	127.78627126932686
11.046623177369412	128.9622758005774
11.146623177369412	130.13828033182722
11.246623177369411	131.14982841017368
11.34662317736941	132.1272443300959
11.44662317736941	133.10466025001773
11.54662317736941	134.08207616994002
11.64662317736941	135.05949208986138
11.74662317736941	136.0369080097836
11.846623177369409	137.01432392970486
11.946623177369409	137.991739849627
12.046623177369408	138.9971611086517
12.146623177369408	140.00356110865187
12.246623177369408	141.00996110865185
12.346623177369407	142.0163611086518
12.446623177369407	143.0227611086516
12.546623177369407	144.02916110865215
12.56	144.16378545160586
1000012.56	144.16378545160586
