-179769313486231570000000000000000000000000000000000000000000000000000000000000000000000000000000000000000000000000000000000000000000000000000000000000000000000000000000000000000000000000000000000000000000000000000000000000000000000000000000000000000000000000000000000000000000000000000000000000000000000000000	0
-0.0000000000000008817638408757834	0
0.003333333333332452	0.032324170681617824
0.008333333333332452	0.11377915548911288
0.01583333333333245	0.23754440520614245
0.02708333333333245	0.4254444114976989
0.04395833333333245	0.7107916031506712
0.06927083333333245	1.1446504208413604
0.10723958333333244	1.8053258430731116
0.16419270833333244	2.8131211372274842
0.24962239583333246	4.3528187664384115
0.34962239583333243	6.392353588099366
0.4496223958333324	8.62478283184495
0.5496223958333324	10.883267785072809
0.6496223958333324	13.161182935285298
0.7496223958333323	15.453588987606086
0.8496223958333323	17.756540034933675
0.9496223958333323	20.06689966846102
1.0496223958333324	22.382088340120628
1.1496223958333325	24.700293081946942
1.2496223958333326	27.025846016307003
1.3496223958333327	29.35925714871694
1.4496223958333327	31.694689649177707
1.5496223958333328	34.0307507372498
1.649622395833333	36.36743237636814
1.749622395833333	38.70466889117284
1.849622395833333	41.04241233009695
1.9496223958333332	43.38070823179953
2.049622395833333	45.719547997397164
2.149622395833333	48.05883173056181
2.2496223958333332	50.39853162805627
2.3496223958333333	52.73864487208778
2.4496223958333334	55.07914104280795
2.5496223958333335	57.42000819472946
2.6496223958333336	59.76124135771997
2.7496223958333337	62.10281402413554
2.8496223958333338	64.44471791069185
2.949622395833334	66.78691416092195
3.049622395833334	69.12935526486143
3.149622395833334	71.47204916549808
3.249622395833334	73.81497982147158
3.349622395833334	76.1581562385952
3.4496223958333343	78.50160474317718
3.5496223958333344	80.84528832241297
3.6496223958333345	83.1891744656115
3.7496223958333346	85.53325792039425
3.8496223958333347	87.87751608281789
3.9496223958333347	90.22191237489494
4.049622395833334	92.56644166351153
4.149622395833334	94.91111468564041
4.249622395833334	97.25591644445059
4.349622395833333	99.60082886433737
4.449622395833333	101.945839428277
4.549622395833333	104.29096321516201
4.649622395833332	106.63620347712063
4.749622395833332	108.9815360979227
4.8496223958333315	111.32697083405107
4.949622395833331	113.67249854429275
5.049622395833331	116.0180809022929
5.1496223958333305	118.3637110263349
5.24962239583333	120.70940391606753
5.34962239583333	123.0551685028173
5.449622395833329	125.40102073494866
5.549622395833329	127.74696631660395
5.649622395833329	130.0929881066707
5.749622395833328	132.43907096208403
5.849622395833328	134.7852085946867
5.949622395833328	137.13139751968305
6.049622395833327	139.4776361296205
6.149622395833327	141.8239250235902
6.249622395833327	144.1702655858038
6.349622395833326	146.5166563206464
6.449622395833326	148.86309367789744
6.5496223958333255	151.20957396796857
6.649622395833325	153.55609289551742
6.749622395833325	155.90264533578687
6.849622395833324	158.24922523024745
6.949622395833324	160.59582812038897
7.049622395833324	162.94245215858155
7.149622395833323	165.28909611961944
7.249622395833323	167.6357603665985
7.349622395833323	169.98244821753255
7.449622395833322	172.3291669027621
7.549622395833322	174.67591958776927
7.649622395833322	177.02270260978483
7.749622395833321	179.36951226758762
7.849622395833321	181.7163453682059
7.9496223958333205	184.06319869442754
8.049622395833321	186.41006992923406
8.14962239583332	188.75695844249518
8.24962239583332	191.10386422706208
8.34962239583332	193.45078728293475
8.44962239583332	195.79772761011324
8.54962239583332	198.14468520859754
8.649622395833319	200.4916600783876
8.749622395833319	202.83865222033646
8.849622395833318	205.18566195286022
8.949622395833318	207.5326907001873
9.049622395833318	209.87974079625178
9.149622395833317	212.22681441975254
9.249622395833317	214.57391266827904
9.349622395833316	216.92103576523036
9.449622395833316	219.26818761313302
9.549622395833316	221.61537827149198
9.649622395833315	223.96261434787422
9.749622395833315	226.30988383376754
9.849622395833315	228.6571638336267
9.949622395833314	231.0044438336267
10.049622395833314	233.35172383362672
10.149622395833314	235.69900383362673
10.249622395833313	238.04628383362675
10.349622395833313	240.39356383362676
10.449622395833313	242.74084383362677
10.549622395833312	245.08812383362678
10.649622395833312	247.4354038336268
10.749622395833311	249.7826838336268
10.849622395833311	252.12996383362682
10.94962239583331	254.47724383362683
11.04962239583331	256.82452383362687
11.14962239583331	259.17180383362694
11.24962239583331	261.35054470966867
11.34962239583331	263.3324455857104
11.449622395833309	265.28604558571044
11.549622395833309	267.2396455857105
11.649622395833308	269.19324558571054
11.749622395833308	271.1468455857106
11.849622395833308	273.10044558571064
11.949622395833307	275.0540455857107
12.049622395833307	277.0371338148774
12.149622395833306	279.04982204404405
12.249622395833306	281.062622044044
12.349622395833306	283.075422044044
12.449622395833305	285.08822204404396
12.549622395833305	287.10102204404393
12.56	288.31630246071114
179769313486231570000000000000000000000000000000000000000000000000000000000000000000000000000000000000000000000000000000000000000000000000000000000000000000000000000000000000000000000000000000000000000000000000000000000000000000000000000000000000000000000000000000000000000000000000000000000000000000000000000	288.52518287737837
