-179769313486231570000000000000000000000000000000000000000000000000000000000000000000000000000000000000000000000000000000000000000000000000000000000000000000000000000000000000000000000000000000000000000000000000000000000000000000000000000000000000000000000000000000000000000000000000000000000000000000000000000	0
5.868644363398106	0
5.871977696731439	0.00008153293522162154
5.875311030064772	0.00023549165403354087
5.880311030064772	0.0005972134457561265
5.887811030064772	0.0014340594887255495
5.899061030064773	0.0033514211027968234
5.915936030064772	0.007717820059108826
5.941248530064772	0.01762303043052816
5.9792172800647725	0.03962504193465461
6.036170405064772	0.08804036196767415
6.121600092564773	0.1928761864965565
6.221600092564772	0.360297709067795
6.321600092564772	0.5714032070227326
6.421600092564772	0.8223881298659077
6.521600092564771	1.1100493405636758
6.621600092564771	1.431914576935526
6.7216000925647705	1.7859586919472623
6.82160009256477	2.17014729645369
6.92160009256477	2.5827366844485873
7.0216000925647695	3.022205313459462
7.121600092564769	3.4871050651425866
7.221600092564769	3.976201506964993
7.321600092564768	4.488335594304934
7.421600092564768	5.022476602409258
7.521600092564768	5.57757087973837
7.621600092564767	6.152624660463938
7.721600092564767	6.746757460399696
7.821600092564767	7.359150120395499
7.921600092564766	7.988919023585187
8.021600092564766	8.635502660376122
8.121600092564766	9.297979434808356
8.221600092564765	9.975881185070815
8.321600092564765	10.668368296753071
8.421600092564764	11.375074134492927
8.521600092564764	12.095293955641
8.621600092564764	12.828390674893837
8.721600092564763	13.573836742857546
8.821600092564763	14.331262408297347
8.921600092564763	15.100221990296037
9.021600092564762	15.880190822217692
9.121600092564762	16.67094206151089
9.221600092564762	17.471913617833163
9.321600092564761	18.282982179693782
9.421600092564761	19.103631583724805
9.52160009256476	19.933832453500003
9.62160009256476	20.773218923858067
9.72160009256476	21.62154425561716
9.82160009256476	22.478577029924473
9.92160009256476	23.344083252657992
10.021600092564759	24.21781977298998
10.121600092564758	25.09963290836347
10.221600092564758	25.98924158933336
10.321600092564758	26.886421839650833
10.421600092564757	27.790960607078095
10.521600092564757	28.702632484864687
10.621600092564757	29.6212535242478
10.721600092564756	30.546574507830996
10.821600092564756	31.478339599789617
10.921600092564756	32.416361502780425
11.021600092564755	33.36037928395261
11.121600092564755	34.310139343203375
11.221600092564755	35.26544018794099
11.321600092564754	36.22598837918282
11.421600092564754	37.19153934168799
11.521600092564753	38.16185118943488
11.621600092564753	39.13660667939739
11.721600092564753	40.11557481739844
11.821600092564752	41.09845953753975
11.921600092564752	42.084930627961086
12.021600092564752	43.07477408813239
12.121600092564751	44.06763272441056
12.221600092564751	45.06318629531144
12.32160009256475	46.06111291746613
12.42160009256475	47.061094135219946
12.52160009256475	48.06279094565444
12.62160009256475	49.06585919204662
12.72160009256475	50.069920313901896
12.821600092564749	50.472852871205724
12.921600092564749	50.805852871151245
13.021600092564748	51.138852871096766
13.121600092564748	51.47185287104229
13.221600092564747	51.80485287098781
13.321600092564747	52.13785287093333
13.421600092564747	52.47085287087885
13.521600092564746	52.80385287082437
13.621600092564746	53.13685287076989
13.721600092564746	53.469852870715414
13.821600092564745	53.802852870660935
13.921600092564745	54.135852870606456
14.021600092564745	54.46885287055198
14.121600092564744	54.8018528704975
14.221600092564744	55.13485287044302
14.321600092564744	55.46785287038854
14.421600092564743	55.80085287033406
14.521600092564743	56.13385287027958
14.621600092564742	56.466852870225104
14.721600092564742	56.799852870170625
14.821600092564742	57.132852870116146
14.921600092564741	57.46585287006167
15.021600092564741	57.79885287000719
15.12160009256474	58.13185286995271
15.22160009256474	58.46485286989823
15.32160009256474	58.79785286984375
15.42160009256474	59.13085286978927
15.52160009256474	59.463852869734794
15.621600092564739	59.796852869680315
15.721600092564739	60.129852869625836
15.821600092564738	60.46285286957136
15.921600092564738	60.79585286951688
16.02160009256474	61.1288528694624
16.12160009256474	61.46185286940792
16.221600092564742	61.79485286935344
16.321600092564744	62.12785286929896
16.421600092564745	62.46085286924448
16.521600092564746	62.793852869190005
16.621600092564748	63.126852869135526
16.72160009256475	63.45985286908105
16.82160009256475	63.79285286902657
16.921600092564752	64.12585286897209
17.021600092564753	64.45885286891762
17.121600092564755	64.79185286886315
17.221600092564756	65.12485286880867
17.321600092564758	65.4578528687542
17.42160009256476	65.79085286869973
17.52160009256476	66.12385286864526
17.621600092564762	66.45685286859079
17.721600092564763	66.78985286853631
17.821600092564765	67.12285286848184
17.921600092564766	67.45585286842737
18.021600092564768	67.7888528683729
18.12160009256477	68.12185286831843
18.22160009256477	68.45485286826396
18.321600092564772	68.78785286820948
18.421600092564773	69.12085286815501
18.521600092564775	69.45385286810054
18.621600092564776	69.78685286804607
18.721600092564778	70.1198528679916
18.82160009256478	70.45285286793712
18.92160009256478	70.78585286788265
19.021600092564782	71.11885286782818
19.121600092564783	71.45185286777371
19.221600092564785	71.78485286771924
19.321600092564786	72.11785286766477
19.421600092564788	72.4508528676103
19.52160009256479	72.78385286755582
19.62160009256479	73.11685286750135
19.721600092564792	73.44985286744688
19.821600092564793	73.7828528673924
19.921600092564795	74.11585286733794
20.021600092564796	74.44885286728346
20.121600092564798	74.78185286722899
20.2216000925648	75.11485286717452
20.3216000925648	75.44785286712005
20.421600092564802	75.78085286706558
20.521600092564803	76.1138528670111
20.621600092564805	76.44685286695663
20.721600092564806	76.77985286690216
20.821600092564807	77.11285286684769
20.92160009256481	77.44585286679322
21.02160009256481	77.77885286673875
21.12160009256481	78.11185286668427
21.221600092564813	78.4448528666298
21.321600092564815	78.77785286657533
21.421600092564816	79.11085286652086
21.521600092564817	79.44385286646639
21.62160009256482	79.77685286641191
21.72160009256482	80.10985286635744
21.82160009256482	80.44285286630297
21.921600092564823	80.7758528662485
22.021600092564825	81.10885286619403
22.121600092564826	81.44185286613956
22.221600092564827	81.77485286608508
22.32160009256483	82.10785286603061
22.42160009256483	82.44085286597614
22.52160009256483	82.77385286592167
22.621600092564833	83.1068528658672
22.721600092564834	83.43985286581272
22.821600092564836	83.77285286575825
22.921600092564837	84.10585286570378
23.02160009256484	84.43885286564931
23.12160009256484	84.77185286559484
23.22160009256484	85.10485286554037
23.321600092564843	85.4378528654859
23.421600092564844	85.77085286543142
23.45	85.95999624891861
179769313486231570000000000000000000000000000000000000000000000000000000000000000000000000000000000000000000000000000000000000000000000000000000000000000000000000000000000000000000000000000000000000000000000000000000000000000000000000000000000000000000000000000000000000000000000000000000000000000000000000000	85.95999624891861
