-179769313486231570000000000000000000000000000000000000000000000000000000000000000000000000000000000000000000000000000000000000000000000000000000000000000000000000000000000000000000000000000000000000000000000000000000000000000000000000000000000000000000000000000000000000000000000000000000000000000000000000000	0
5.868644210842664	0
5.871977544175997	0.00008153289229480676
5.87531087750933	0.0002354916147242491
5.88031087750933	0.0005972134118733726
5.88781087750933	0.0014340594629834592
5.8990608775093305	0.003351421089268128
5.91593587750933	0.007717820101097197
5.94124837750933	0.017623031032127645
5.97921712750933	0.0396250439281528
6.03617025250933	0.08804036658782305
6.121599940009331	0.19287619708729536
6.22159994000933	0.3602977298479062
6.32159994000933	0.57140324069413
6.4215999400093295	0.8223881789960201
6.521599940009329	1.1100494067585749
6.621599940009329	1.431914662177215
6.7215999400093285	1.7859587980895615
6.821599940009328	2.1701474242887437
6.921599940009328	2.5827368351059437
7.021599940009327	3.0222054884320713
7.121599940009327	3.487105265144429
7.221599940009327	3.9762017330374455
7.321599940009326	4.488335847409383
7.421599940009326	5.022476883318278
7.521599940009326	5.5775711892346145
7.621599940009325	6.152624999365035
7.721599940009325	6.746757828882721
7.821599940009325	7.359150518767541
7.921599940009324	7.988919452741247
8.021599940009324	8.635503120431576
8.121599940009324	9.29797992630933
8.221599940009323	9.9758817082949
8.321599940009323	10.668368851999952
8.421599940009322	11.375074721901708
8.521599940009322	12.095294575581079
8.621599940009322	12.828391327861498
8.721599940009321	13.573837428233087
8.821599940009321	14.331263126982215
8.92159994000932	15.10022274181456
9.02159994000932	15.88019160711851
9.12159994000932	16.670942879621368
9.22159994000932	17.471914469253502
9.32159994000932	18.282983064517794
9.421599940009319	19.1036325017235
9.521599940009319	19.93383340469041
9.621599940009318	20.773219908054628
9.721599940009318	21.621545272748786
9.821599940009317	22.478578080256344
9.921599940009317	23.344084335505094
10.021599940009317	24.217820888528745
10.121599940009316	25.099634056219834
10.221599940009316	25.989242769449316
10.321599940009316	26.886423052075003
10.421599940009315	27.790961851730916
10.521599940009315	28.70263376194935
10.621599940009315	29.62125483388582
10.721599940009314	30.546575849932456
10.821599940009314	31.478340974196964
10.921599940009314	32.41636290935325
11.021599940009313	33.3603807225918
11.121599940009313	34.31014081371209
11.221599940009312	35.26544169018898
11.321599940009312	36.22598991228467
11.421599940009312	37.1915409049306
11.521599940009311	38.161852782739935
11.621599940009311	39.136608302677296
11.72159994000931	40.11557647053405
11.82159994000931	41.09846122048939
11.92159994000931	42.0849323406846
12.02159994000931	43.07477583052913
12.12159994000931	44.06763449647141
12.221599940009309	45.06318809709475
12.321599940009309	46.061114749066505
12.421599940009308	47.06109599675688
12.521599940009308	48.06279283729148
12.621599940009308	49.06586111403614
12.721599940009307	50.06992226684059
12.821599940009307	50.47285580186154
12.921599940009306	50.80585580191183
13.021599940009306	51.13885580196212
13.121599940009306	51.47185580201241
13.221599940009305	51.804855802062704
13.321599940009305	52.137855802112995
13.421599940009305	52.470855802163285
13.521599940009304	52.803855802213576
13.621599940009304	53.13685580226387
13.721599940009304	53.46985580231416
13.821599940009303	53.80285580236445
13.921599940009303	54.13585580241474
14.021599940009303	54.46885580246503
14.121599940009302	54.80185580251532
14.221599940009302	55.13485580256561
14.321599940009301	55.4678558026159
14.421599940009301	55.80085580266619
14.5215999400093	56.13385580271648
14.6215999400093	56.46685580276677
14.7215999400093	56.79985580281706
14.8215999400093	57.132855802867354
14.9215999400093	57.465855802917645
15.021599940009299	57.798855802967935
15.121599940009299	58.131855803018226
15.221599940009298	58.46485580306852
15.321599940009298	58.79785580311881
15.421599940009298	59.1308558031691
15.521599940009297	59.46385580321939
15.621599940009297	59.79685580326968
15.721599940009297	60.12985580331997
15.821599940009296	60.46285580337026
15.921599940009296	60.79585580342055
16.021599940009295	61.12885580347084
16.121599940009297	61.46185580352114
16.2215999400093	61.79485580357144
16.3215999400093	62.127855803621735
16.4215999400093	62.46085580367203
16.521599940009303	62.79385580372233
16.621599940009304	63.12685580377263
16.721599940009305	63.459855803822926
16.821599940009307	63.79285580387322
16.92159994000931	64.12585580392351
17.02159994000931	64.4588558039738
17.12159994000931	64.7918558040241
17.221599940009312	65.12485580407439
17.321599940009314	65.45785580412468
17.421599940009315	65.79085580417497
17.521599940009317	66.12385580422526
17.621599940009318	66.45685580427555
17.72159994000932	66.78985580432584
17.82159994000932	67.12285580437613
17.921599940009322	67.45585580442642
18.021599940009324	67.78885580447671
18.121599940009325	68.121855804527
18.221599940009327	68.45485580457729
18.321599940009328	68.78785580462758
18.42159994000933	69.12085580467787
18.52159994000933	69.45385580472816
18.621599940009332	69.78685580477845
18.721599940009334	70.11985580482875
18.821599940009335	70.45285580487904
18.921599940009337	70.78585580492933
19.021599940009338	71.11885580497962
19.12159994000934	71.45185580502991
19.22159994000934	71.7848558050802
19.321599940009342	72.11785580513049
19.421599940009344	72.45085580518078
19.521599940009345	72.78385580523107
19.621599940009347	73.11685580528136
19.721599940009348	73.44985580533165
19.82159994000935	73.78285580538194
19.92159994000935	74.11585580543223
20.021599940009352	74.44885580548252
20.121599940009354	74.78185580553281
20.221599940009355	75.1148558055831
20.321599940009357	75.4478558056334
20.421599940009358	75.78085580568369
20.52159994000936	76.11385580573398
20.62159994000936	76.44685580578427
20.721599940009362	76.77985580583456
20.821599940009364	77.11285580588485
20.921599940009365	77.44585580593514
21.021599940009366	77.77885580598543
21.121599940009368	78.11185580603572
21.22159994000937	78.44485580608601
21.32159994000937	78.7778558061363
21.421599940009372	79.11085580618659
21.521599940009374	79.44385580623688
21.621599940009375	79.77685580628717
21.721599940009376	80.10985580633746
21.821599940009378	80.44285580638775
21.92159994000938	80.77585580643805
22.02159994000938	81.10885580648834
22.121599940009382	81.44185580653863
22.221599940009384	81.77485580658892
22.321599940009385	82.10785580663921
22.421599940009386	82.4408558066895
22.521599940009388	82.77385580673979
22.62159994000939	83.10685580679008
22.72159994000939	83.43985580684037
22.821599940009392	83.77285580689066
22.921599940009393	84.10585580694095
23.021599940009395	84.43885580699124
23.121599940009396	84.77185580704153
23.221599940009398	85.10485580709182
23.3215999400094	85.43785580714211
23.4215999400094	85.7708558071924
23.45	85.96000020675835
179769313486231570000000000000000000000000000000000000000000000000000000000000000000000000000000000000000000000000000000000000000000000000000000000000000000000000000000000000000000000000000000000000000000000000000000000000000000000000000000000000000000000000000000000000000000000000000000000000000000000000000	85.96000020675835
