-179769313486231570000000000000000000000000000000000000000000000000000000000000000000000000000000000000000000000000000000000000000000000000000000000000000000000000000000000000000000000000000000000000000000000000000000000000000000000000000000000000000000000000000000000000000000000000000000000000000000000000000	0
-0.0000000000000009035521157341758	0
0.00333333333333243	0.029495681730438858
0.00833333333333243	0.1036657855650313
0.01583333333333243	0.21629055913862305
0.02708333333333243	0.3876333654746392
0.04395833333333243	0.648537889996053
0.06927083333333243	1.04653901923351
0.10723958333333244	1.6549897747750162
0.16419270833333244	2.5874295869947987
0.24962239583333246	4.0197040062215335
0.34962239583333243	5.927006526807503
0.4496223958333324	8.025099379190777
0.5496223958333324	10.156929496670019
0.6496223958333324	12.314841239043755
0.7496223958333323	14.493172784810648
0.8496223958333323	16.687544884615527
0.9496223958333323	18.894357966766126
1.0496223958333324	21.11061003162594
1.1496223958333325	23.334008503206842
1.2496223958333326	25.567263212728044
1.3496223958333327	27.81111239871087
1.4496223958333327	30.061430417873375
1.5496223958333328	32.31699570268042
1.649622395833333	34.57755630680503
1.749622395833333	36.84259899113833
1.849622395833333	39.11191096269316
1.9496223958333332	41.385424811047386
2.049622395833333	43.66292127145653
2.149622395833333	45.94424705041595
2.2496223958333332	48.22912906072563
2.3496223958333333	50.51719217002166
2.4496223958333334	52.80832972722536
2.5496223958333335	55.102455590785944
2.6496223958333336	57.39937909601368
2.7496223958333337	59.69895589617392
2.8496223958333338	62.00097670863833
2.949622395833334	64.30532834632966
3.049622395833334	66.61192446364798
3.149622395833334	68.92054324698526
3.249622395833334	71.23105478963973
3.349622395833334	73.54348051259834
3.4496223958333343	75.85763530638853
3.5496223958333344	78.17338040079528
3.6496223958333345	80.49071616588856
3.7496223958333346	82.80947100212803
3.8496223958333347	85.12961299801766
3.9496223958333347	87.45109464541584
4.049622395833334	89.77379961398086
4.149622395833334	92.0976334158103
4.249622395833334	94.42252524945604
4.349622395833333	96.748419490942
4.449622395833333	99.07522634855536
4.549622395833333	101.40297879438774
4.649622395833332	103.73159225478304
4.749622395833332	106.06098476635796
4.8496223958333315	108.39117820746695
4.949622395833331	110.72206428958648
5.049622395833331	113.05359670926818
5.1496223958333305	115.38583826387207
5.24962239583333	117.71870441005312
5.34962239583333	120.05211070757102
5.449622395833329	122.38611299744603
5.549622395833329	124.72066647127788
5.649622395833329	127.05565445067676
5.749622395833328	129.39106054220352
5.849622395833328	131.72692375937308
5.949622395833328	134.06328518521644
6.049622395833327	136.4001831907717
6.149622395833327	138.73760646387572
6.249622395833327	141.0754995590487
6.349622395833326	143.41381835424005
6.449622395833326	145.7525271534291
6.5496223958333255	148.0915902089064
6.649622395833325	150.4309778349358
6.749622395833325	152.77071732145464
6.849622395833324	155.1108571398973
6.949622395833324	157.4513666011003
7.049622395833324	159.79220850050422
7.149622395833323	162.13341462678758
7.249622395833323	164.474986041741
7.349622395833323	166.81686635408164
7.449622395833322	169.159032797769
7.549622395833322	171.5015186065242
7.649622395833322	173.84434096396322
7.749622395833321	176.1874718190583
7.849622395833321	178.5309186886512
7.9496223958333205	180.8746933845495
8.049622395833321	183.2187761329597
8.14962239583332	185.56316352956293
8.24962239583332	187.9078428122617
8.34962239583332	190.252781439683
8.44962239583332	192.5979463977287
8.54962239583332	194.94335618021393
8.649622395833319	197.28901703848794
8.749622395833319	199.63491413079666
8.849622395833318	201.981028578342
8.949622395833318	204.32733109691685
9.049622395833318	206.6738368085264
9.149622395833317	209.02054392573032
9.249622395833317	211.3674213316118
9.349622395833316	213.71443508484435
9.449622395833316	216.06155182704958
9.549622395833316	218.408740862818
9.649622395833315	220.75598001965477
9.749622395833315	223.10325006655265
9.849622395833315	225.45053006641177
9.949622395833314	227.79781006641173
10.049622395833314	230.14509006641168
10.149622395833314	232.49237006641164
10.249622395833313	234.8396500664116
10.349622395833313	237.18693006641155
10.449622395833313	239.5342100664115
10.549622395833312	241.88149006641146
10.649622395833312	244.2287700664114
10.749622395833311	246.57605006641137
10.849622395833311	248.92333006641132
10.94962239583331	251.27061006641128
11.04962239583331	253.61789006641123
11.14962239583331	255.9651700664112
11.24962239583331	258.14391094245286
11.34962239583331	260.1258118184945
11.449622395833309	262.07941181849446
11.549622395833309	264.0330118184944
11.649622395833308	265.98661181849434
11.749622395833308	267.9402118184943
11.849622395833308	269.8938118184942
11.949622395833307	271.84741181849415
12.049622395833307	273.8305000476608
12.149622395833306	275.84318827682745
12.249622395833306	277.8559882768274
12.349622395833306	279.8687882768274
12.449622395833305	281.88158827682736
12.549622395833305	283.8943882768273
12.56	285.10966869349454
179769313486231570000000000000000000000000000000000000000000000000000000000000000000000000000000000000000000000000000000000000000000000000000000000000000000000000000000000000000000000000000000000000000000000000000000000000000000000000000000000000000000000000000000000000000000000000000000000000000000000000000	285.31854911016177
