-179769313486231570000000000000000000000000000000000000000000000000000000000000000000000000000000000000000000000000000000000000000000000000000000000000000000000000000000000000000000000000000000000000000000000000000000000000000000000000000000000000000000000000000000000000000000000000000000000000000000000000000	0
5.868643905731779	0
5.871977239065112	0.00008153279918038081
5.875310572398445	0.000235491521583608
5.880310572398445	0.0005972133186933342
5.887810572398445	0.001434059369743754
5.8990605723984455	0.0033514209959368494
5.915935572398445	0.007717820082003219
5.941248072398445	0.017623032077092662
5.979216822398445	0.039625047674530955
6.036169947398445	0.0880403754640565
6.121599634898445	0.19287621772031038
6.221599634898444	0.3602977706451671
6.321599634898444	0.5714033070617566
6.421599634898444	0.8223882760711172
6.521599634898443	1.1100495377559068
6.621599634898443	1.4319148310618732
6.721599634898443	1.7859590085693011
6.821599634898442	2.170147677948721
6.921599634898442	2.5827371342071044
7.0215996348984415	3.022205835961518
7.121599634898441	3.487105662531343
7.221599634898441	3.976202182365337
7.3215996348984405	4.488336350602047
7.42159963489844	5.022477441921697
7.52159963489844	5.577571804815337
7.621599634898439	6.1526256735588
7.721599634898439	6.746758562043945
7.821599634898439	7.359151311510793
7.921599634898438	7.9889203068568975
8.021599634898438	8.635504036151334
8.121599634898438	9.297980904726288
8.221599634898437	9.975882749965217
8.321599634898437	10.668369957523922
8.421599634898437	11.375075891558023
8.521599634898436	12.095295810109066
8.621599634898436	12.82839262825528
8.721599634898435	13.57383879325451
8.821599634898435	14.331264558435343
8.921599634898435	15.10022423874917
9.021599634898434	15.880193170633046
9.121599634898434	16.670944509371534
9.221599634898434	17.471916165440554
9.321599634898433	18.282984827330626
9.421599634898433	19.10363433070537
9.521599634898433	19.93383529987672
9.621599634898432	20.773221869075442
9.721599634898432	21.621547299462556
9.821599634898432	22.478580173193198
9.921599634898431	23.344086493294718
10.02159963489843	24.21782311152424
10.12159963489843	25.099636343673545
10.22159963489843	25.989245121245546
10.32159963489843	26.88642546831136
10.42159963489843	27.79096433224901
10.521599634898429	28.702636307156112
10.621599634898429	29.62125744402428
10.721599634898428	30.546578524822504
10.821599634898428	31.478343713523223
10.921599634898428	32.41636571283467
11.021599634898427	33.360383590029905
11.121599634898427	34.31014374471301
11.221599634898427	35.265444684491996
11.321599634898426	36.22599296811799
11.421599634898426	37.19154402086891
11.521599634898426	38.1618559586266
11.621599634898425	39.13661153833712
11.721599634898425	40.11557976572874
11.821599634898424	41.0984645751356
11.921599634898424	42.08493575470204
12.021599634898424	43.07477930371646
12.121599634898423	44.06763802881044
12.221599634898423	45.06319168870217
12.321599634898423	46.061118400131505
12.421599634898422	47.06109970751847
12.521599634898422	48.06279660807674
12.621599634898422	49.06586494534981
12.721599634898421	50.069926159876054
12.821599634898421	50.47286165012534
12.92159963489842	50.80586165017563
13.02159963489842	51.13886165022592
13.12159963489842	51.47186165027621
13.22159963489842	51.8048616503265
13.32159963489842	52.13786165037679
13.421599634898419	52.47086165042708
13.521599634898418	52.80386165047737
13.621599634898418	53.13686165052766
13.721599634898418	53.469861650577954
13.821599634898417	53.802861650628245
13.921599634898417	54.135861650678535
14.021599634898417	54.468861650728826
14.121599634898416	54.80186165077912
14.221599634898416	55.13486165082941
14.321599634898416	55.4678616508797
14.421599634898415	55.80086165092999
14.521599634898415	56.13386165098028
14.621599634898415	56.46686165103057
14.721599634898414	56.79986165108086
14.821599634898414	57.13286165113115
14.921599634898413	57.46586165118144
15.021599634898413	57.79886165123173
15.121599634898413	58.13186165128202
15.221599634898412	58.46486165133231
15.321599634898412	58.797861651382604
15.421599634898412	59.130861651432895
15.521599634898411	59.463861651483185
15.621599634898411	59.796861651533476
15.72159963489841	60.12986165158377
15.82159963489841	60.46286165163406
15.92159963489841	60.79586165168435
16.02159963489841	61.128861651734645
16.121599634898413	61.46186165178494
16.221599634898414	61.79486165183524
16.321599634898416	62.12786165188554
16.421599634898417	62.460861651935836
16.52159963489842	62.793861651986134
16.62159963489842	63.12686165203643
16.72159963489842	63.45986165208673
16.821599634898423	63.79286165213703
16.921599634898424	64.12586165218733
17.021599634898426	64.45886165223763
17.121599634898427	64.79186165228793
17.22159963489843	65.12486165233824
17.32159963489843	65.45786165238854
17.42159963489843	65.79086165243885
17.521599634898433	66.12386165248915
17.621599634898434	66.45686165253946
17.721599634898435	66.78986165258976
17.821599634898437	67.12286165264007
17.92159963489844	67.45586165269037
18.02159963489844	67.78886165274068
18.12159963489844	68.12186165279098
18.221599634898443	68.45486165284129
18.321599634898444	68.78786165289159
18.421599634898445	69.1208616529419
18.521599634898447	69.4538616529922
18.62159963489845	69.78686165304251
18.72159963489845	70.11986165309281
18.82159963489845	70.45286165314312
18.921599634898453	70.78586165319342
19.021599634898454	71.11886165324373
19.121599634898455	71.45186165329403
19.221599634898457	71.78486165334434
19.321599634898458	72.11786165339464
19.42159963489846	72.45086165344495
19.52159963489846	72.78386165349525
19.621599634898462	73.11686165354556
19.721599634898464	73.44986165359586
19.821599634898465	73.78286165364617
19.921599634898467	74.11586165369647
20.021599634898468	74.44886165374677
20.12159963489847	74.78186165379708
20.22159963489847	75.11486165384738
20.321599634898472	75.44786165389769
20.421599634898474	75.780861653948
20.521599634898475	76.1138616539983
20.621599634898477	76.4468616540486
20.721599634898478	76.77986165409891
20.82159963489848	77.11286165414921
20.92159963489848	77.44586165419952
21.021599634898482	77.77886165424982
21.121599634898484	78.11186165430013
21.221599634898485	78.44486165435043
21.321599634898487	78.77786165440074
21.421599634898488	79.11086165445104
21.52159963489849	79.44386165450135
21.62159963489849	79.77686165455165
21.721599634898492	80.10986165460196
21.821599634898494	80.44286165465226
21.921599634898495	80.77586165470257
22.021599634898497	81.10886165475287
22.121599634898498	81.44186165480318
22.2215996348985	81.77486165485348
22.3215996348985	82.10786165490379
22.421599634898502	82.44086165495409
22.521599634898504	82.7738616550044
22.621599634898505	83.1068616550547
22.721599634898507	83.439861655105
22.821599634898508	83.77286165515531
22.92159963489851	84.10586165520562
23.02159963489851	84.43886165525592
23.121599634898512	84.77186165530622
23.221599634898514	85.10486165535653
23.321599634898515	85.43786165540683
23.421599634898516	85.77086165545714
23.45	85.96000808706158
179769313486231570000000000000000000000000000000000000000000000000000000000000000000000000000000000000000000000000000000000000000000000000000000000000000000000000000000000000000000000000000000000000000000000000000000000000000000000000000000000000000000000000000000000000000000000000000000000000000000000000000	85.96000808706158
