-179769313486231570000000000000000000000000000000000000000000000000000000000000000000000000000000000000000000000000000000000000000000000000000000000000000000000000000000000000000000000000000000000000000000000000000000000000000000000000000000000000000000000000000000000000000000000000000000000000000000000000000	0
5.868643753176337	0
5.87197708650967	0.00008153274903585868
5.875310419843003	0.00023549146783856156
5.880310419843003	0.0005972132595475142
5.887810419843003	0.0014340593024970965
5.8990604198430034	0.0033514209165404502
5.915935419843003	0.007717820021581366
5.941247919843003	0.01762303252140732
5.979216669843003	0.039625049428312104
6.036169794843003	0.08804037972075286
6.121599482343003	0.19287622776176558
6.221599482343002	0.3602977906586855
6.321599482343002	0.5714033397502463
6.421599482343002	0.822388324002705
6.521599482343001	1.1100496025367546
6.621599482343001	1.4319149146738308
6.7215994823430005	1.7859591128657322
6.821599482343	2.170147803721122
6.921599482343	2.5827372825855197
7.0215994823429995	3.022206008438764
7.121599482342999	3.487105859821349
7.221599482342999	3.976202405509616
7.321599482342998	4.488336600562076
7.421599482342998	5.022477719469807
7.521599482342998	5.577572110734089
7.621599482342997	6.152626008665826
7.721599482342997	6.746758926516209
7.821599482342997	7.359151705655228
7.921599482342996	7.988920731568891
8.021599482342996	8.635504491546653
8.121599482342996	9.297981391351339
8.221599482342995	9.975883268097746
8.321599482342995	10.668370507463822
8.421599482342994	11.375076473444375
8.521599482342994	12.095296424310952
8.621599482342994	12.828393275268915
8.721599482342993	13.573839472460211
8.821599482342993	14.331265270734555
8.921599482342993	15.100224983666203
9.021599482342992	15.880193948716489
9.121599482342992	16.67094532044853
9.221599482342992	17.471917009611317
9.321599482342991	18.282985704689132
9.421599482342991	19.103635241022733
9.52159948234299	19.933836243169953
9.62159948234299	20.77322284515897
9.72159948234299	21.621548308265123
9.82159948234299	22.478581214979926
9.92159948234299	23.34408756738063
10.021599482342989	24.217824218085834
10.121599482342988	25.099637482336796
10.221599482342988	25.98924629195247
10.321599482342988	26.886426671110552
10.421599482342987	27.790965567060834
10.521599482342987	28.70263757418373
10.621599482342987	29.621258743389195
10.721599482342986	30.546579856434793
10.821599482342986	31.47834507722531
10.921599482342986	32.416367108486135
11.021599482342985	33.36038501753163
11.121599482342985	34.31014520386816
11.221599482342985	35.26544617517031
11.321599482342984	36.225994489433184
11.421599482342984	37.19154557210876
11.521599482342983	38.1618575397128
11.621599482342983	39.13661314918206
11.721599482342983	40.11558140621327
11.821599482342982	41.09846624521805
11.921599482342982	42.084937454342246
12.021599482342982	43.07478103281377
12.121599482342981	44.067639787355745
12.221599482342981	45.0631934767538
12.32159948234298	46.06112021778407
12.42159948234298	47.061101554891465
12.52159948234298	48.0627984853337
12.62159948234298	49.065866852743106
12.72159948234298	50.069928098002386
12.821599482342979	50.47286456575874
12.921599482342979	50.805864565704255
13.021599482342978	51.13886456564977
13.121599482342978	51.47186456559528
13.221599482342977	51.8048645655408
13.321599482342977	52.13786456548631
13.421599482342977	52.470864565431825
13.521599482342976	52.80386456537734
13.621599482342976	53.13686456532285
13.721599482342976	53.46986456526837
13.821599482342975	53.80286456521388
13.921599482342975	54.135864565159395
14.021599482342975	54.46886456510491
14.121599482342974	54.80186456505042
14.221599482342974	55.13486456499594
14.321599482342974	55.46786456494145
14.421599482342973	55.800864564886965
14.521599482342973	56.13386456483248
14.621599482342972	56.46686456477799
14.721599482342972	56.79986456472351
14.821599482342972	57.13286456466902
14.921599482342971	57.465864564614535
15.021599482342971	57.79886456456005
15.12159948234297	58.13186456450556
15.22159948234297	58.46486456445108
15.32159948234297	58.79786456439659
15.42159948234297	59.130864564342104
15.52159948234297	59.46386456428762
15.621599482342969	59.79686456423313
15.721599482342969	60.129864564178646
15.821599482342968	60.46286456412416
15.921599482342968	60.795864564069674
16.021599482342967	61.12886456401519
16.12159948234297	61.46186456396071
16.22159948234297	61.79486456390623
16.32159948234297	62.12786456385175
16.421599482342973	62.46086456379727
16.521599482342975	62.793864563742794
16.621599482342976	63.126864563688315
16.721599482342977	63.459864563633836
16.82159948234298	63.79286456357936
16.92159948234298	64.12586456352489
17.02159948234298	64.45886456347041
17.121599482342983	64.79186456341594
17.221599482342985	65.12486456336147
17.321599482342986	65.457864563307
17.421599482342987	65.79086456325253
17.52159948234299	66.12386456319805
17.62159948234299	66.45686456314358
17.72159948234299	66.78986456308911
17.821599482342993	67.12286456303464
17.921599482342994	67.45586456298017
18.021599482342996	67.7888645629257
18.121599482342997	68.12186456287122
18.221599482343	68.45486456281675
18.321599482343	68.78786456276228
18.421599482343	69.12086456270781
18.521599482343003	69.45386456265334
18.621599482343004	69.78686456259886
18.721599482343006	70.1198645625444
18.821599482343007	70.45286456248992
18.92159948234301	70.78586456243545
19.02159948234301	71.11886456238098
19.12159948234301	71.4518645623265
19.221599482343013	71.78486456227203
19.321599482343014	72.11786456221756
19.421599482343016	72.45086456216309
19.521599482343017	72.78386456210862
19.62159948234302	73.11686456205415
19.72159948234302	73.44986456199968
19.82159948234302	73.7828645619452
19.921599482343023	74.11586456189073
20.021599482343024	74.44886456183626
20.121599482343026	74.78186456178179
20.221599482343027	75.11486456172732
20.32159948234303	75.44786456167284
20.42159948234303	75.78086456161837
20.52159948234303	76.1138645615639
20.621599482343033	76.44686456150943
20.721599482343034	76.77986456145496
20.821599482343036	77.11286456140049
20.921599482343037	77.44586456134601
21.02159948234304	77.77886456129154
21.12159948234304	78.11186456123707
21.22159948234304	78.4448645611826
21.321599482343043	78.77786456112813
21.421599482343044	79.11086456107365
21.521599482343046	79.44386456101918
21.621599482343047	79.77686456096471
21.72159948234305	80.10986456091024
21.82159948234305	80.44286456085577
21.92159948234305	80.7758645608013
22.021599482343053	81.10886456074682
22.121599482343054	81.44186456069235
22.221599482343056	81.77486456063788
22.321599482343057	82.10786456058341
22.42159948234306	82.44086456052894
22.52159948234306	82.77386456047446
22.62159948234306	83.10686456042
22.721599482343063	83.43986456036552
22.821599482343064	83.77286456031105
22.921599482343066	84.10586456025658
23.021599482343067	84.4388645602021
23.12159948234307	84.77186456014763
23.22159948234307	85.10486456009316
23.32159948234307	85.43786456003869
23.421599482343073	85.77086455998422
23.45	85.9600120075484
179769313486231570000000000000000000000000000000000000000000000000000000000000000000000000000000000000000000000000000000000000000000000000000000000000000000000000000000000000000000000000000000000000000000000000000000000000000000000000000000000000000000000000000000000000000000000000000000000000000000000000000	85.9600120075484
