-179769313486231570000000000000000000000000000000000000000000000000000000000000000000000000000000000000000000000000000000000000000000000000000000000000000000000000000000000000000000000000000000000000000000000000000000000000000000000000000000000000000000000000000000000000000000000000000000000000000000000000000	0
5.868664047173279	0
5.871997380506612	0.00006611307148710724
5.875330713839945	0.00019094471199253927
5.880330713839945	0.000484233021537028
5.8878307138399455	0.0011627573956232515
5.899080713839946	0.0027173757537344977
5.915955713839946	0.006257696604879371
5.941268213839946	0.014288894456123403
5.979236963839946	0.032128224676315945
6.036190088839946	0.0713836251425913
6.121619776339946	0.15638503566563927
6.221619776339946	0.29213116753413426
6.321619776339945	0.4632964558528032
6.421619776339945	0.6667961441173432
6.521619776339945	0.9000331948327602
6.621619776339944	1.1610030317810875
6.721619776339944	1.448063657289281
6.8216197763399435	1.7595656777818178
6.921619776339943	2.0940952422264485
7.021619776339943	2.4504186295691777
7.1216197763399425	2.827361771281616
7.221619776339942	3.2239237418853155
7.321619776339942	3.639164783867271
7.421619776339941	4.072249194209816
7.521619776339941	4.522322659802134
7.621619776339941	4.988579420924982
7.72161977633994	5.4703056384496
7.82161977633994	5.966837115727261
7.92161977633994	6.477457345139731
8.02161977633994	7.001711130154207
8.121619776339939	7.538851185772305
8.221619776339939	8.088497949410492
8.321619776339938	8.649970650339991
8.421619776339938	9.22297203345164
8.521619776339938	9.806930661699496
8.621619776339937	10.40132996611383
8.721619776339937	11.00574232074026
8.821619776339936	11.619867768120603
8.921619776339936	12.243345089381025
9.021619776339936	12.875748772073523
9.121619776339935	13.516894965176782
9.221619776339935	14.16632789131885
9.321619776339935	14.823947568767158
9.421619776339934	15.489335520548051
9.521619776339934	16.162467902111125
9.621619776339934	16.84304808724605
9.721619776339933	17.530876005228695
9.821619776339933	18.225763984000523
9.921619776339933	18.92752239798032
10.021619776339932	19.63595400775558
10.121619776339932	20.350934263356343
10.221619776339931	21.07223523764758
10.321619776339931	21.799675317095353
10.42161977633993	22.533081770038873
10.52161977633993	23.27227180468596
10.62161977633993	24.017096281949126
10.72161977633993	24.767353155787404
10.82161977633993	25.522834998813433
10.921619776339929	26.283389946511477
11.021619776339929	27.048806427406024
11.121619776339928	27.818878829993523
11.221619776339928	28.593443774941722
11.321619776339928	29.37226341571747
11.421619776339927	30.155139434011087
11.521619776339927	30.94187563768734
11.621619776339926	31.732214803646524
11.721619776339926	32.525969642582524
11.821619776339926	33.32290009299341
11.921619776339925	34.12273841536187
12.021619776339925	34.92531110206946
12.121619776339925	35.730328527076466
12.221619776339924	36.5375310280737
12.321619776339924	37.34665761475404
12.421619776339924	38.15745007722402
12.521619776339923	38.96963354365359
12.621619776339923	39.78292895875878
12.721619776339923	40.597029345569965
12.821619776339922	40.92362914148262
12.921619776339922	41.19362914150358
13.021619776339922	41.463629141524535
13.121619776339921	41.73362914154549
13.22161977633992	42.00362914156645
13.32161977633992	42.273629141587406
13.42161977633992	42.54362914160836
13.52161977633992	42.81362914162932
13.62161977633992	43.08362914165028
13.721619776339919	43.353629141671234
13.821619776339919	43.62362914169219
13.921619776339918	43.89362914171315
14.021619776339918	44.163629141734106
14.121619776339918	44.43362914175506
14.221619776339917	44.70362914177602
14.321619776339917	44.97362914179698
14.421619776339917	45.243629141817934
14.521619776339916	45.51362914183889
14.621619776339916	45.78362914185985
14.721619776339915	46.053629141880805
14.821619776339915	46.32362914190176
14.921619776339915	46.59362914192272
15.021619776339914	46.863629141943676
15.121619776339914	47.13362914196463
15.221619776339914	47.40362914198559
15.321619776339913	47.67362914200655
15.421619776339913	47.943629142027504
15.521619776339913	48.21362914204846
15.621619776339912	48.48362914206942
15.721619776339912	48.753629142090375
15.821619776339912	49.02362914211133
15.921619776339911	49.29362914213229
16.02161977633991	49.563629142153246
16.121619776339912	49.8336291421742
16.221619776339914	50.10362914219516
16.321619776339915	50.37362914221612
16.421619776339917	50.643629142237074
16.521619776339918	50.91362914225803
16.62161977633992	51.18362914227899
16.72161977633992	51.453629142299945
16.821619776339922	51.7236291423209
16.921619776339924	51.99362914234186
17.021619776339925	52.26362914236282
17.121619776339926	52.533629142383774
17.221619776339928	52.80362914240473
17.32161977633993	53.07362914242569
17.42161977633993	53.343629142446645
17.521619776339932	53.6136291424676
17.621619776339934	53.88362914248856
17.721619776339935	54.153629142509516
17.821619776339936	54.42362914253047
17.921619776339938	54.69362914255143
18.02161977633994	54.96362914257239
18.12161977633994	55.233629142593344
18.221619776339942	55.5036291426143
18.321619776339944	55.77362914263526
18.421619776339945	56.043629142656215
18.521619776339946	56.31362914267717
18.621619776339948	56.58362914269813
18.72161977633995	56.853629142719086
18.82161977633995	57.12362914274004
18.921619776339952	57.393629142761
19.021619776339953	57.66362914278196
19.121619776339955	57.933629142802914
19.221619776339956	58.20362914282387
19.321619776339958	58.47362914284483
19.42161977633996	58.743629142865785
19.52161977633996	59.01362914288674
19.621619776339962	59.2836291429077
19.721619776339963	59.553629142928656
19.821619776339965	59.82362914294961
19.921619776339966	60.09362914297057
20.021619776339968	60.36362914299153
20.12161977633997	60.633629143012485
20.22161977633997	60.90362914303344
20.321619776339972	61.1736291430544
20.421619776339973	61.443629143075356
20.521619776339975	61.71362914309631
20.621619776339976	61.98362914311727
20.721619776339978	62.25362914313823
20.82161977633998	62.523629143159184
20.92161977633998	62.79362914318014
21.021619776339982	63.0636291432011
21.121619776339983	63.333629143222055
21.221619776339985	63.60362914324301
21.321619776339986	63.87362914326397
21.421619776339988	64.14362914328493
21.52161977633999	64.41362914330588
21.62161977633999	64.68362914332684
21.721619776339992	64.9536291433478
21.821619776339993	65.22362914336875
21.921619776339995	65.49362914338971
22.021619776339996	65.76362914341067
22.121619776339998	66.03362914343163
22.22161977634	66.30362914345258
22.32161977634	66.57362914347354
22.421619776340002	66.8436291434945
22.521619776340003	67.11362914351545
22.621619776340005	67.38362914353641
22.721619776340006	67.65362914355737
22.821619776340007	67.92362914357832
22.92161977634001	68.19362914359928
23.02161977634001	68.46362914362024
23.12161977634001	68.7336291436412
23.221619776340013	69.00362914366215
23.321619776340015	69.27362914368311
23.421619776340016	69.54362914370407
23.45	69.69688235147987
179769313486231570000000000000000000000000000000000000000000000000000000000000000000000000000000000000000000000000000000000000000000000000000000000000000000000000000000000000000000000000000000000000000000000000000000000000000000000000000000000000000000000000000000000000000000000000000000000000000000000000000	69.69688235147987
