-179769313486231570000000000000000000000000000000000000000000000000000000000000000000000000000000000000000000000000000000000000000000000000000000000000000000000000000000000000000000000000000000000000000000000000000000000000000000000000000000000000000000000000000000000000000000000000000000000000000000000000000	0
-0.0000000000000009166250806492112	0
0.0033333333333324167	0.02679465933107169
0.008333333333332417	0.09415875857934577
0.015833333333332415	0.19642877320067426
0.027083333333332415	0.35222721792115363
0.04395833333333242	0.590048026323337
0.06927083333333242	0.9539284150843585
0.10723958333333242	1.5123123464741206
0.16419270833333244	2.3719690165256755
0.24962239583333246	3.6995015842799504
0.34962239583333243	5.47673893678052
0.4496223958333324	7.441676376889552
0.5496223958333324	9.447134179217302
0.6496223958333324	11.484680223032642
0.7496223958333323	13.54810699062695
0.8496223958333323	15.632668880682353
0.9496223958333323	17.73440748718817
1.0496223958333324	19.850077753432696
1.1496223958333325	21.97710321284081
1.2496223958333326	24.116602988135
1.3496223958333327	26.269522115751926
1.4496223958333327	28.433545158356463
1.5496223958333328	30.60744749933643
1.649622395833333	32.79066013577536
1.749622395833333	34.98252216082499
1.849622395833333	37.182515630727885
1.9496223958333332	39.39007408333866
2.049622395833333	41.604810037535906
2.149622395833333	43.82633562566197
2.2496223958333332	46.054255815880076
2.3496223958333333	48.28828750574071
2.4496223958333334	50.528037301452635
2.5496223958333335	52.77318611166801
2.6496223958333336	55.023415438132396
2.7496223958333337	57.27842469674387
2.8496223958333338	59.53793068630925
2.949622395833334	61.80166515160882
3.049622395833334	64.0693654622534
3.149622395833334	66.34076325212902
3.249622395833334	68.6157004313361
3.349622395833334	70.89405325885348
3.4496223958333343	73.1755678323826
3.5496223958333344	75.46010426617941
3.6496223958333345	77.74754321441644
3.7496223958333346	80.03768038334348
3.8496223958333347	82.33034925506871
3.9496223958333347	84.62537177581775
4.049622395833334	86.922659251542
4.149622395833334	89.22210021590023
4.249622395833334	91.52357376490235
4.349622395833333	93.82695216404701
4.449622395833333	96.13213099511896
4.549622395833333	98.4390804554291
4.649622395833332	100.74766004523379
4.749622395833332	103.05780375539035
4.8496223958333315	105.36946148796254
4.949622395833331	107.68250269525332
5.049622395833331	109.99687240451472
5.1496223958333305	112.3125403774456
5.24962239583333	114.6294220806145
5.34962239583333	116.94746302376345
5.449622395833329	119.26666145008268
5.549622395833329	121.58692391688015
5.649622395833329	123.90815038677289
5.749622395833328	126.23033870862676
5.849622395833328	128.55350490456152
5.949622395833328	130.87767413898726
6.049622395833327	133.20286351002255
6.149622395833327	135.52898390216043
6.249622395833327	137.8559327541417
6.349622395833326	140.18370259150112
6.449622395833326	142.5123045723201
6.5496223958333255	144.84175654867232
6.649622395833325	147.1720757434769
6.749622395833325	149.50321993828678
6.849622395833324	151.83512700563412
6.949622395833324	154.16778071878025
7.049622395833324	156.50116334477624
7.149622395833323	158.83526328003444
7.249622395833323	161.17010204921775
7.349622395833323	163.50568060197315
7.449622395833322	165.8419596576672
7.549622395833322	168.17894183910576
7.649622395833322	170.51661906817154
7.749622395833321	172.8549529796737
7.849622395833321	175.1939647242135
7.9496223958333205	177.533632249813
8.049622395833321	179.87392160891199
8.14962239583332	182.2148569793474
8.24962239583332	184.55641079050778
8.34962239583332	186.89854909672357
8.44962239583332	189.2412597554494
8.54962239583332	191.5845191131448
8.649622395833319	193.92830360768798
8.749622395833319	196.27258175384094
8.849622395833318	198.61730945996206
8.949622395833318	200.96244722122694
9.049622395833318	203.3079926556908
9.149622395833317	205.65392368883113
9.249622395833317	208.0001536646614
9.349622395833316	210.34662688452912
9.449622395833316	212.69337620486675
9.549622395833316	215.04035841499552
9.649622395833315	217.38750748952853
9.749622395833315	219.73476618685197
9.849622395833315	222.08204618671112
9.949622395833314	224.42932618671114
10.049622395833314	226.77660618671115
10.149622395833314	229.12388618671116
10.249622395833313	231.47116618671117
10.349622395833313	233.81844618671118
10.449622395833313	236.1657261867112
10.549622395833312	238.5130061867112
10.649622395833312	240.86028618671122
10.749622395833311	243.20756618671123
10.849622395833311	245.55484618671125
10.94962239583331	247.90212618671126
11.04962239583331	250.24940618671127
11.14962239583331	252.59668618671128
11.24962239583331	254.775427062753
11.34962239583331	256.75732793879473
11.449622395833309	258.7109279387948
11.549622395833309	260.66452793879483
11.649622395833308	262.6181279387949
11.749622395833308	264.57172793879494
11.849622395833308	266.525327938795
11.949622395833307	268.47892793879504
12.049622395833307	270.46201616796174
12.149622395833306	272.4747043971284
12.249622395833306	274.48750439712836
12.349622395833306	276.50030439712833
12.449622395833305	278.5131043971283
12.549622395833305	280.5259043971283
12.56	281.7411848137955
179769313486231570000000000000000000000000000000000000000000000000000000000000000000000000000000000000000000000000000000000000000000000000000000000000000000000000000000000000000000000000000000000000000000000000000000000000000000000000000000000000000000000000000000000000000000000000000000000000000000000000000	281.9500652304627
