-179769313486231570000000000000000000000000000000000000000000000000000000000000000000000000000000000000000000000000000000000000000000000000000000000000000000000000000000000000000000000000000000000000000000000000000000000000000000000000000000000000000000000000000000000000000000000000000000000000000000000000000	0
-0.0000000000000009209827356208897	0
0.0033333333333324124	0.02576281094252352
0.006666666666665746	0.05171932833186145
0.011666666666665746	0.09101657473846171
0.019166666666665746	0.15076464771966636
0.030416666666665745	0.241767329610456
0.047291666666665746	0.38075333610108414
0.07260416666666575	0.5937364605468379
0.11057291666666574	0.9212256253013922
0.16752604166666574	1.4267757721789713
0.25295572916666575	2.2097148645236775
0.35295572916666573	3.1547465991271526
0.4529557291666657	4.123511656541831
0.5529557291666657	5.110970783241714
0.6529557291666657	6.1136195359373575
0.7529557291666656	7.128779261895794
0.8529557291666656	8.154203664342567
0.9529557291666656	9.188116077424619
1.0529557291666656	10.228957076430158
1.1529557291666657	11.275620075666474
1.2529557291666658	12.330498514911412
1.3529557291666658	13.392254434369855
1.452955729166666	14.459898477605005
1.552955729166666	15.533117612109713
1.652955729166666	16.61160938521242
1.7529557291666662	17.694928571536742
1.8529557291666663	18.78285144315863
1.9529557291666664	19.874959477919443
2.0529557291666665	20.97123840945695
2.1529557291666666	22.07128198213746
2.2529557291666666	23.174989812432216
2.3529557291666667	24.282059530614724
2.452955729166667	25.392368192429895
2.552955729166667	26.505701120659975
2.652955729166667	27.621867832289784
2.752955729166667	28.74072277338886
2.852955729166667	29.8621255720808
2.9529557291666673	30.985902420594936
3.0529557291666674	32.11188182377883
3.1529557291666674	33.23989475687473
3.2529557291666675	34.37002595555653
3.3529557291666676	35.50203919966409
3.4529557291666677	36.63582825230707
3.552955729166668	37.771428856930925
3.652955729166668	38.908607024581784
3.752955729166668	40.047349994676395
3.852955729166668	41.187627399250516
3.952955729166668	42.32925780497059
4.052955729166668	43.47222424474394
4.152955729166668	44.616409408621045
4.2529557291666675	45.76178442491919
4.352955729166667	46.90822907682698
4.452955729166667	48.05576700222926
4.5529557291666665	49.20432142808743
4.652955729166666	50.35381218446672
4.752955729166666	51.50426404519447
4.852955729166665	52.65558183305098
4.952955729166665	53.807714179276466
5.052955729166665	54.96064928288151
5.152955729166664	56.11433788534791
5.252955729166664	57.268741827969166
5.352955729166664	58.42387989161822
5.452955729166663	59.57972386354413
5.552955729166663	60.73615149279951
5.652955729166663	61.893167312474596
5.752955729166662	63.05079844119473
5.852955729166662	64.20907090777557
5.9529557291666615	65.36800370205565
6.052955729166661	66.52757883157119
6.152955729166661	67.68766195910273
6.25295572916666	68.84825250144813
6.35295572916666	70.00937490544301
6.45295572916666	71.17105285421172
6.552955729166659	72.3333045287316
6.652955729166659	73.49613292396157
6.752955729166659	74.65947886900938
6.852955729166658	75.82333329906933
6.952955729166658	76.98769277953836
7.052955729166658	78.15253331767447
7.152955729166657	79.31784277661143
7.252955729166657	80.48361207109929
7.3529557291666565	81.64981837984175
7.452955729166656	82.81646843674632
7.552955729166656	83.98359748511729
7.6529557291666555	85.15115533618724
7.752955729166655	86.319142398038
7.852955729166655	87.48758602336785
7.952955729166654	88.65642605730764
8.052955729166655	89.82568338897768
8.152955729166655	90.99536867762657
8.252955729166654	92.16543113143676
8.352955729166654	93.33587036580649
8.452955729166653	94.50667200498968
8.552955729166653	95.67781360422254
8.652955729166653	96.84927725424458
8.752955729166652	98.02106143192619
8.852955729166652	99.1931318097467
8.952955729166652	100.36547199222251
9.052955729166651	101.53808598634005
9.152955729166651	102.7109430502423
9.25295572916665	103.88400012089609
9.35295572916665	105.05722915328944
9.45295572916665	106.23062849612452
9.55295572916665	107.40412725153868
9.65295572916665	108.57772733933042
9.752955729166649	109.75136733933041
9.852955729166649	110.9250073393304
9.952955729166648	112.0986473393304
10.052955729166648	113.27228733933039
10.152955729166647	114.44592733933038
10.252955729166647	115.61956733933037
10.352955729166647	116.79320733933037
10.452955729166646	117.96684733933036
10.552955729166646	119.14048733933035
10.652955729166646	120.31412733933034
10.752955729166645	121.48776733933033
10.852955729166645	122.66140733933032
10.952955729166645	123.83504733933032
11.052955729166644	125.00868733933031
11.152955729166644	126.1823273393303
11.252955729166644	127.18086688203867
11.352955729166643	128.15766688203865
11.452955729166643	129.13446688203865
11.552955729166642	130.11126688203865
11.652955729166642	131.08806688203865
11.752955729166642	132.06486688203864
11.852955729166641	133.04166688203864
11.952955729166641	134.01934177787194
12.05295572916664	135.02574177787193
12.15295572916664	136.0321417778719
12.25295572916664	137.0385417778719
12.35295572916664	138.04494177787188
12.45295572916664	139.05134177787187
12.552955729166639	140.05774177787185
12.56	140.19952886120575
179769313486231570000000000000000000000000000000000000000000000000000000000000000000000000000000000000000000000000000000000000000000000000000000000000000000000000000000000000000000000000000000000000000000000000000000000000000000000000000000000000000000000000000000000000000000000000000000000000000000000000000	140.19952886120575
