-179769313486231570000000000000000000000000000000000000000000000000000000000000000000000000000000000000000000000000000000000000000000000000000000000000000000000000000000000000000000000000000000000000000000000000000000000000000000000000000000000000000000000000000000000000000000000000000000000000000000000000000	0
5.86864329551001	0
5.871976628843343	0.00008153261284154587
5.875309962176676	0.0002354913350817559
5.880309962176676	0.0005972131319471403
5.887809962176676	0.0014340591826316252
5.899059962176676	0.0033514208082777563
5.915934962176676	0.007717820042307223
5.941247462176676	0.017623034164617735
5.979216212176676	0.039625055163060405
6.036169337176676	0.08804039320937382
6.1215990246766765	0.19287625897420962
6.221599024676676	0.36029785222077193
6.321599024676676	0.5714034397706423
6.421599024676675	0.8223884701869939
6.521599024676675	1.1100497997065286
6.621599024676675	1.4319151687764395
6.721599024676674	1.7859594294625512
6.821599024676674	2.170148185188844
6.921599024676674	2.582737732314198
7.021599024676673	3.0222065309087
7.121599024676673	3.487106457175861
7.221599024676673	3.976203080874005
7.321599024676672	4.488337356821848
7.421599024676672	5.022478558943752
7.5215990246766715	5.5775730357711595
7.621599024676671	6.1526270217189385
7.721599024676671	6.74676002811666
7.8215990246766705	7.3591528967248045
7.92159902467667	7.988922014793081
8.02159902467667	8.63550586727283
8.12159902467667	9.297982861218912
8.221599024676669	9.975884832940556
8.321599024676669	10.668372168182044
8.421599024676668	11.375078230455934
8.521599024676668	12.095298278724469
8.621599024676668	12.82839522857479
8.721599024676667	13.573841522800654
8.821599024676667	14.331267420815022
8.921599024676667	15.100227232060602
9.021599024676666	15.880196297071894
9.121599024676666	16.67094776824773
9.221599024676665	17.471919557155655
9.321599024676665	18.282988352261135
9.421599024676665	19.103637987936754
9.521599024676664	19.93383908947823
9.621599024676664	20.773225790305908
9.721599024676664	21.621551352038008
9.821599024676663	22.478584358174167
9.921599024676663	23.344090807941164
10.021599024676663	24.217827556542375
10.121599024676662	25.099640917567626
10.221599024676662	25.98924982378387
10.321599024676662	26.8864302996887
10.421599024676661	27.79096929214771
10.52159902467666	28.702641396389424
10.62159902467666	29.621262663078426
10.72159902467666	30.5465838733378
10.82159902467666	31.478349190869427
10.92159902467666	32.41637131845013
11.021599024676659	33.36038932351814
11.121599024676659	34.31014960528672
11.221599024676658	35.26545067163014
11.321599024676658	36.22599907827365
11.421599024676658	37.19155025119498
11.521599024676657	38.16186230880982
11.621599024676657	39.1366180080271
11.721599024676657	40.11558635444887
11.821599024676656	41.09847128271919
11.921599024676656	42.08494258098849
12.021599024676656	43.07478624830312
12.121599024676655	44.067645091660914
12.221599024676655	45.06319887004982
12.321599024676654	46.06112570035473
12.421599024676654	47.06110712709528
12.521599024676654	48.06280414766129
12.621599024676653	49.06587260595159
12.721599024676653	50.06993394388183
12.821599024676653	50.47287334458439
12.921599024676652	50.80587334463468
13.021599024676652	51.138873344684974
13.121599024676652	51.471873344735265
13.221599024676651	51.804873344785555
13.321599024676651	52.137873344835846
13.42159902467665	52.47087334488614
13.52159902467665	52.80387334493643
13.62159902467665	53.13687334498672
13.72159902467665	53.46987334503701
13.82159902467665	53.8028733450873
13.921599024676649	54.13587334513759
14.021599024676648	54.46887334518788
14.121599024676648	54.80187334523817
14.221599024676648	55.13487334528846
14.321599024676647	55.46787334533875
14.421599024676647	55.80087334538904
14.521599024676647	56.13387334543933
14.621599024676646	56.466873345489624
14.721599024676646	56.799873345539915
14.821599024676646	57.132873345590205
14.921599024676645	57.465873345640496
15.021599024676645	57.79887334569079
15.121599024676645	58.13187334574108
15.221599024676644	58.46487334579137
15.321599024676644	58.79787334584166
15.421599024676643	59.13087334589195
15.521599024676643	59.46387334594224
15.621599024676643	59.79687334599253
15.721599024676642	60.12987334604282
15.821599024676642	60.46287334609311
15.921599024676642	60.7958733461434
16.021599024676643	61.1288733461937
16.121599024676645	61.461873346244
16.221599024676646	61.794873346294295
16.321599024676647	62.12787334634459
16.42159902467665	62.46087334639489
16.52159902467665	62.79387334644519
16.62159902467665	63.126873346495486
16.721599024676653	63.459873346545784
16.821599024676654	63.79287334659608
16.921599024676656	64.12587334664637
17.021599024676657	64.45887334669666
17.12159902467666	64.79187334674695
17.22159902467666	65.12487334679724
17.32159902467666	65.45787334684753
17.421599024676663	65.79087334689783
17.521599024676664	66.12387334694812
17.621599024676666	66.4568733469984
17.721599024676667	66.7898733470487
17.82159902467667	67.12287334709899
17.92159902467667	67.45587334714928
18.02159902467667	67.78887334719957
18.121599024676673	68.12187334724986
18.221599024676674	68.45487334730015
18.321599024676676	68.78787334735044
18.421599024676677	69.12087334740073
18.52159902467668	69.45387334745102
18.62159902467668	69.78687334750131
18.72159902467668	70.1198733475516
18.821599024676683	70.4528733476019
18.921599024676684	70.78587334765218
19.021599024676686	71.11887334770248
19.121599024676687	71.45187334775277
19.22159902467669	71.78487334780306
19.32159902467669	72.11787334785335
19.42159902467669	72.45087334790364
19.521599024676693	72.78387334795393
19.621599024676694	73.11687334800422
19.721599024676696	73.44987334805451
19.821599024676697	73.7828733481048
19.9215990246767	74.11587334815509
20.0215990246767	74.44887334820538
20.1215990246767	74.78187334825567
20.221599024676703	75.11487334830596
20.321599024676704	75.44787334835625
20.421599024676706	75.78087334840654
20.521599024676707	76.11387334845683
20.62159902467671	76.44687334850713
20.72159902467671	76.77987334855742
20.82159902467671	77.1128733486077
20.921599024676713	77.445873348658
21.021599024676714	77.77887334870829
21.121599024676716	78.11187334875858
21.221599024676717	78.44487334880887
21.32159902467672	78.77787334885916
21.42159902467672	79.11087334890945
21.52159902467672	79.44387334895974
21.621599024676723	79.77687334901003
21.721599024676724	80.10987334906032
21.821599024676726	80.44287334911061
21.921599024676727	80.7758733491609
22.02159902467673	81.1088733492112
22.12159902467673	81.44187334926148
22.22159902467673	81.77487334931178
22.321599024676733	82.10787334936207
22.421599024676734	82.44087334941236
22.521599024676735	82.77387334946265
22.621599024676737	83.10687334951294
22.72159902467674	83.43987334956323
22.82159902467674	83.77287334961352
22.92159902467674	84.10587334966381
23.021599024676743	84.4388733497141
23.121599024676744	84.77187334976439
23.221599024676745	85.10487334981468
23.321599024676747	85.43787334986497
23.42159902467675	85.77087334991526
23.45	85.96002384559668
179769313486231570000000000000000000000000000000000000000000000000000000000000000000000000000000000000000000000000000000000000000000000000000000000000000000000000000000000000000000000000000000000000000000000000000000000000000000000000000000000000000000000000000000000000000000000000000000000000000000000000000	85.96002384559668
