-100000	0
-0.002999218463898501	0
0.00033411486943483266	0.020610193086858793
0.005334114869434832	0.052388471763795845
0.012834114869434832	0.10130396250162843
0.024084114869434833	0.17669849226765347
0.040959114869434834	0.2931999619614664
0.06627161486943484	0.4738061203028542
0.10424036486943483	0.7548379202412624
0.16119348986943483	1.1939084675714493
0.24662317736943484	1.882765874666999
0.3466231773694348	2.725116992956974
0.4466231773694348	3.598876630042258
0.5466231773694348	4.499167962786595
0.6466231773694348	5.422680851970102
0.7466231773694347	6.367017885849366
0.8466231773694347	7.330365549338948
0.9466231773694347	8.311309658760424
1.0466231773694348	9.308723382781396
1.1466231773694349	10.320600603850028
1.246623177369435	11.339567883945579
1.346623177369435	12.363927869966608
1.4466231773694351	13.393172069922514
1.5466231773694352	14.426871830501423
1.6466231773694353	15.464664799804549
1.7466231773694354	16.506239913685235
1.8466231773694355	17.551328681660213
1.9466231773694356	18.599697488484743
2.0466231773694354	19.651141712332613
2.1466231773694355	20.705480400083513
2.2466231773694356	21.76255106548515
2.3466231773694357	22.822218427073366
2.446623177369436	23.884361457432018
2.546623177369436	24.948872479194016
2.646623177369436	26.015654789304904
2.746623177369436	27.084622902100893
2.846623177369436	28.15570100857687
2.9466231773694362	29.22882194891583
3.0466231773694363	30.303926298410307
3.1466231773694364	31.380961595153405
3.2466231773694365	32.45988168744114
3.3466231773694366	33.540646163475294
3.4466231773694367	34.623219631833386
3.5466231773694368	35.70757120420055
3.646623177369437	36.79367435967409
3.746623177369437	37.881506333452116
3.846623177369437	38.97104788335256
3.946623177369437	40.06228279126859
4.046623177369437	41.155197671036966
4.146623177369436	42.249781752138695
4.246623177369436	43.34602653461649
4.346623177369436	44.44392555071478
4.446623177369435	45.54347417960167
4.546623177369435	46.64466949229245
4.646623177369435	47.74750995581777
4.746623177369434	48.85199528985357
4.846623177369434	49.958126340316056
4.946623177369434	51.06590490201395
5.046623177369433	52.17533351313636
5.146623177369433	53.28641537489675
5.2466231773694325	54.39915417946875
5.346623177369432	55.51355392918899
5.446623177369432	56.62961886494661
5.5466231773694314	57.74735332856583
5.646623177369431	58.866761588607716
5.746623177369431	59.98784776297761
5.84662317736943	61.11061565895102
5.94662317736943	62.235068682432505
6.04662317736943	63.361209733267614
6.146623177369429	64.4890410421636
6.246623177369429	65.61856406650737
6.346623177369429	66.74977935507435
6.446623177369428	67.88268639035894
6.546623177369428	69.01728351132533
6.6466231773694275	70.15356815755725
6.746623177369427	71.29153635560077
6.846623177369427	72.43118246816391
6.9466231773694265	73.57249932471035
7.046623177369426	74.71547833979388
7.146623177369426	75.8601090399241
7.246623177369425	77.0063790552931
7.346623177369425	78.1542740327433
7.446623177369425	79.30377753970993
7.546623177369424	80.45487095550969
7.646623177369424	81.60753341657173
7.746623177369424	82.76174165439532
7.846623177369423	83.91746992474617
7.946623177369423	85.07468998163584
8.046623177369423	86.23337094287457
8.146623177369422	87.39347922012679
8.246623177369422	88.55497850856108
8.346623177369421	89.71782973582746
8.446623177369421	90.88199099833253
8.54662317736942	92.04741757948588
8.64662317736942	93.21406196645056
8.74662317736942	94.38187389911079
8.84662317736942	95.55080043276752
8.94662317736942	96.72078606872083
9.046623177369419	97.89177294300693
9.146623177369419	99.06370105716387
9.246623177369418	100.23650860290157
9.346623177369418	101.41013175984854
9.446623177369418	102.58450790486911
9.546623177369417	103.75957308472128
9.646623177369417	104.93526671856762
9.746623177369417	106.11127104535741
9.846623177369416	107.28727557660743
9.946623177369416	108.46328010785764
10.046623177369415	109.63928463910753
10.146623177369415	110.81528917035726
10.246623177369415	111.99129370160732
10.346623177369414	113.16729823285738
10.446623177369414	114.34330276410753
10.546623177369414	115.51930729535724
10.646623177369413	116.69531182660774
10.746623177369413	117.87131635785748
10.846623177369413	119.04732088910768
10.946623177369412	120.22332542035745
11.046623177369412	121.39932995160771
11.146623177369412	122.57533448285757
11.246623177369411	123.58688256113929
11.34662317736941	124.56429848106072
11.44662317736941	125.54171440098294
11.54662317736941	126.51913032090546
11.64662317736941	127.49654624082663
11.74662317736941	128.4739621607486
11.846623177369409	129.45137808067062
11.946623177369409	130.42879400059252
12.046623177369408	131.4342152596168
12.146623177369408	132.4406152596169
12.246623177369408	133.4470152596172
12.346623177369407	134.45341525961697
12.446623177369407	135.45981525961713
12.546623177369407	136.466215259617
12.56	136.6008396025715
1000012.56	136.6008396025715
