-100000	0
-0.0029992232610300817	0
0.0003341100723032518	0.01743916742463542
0.0053341100723032515	0.044322161190385644
0.012834110072303251	0.08580636145651943
0.024084110072303253	0.14998977234402278
0.040959110072303254	0.24963250545567067
0.06627161007230326	0.40494655845867317
0.10424036007230325	0.6480942408974635
0.16119348507230324	1.0304762246549921
0.24662317257230326	1.6345199398485681
0.34662317257230324	2.377696071812716
0.4466231725723032	3.152156831588263
0.5466231725723032	3.952845548676167
0.6466231725723032	4.776319550388881
0.7466231725723032	5.620105312105798
0.8466231725723031	6.4823673970368025
0.9466231725723031	7.361734208551849
1.0466231725723032	8.257191368756502
1.1466231725723033	9.166349639922116
1.2466231725723034	10.080940082765263
1.3466231725723035	11.00341237619911
1.4466231725723036	11.934791238512718
1.5466231725723036	12.874366550186997
1.6466231725723037	13.821414764003586
1.7466231725723038	14.77532972748708
1.846623172572304	15.73558626823235
1.946623172572304	16.701729845866797
2.046623172572304	17.67336455720943
2.146623172572304	18.65014333142943
2.246623172572304	19.631760447141428
2.346623172572304	20.617945561426655
2.446623172572304	21.6084582325041
2.5466231725723043	22.603084609913
2.6466231725723044	23.601633973336916
2.7466231725723045	24.60393545542715
2.8466231725723046	25.60983067589399
2.9466231725723047	26.619187854121847
3.0466231725723047	27.631887220466155
3.146623172572305	28.64781747282377
3.246623172572305	29.666882354004485
3.346623172572305	30.688993465015997
3.446623172572305	31.714072619306457
3.546623172572305	32.742050142716785
3.6466231725723053	33.77286357613602
3.7466231725723054	34.80645779732809
3.8466231725723055	35.84278447834964
3.9466231725723055	36.8817997992981
4.046623172572305	37.923467185214804
4.146623172572305	38.96775371085238
4.2466231725723045	40.014631227732295
4.346623172572304	41.06407566666365
4.446623172572304	42.11606657681715
4.546623172572303	43.170586915108295
4.646623172572303	44.227622749981734
4.746623172572303	45.287162844648606
4.846623172572302	46.349198439039654
4.946623172572302	47.41372315015739
5.046623172572302	48.48073248837052
5.146623172572301	49.550223747661725
5.246623172572301	50.6221958263188
5.346623172572301	51.69664901117646
5.4466231725723	52.77358475192
5.5466231725723	53.8530054175797
5.6466231725722995	54.93491420956954
5.746623172572299	56.01931492543031
5.846623172572299	57.10621179745764
5.946623172572298	58.195609375324466
6.046623172572298	59.28751213878467
6.146623172572298	60.38192441817835
6.246623172572297	61.478850487612966
6.346623172572297	62.578294332011595
6.446623172572297	63.6802593972969
6.546623172572296	64.78474841225695
6.646623172572296	65.8917634099481
6.746623172572296	67.0013054536007
6.846623172572295	68.11337531014433
6.946623172572295	69.22796946990248
7.0466231725722945	70.34508620504833
7.146623172572294	71.46472127192526
7.246623172572294	72.58686881179709
7.3466231725722935	73.71152121903182
7.446623172572293	74.83866899692524
7.546623172572293	75.96830067229457
7.646623172572292	77.1004026396958
7.746623172572292	78.23495718733263
7.846623172572292	79.37194653539248
7.946623172572291	80.51135192130214
8.046623172572291	81.65315042165697
8.14662317257229	82.7973165772975
8.24662317257229	83.9438223758422
8.34662317257229	85.09263729547828
8.44662317257229	86.24372818047553
8.54662317257229	87.39705935949333
8.646623172572289	88.55259271649804
8.746623172572288	89.71028777260274
8.846623172572288	90.87010187065708
8.946623172572288	92.03199036837236
9.046623172572287	93.19590778723622
9.146623172572287	94.36180409446682
9.246623172572287	95.52963276821193
9.346623172572286	96.69934576015329
9.446623172572286	97.87089489532937
9.546623172572286	99.04423506949468
9.646623172572285	100.2193342960837
9.746623172572285	101.39533672527418
9.846623172572285	102.57133982399795
9.946623172572284	103.74734308602633
10.046623172572284	104.92334633486765
10.146623172572284	106.09934976671434
10.246623172572283	107.275353354464
10.346623172572283	108.45135690356139
10.446623172572282	109.62736064733863
10.546623172572282	110.80336455928204
10.646623172572282	111.97936840371497
10.746623172572281	113.15537244544576
10.846623172572281	114.33137658548682
10.94662317257228	115.50738083412398
11.04662317257228	116.68338521393233
11.14662317257228	117.85938962142806
11.24662317257228	118.87093775355766
11.34662317257228	119.84835365144302
11.446623172572279	120.82576952871317
11.546623172572279	121.80318545597548
11.646623172572278	122.78060138323771
11.746623172572278	123.75801731050018
11.846623172572277	124.73543323776252
11.946623172572277	125.7128491650249
12.046623172572277	126.71827042455163
12.146623172572276	127.72467041647603
12.246623172572276	128.73107040839926
12.346623172572276	129.73747040032254
12.446623172572275	130.74387039224635
12.546623172572275	131.75027040873573
12.56	131.88489483582057
1000012.56	131.88489483582057
