-179769313486231570000000000000000000000000000000000000000000000000000000000000000000000000000000000000000000000000000000000000000000000000000000000000000000000000000000000000000000000000000000000000000000000000000000000000000000000000000000000000000000000000000000000000000000000000000000000000000000000000000	0
-0.000000000000000951486320422639	0
0.003333333333332382	0.017467841499617994
0.008333333333332383	0.06141945054003063
0.01583333333333238	0.12826375124693
0.02708333333333238	0.23061500376351338
0.04395833333333238	0.3883065539302495
0.06927083333333238	0.6325610537987558
0.10723958333333239	1.0132754707689062
0.16419270833333238	1.610511700997446
0.2496223958333324	2.553468084022965
0.34962239583333243	3.8441394737673273
0.4496223958333324	5.300829564990181
0.5496223958333324	6.814173413549618
0.6496223958333324	8.374495207863957
0.7496223958333323	9.974521079505283
0.8496223958333323	11.608544622144011
0.9496223958333323	13.271878825236158
1.0496223958333324	14.960682785928306
1.1496223958333325	16.671831084874675
1.2496223958333326	18.403792508717057
1.3496223958333327	20.155002894050735
1.4496223958333327	21.923347354841674
1.5496223958333328	23.707635830188494
1.649622395833333	25.506882584719307
1.749622395833333	27.32021912401872
1.849622395833333	29.14682256781929
1.9496223958333332	30.98600178474067
2.049622395833333	32.83705865631804
2.149622395833333	34.69939587495475
2.2496223958333332	36.57247168736449
2.3496223958333333	38.45565647764423
2.4496223958333334	40.34836240442412
2.5496223958333335	42.2500827613053
2.6496223958333336	44.160607877120455
2.7496223958333337	46.079566749239916
2.8496223958333338	48.00647953937919
2.949622395833334	49.94118299339833
3.049622395833334	51.883373481494964
3.149622395833334	53.832726875736185
3.249622395833334	55.78905543923583
3.349622395833334	57.75210861955031
3.4496223958333343	59.72171708171686
3.5496223958333344	61.69771530236234
3.6496223958333345	63.679946608941556
3.7496223958333346	65.66832293247785
3.8496223958333347	67.66272826694652
3.9496223958333347	69.66305230823076
4.049622395833334	71.66922762758698
4.149622395833334	73.68119749686305
4.249622395833334	75.69889086063309
4.349622395833333	77.72224043950746
4.449622395833333	79.75121513295056
4.549622395833333	81.78582708867665
4.649622395833332	83.82610665856869
4.749622395833332	85.87207159971854
4.8496223958333315	87.9237306670001
4.949622395833331	89.98111651860897
5.049622395833331	92.04428875069141
5.1496223958333305	94.11324339944935
5.24962239583333	96.18791646436225
5.34962239583333	98.26830865884708
5.449622395833329	100.35456008448035
5.549622395833329	102.44684894484406
5.649622395833329	104.54517309906953
5.749622395833328	106.64950713920189
5.849622395833328	108.76000143211719
5.949622395833328	110.87668089825216
6.049622395833327	112.99955445123382
6.149622395833327	115.12879328535102
6.249622395833327	117.26437816316691
6.349622395833326	119.40634944237172
6.449622395833326	121.5548667489041
6.5496223958333255	123.7099155470463
6.649622395833325	125.87155308505807
6.749622395833325	128.03981304167522
6.849622395833324	130.21477239339015
6.949622395833324	132.39652650654799
7.049622395833324	134.58501857758856
7.149622395833323	136.78021372116615
7.249622395833323	138.98219988698975
7.349622395833323	141.1909764473898
7.449622395833322	143.40645987495805
7.549622395833322	145.62872318142746
7.649622395833322	147.85781649682087
7.749622395833321	150.0935937485841
7.849622395833321	152.33591937024534
7.9496223958333205	154.5848552130016
8.049622395833321	156.84051071794119
8.14962239583332	159.1027238217323
8.24962239583332	161.37134894637907
8.34962239583332	163.6463440685561
8.44962239583332	165.9275440990729
8.54962239583332	168.21491553420142
8.649622395833319	170.50832772803653
8.749622395833319	172.80762209201495
8.849622395833318	175.1126717061929
8.949622395833318	177.42324237247018
9.049622395833318	179.73913488303256
9.149622395833317	182.0602096339711
9.249622395833317	184.386188153526
9.349622395833316	186.7168321825561
9.449622395833316	189.05199507604777
9.549622395833316	191.39140531229447
9.649622395833315	193.7347577336455
9.749622395833315	196.08101970637844
9.849622395833315	198.42829969102468
9.949622395833314	200.77557969102463
10.049622395833314	203.1228596910246
10.149622395833314	205.47013969102454
10.249622395833313	207.8174196910245
10.349622395833313	210.16469969102445
10.449622395833313	212.5119796910244
10.549622395833312	214.85925969102436
10.649622395833312	217.20653969102432
10.749622395833311	219.55381969102427
10.849622395833311	221.90109969102423
10.94962239583331	224.24837969102418
11.04962239583331	226.59565969102414
11.14962239583331	228.9429396910241
11.24962239583331	231.12168056706577
11.34962239583331	233.10358144310746
11.449622395833309	235.05718144310745
11.549622395833309	237.01078144310745
11.649622395833308	238.96438144310744
11.749622395833308	240.91798144310744
11.849622395833308	242.87158144310743
11.949622395833307	244.82518144310743
12.049622395833307	246.80826967227406
12.149622395833306	248.8209579014407
12.249622395833306	250.83375790144066
12.349622395833306	252.84655790144063
12.449622395833305	254.8593579014406
12.549622395833305	256.8721579014406
12.56	258.0874383181078
179769313486231570000000000000000000000000000000000000000000000000000000000000000000000000000000000000000000000000000000000000000000000000000000000000000000000000000000000000000000000000000000000000000000000000000000000000000000000000000000000000000000000000000000000000000000000000000000000000000000000000000	258.296318734775
