-179769313486231570000000000000000000000000000000000000000000000000000000000000000000000000000000000000000000000000000000000000000000000000000000000000000000000000000000000000000000000000000000000000000000000000000000000000000000000000000000000000000000000000000000000000000000000000000000000000000000000000000	0
5.868642227621914	0
5.871975560955247	0.00008153228366260273
5.87530889428858	0.0002354910025317954
5.8803088942885795	0.0005972127943456151
5.88780889428858	0.0014340588374638832
5.89905889428858	0.0033514204517850216
5.91593389428858	0.007717819929281258
5.94124639428858	0.017623037751030336
5.97921514428858	0.03962506816675135
6.03616826928858	0.08804042411066418
6.12159795678858	0.1928763309382555
6.22159795678858	0.3602979946575057
6.32159795678858	0.5714036716007259
6.421597956788579	0.8223888093889301
6.521597956788579	1.1100502575291886
6.6215979567885785	1.4319157590967428
6.721597956788578	1.7859601652570656
6.821597956788578	2.1701490720034373
6.9215979567885775	2.5827387780597486
7.021597956788577	3.0222077460381525
7.121597956788577	3.487107846689875
7.221597956788576	3.9762046520647565
7.321597956788576	4.4883391164211766
7.421597956788576	5.022480512360824
7.521597956788575	5.57757518848669
7.621597956788575	6.152629379457056
7.721597956788575	6.746762592117546
7.821597956788574	7.359155669138747
7.921597956788574	7.988925001886515
8.021597956788574	8.635509069856294
8.121597956788573	9.297986283117744
8.221597956788573	9.975888476100323
8.321597956788573	10.668376034702597
8.421597956788572	11.375082321312158
8.521597956788572	12.09530259650335
8.621597956788571	12.828399776753994
8.721597956788571	13.573846297045616
8.82159795678857	14.331272427438698
8.92159795678857	15.100232467735934
9.02159795678857	15.880201765642461
9.12159795678857	16.67095346850652
9.22159795678857	17.471925489806363
9.321597956788569	18.282994517962994
9.421597956788569	19.103644385090263
9.521597956788568	19.93384571820509
9.621597956788568	20.773232649309744
9.721597956788568	21.621558440822533
9.821597956788567	22.478591678595023
9.921597956788567	23.34409835520308
10.021597956788566	24.21783533188119
10.121597956788566	25.099648918365883
10.221597956788566	25.989258049636362
10.321597956788565	26.886438750936588
10.421597956788565	27.79097796823565
10.521597956788565	28.702650298740913
10.621597956788564	29.621271792544373
10.721597956788564	30.546593229288483
10.821597956788564	31.478358772201705
10.921597956788563	32.41638112418086
11.021597956788563	33.360399352953245
11.121597956788563	34.31015985704821
11.221597956788562	35.265461144806
11.321597956788562	36.2260097666454
11.421597956788561	37.19156114979163
11.521597956788561	38.161873417083314
11.62159795678856	39.13662932536445
11.72159795678856	40.11559788001618
11.82159795678856	41.09848301622489
11.92159795678856	42.08495452215172
12.02159795678856	43.07479839641933
12.121597956788559	44.06765744666656
12.221597956788559	45.06321143235339
12.321597956788558	46.06113847061853
12.421597956788558	47.061120106155904
12.521597956788558	48.06281733666358
12.621597956788557	49.06588600666222
12.721597956788557	50.069947560477615
12.821597956788557	50.47289380437456
12.921597956788556	50.80589380432008
13.021597956788556	51.1388938042656
13.121597956788555	51.47189380421112
13.221597956788555	51.80489380415664
13.321597956788555	52.13789380410216
13.421597956788554	52.470893804047684
13.521597956788554	52.803893803993205
13.621597956788554	53.136893803938726
13.721597956788553	53.46989380388425
13.821597956788553	53.80289380382977
13.921597956788553	54.13589380377529
14.021597956788552	54.46889380372081
14.121597956788552	54.80189380366633
14.221597956788552	55.13489380361185
14.321597956788551	55.467893803557374
14.42159795678855	55.800893803502895
14.52159795678855	56.133893803448416
14.62159795678855	56.46689380339394
14.72159795678855	56.79989380333946
14.82159795678855	57.13289380328498
14.921597956788549	57.4658938032305
15.021597956788549	57.79889380317602
15.121597956788548	58.13189380312154
15.221597956788548	58.46489380306706
15.321597956788548	58.797893803012585
15.421597956788547	59.130893802958106
15.521597956788547	59.46389380290363
15.621597956788547	59.79689380284915
15.721597956788546	60.12989380279467
15.821597956788546	60.46289380274019
15.921597956788546	60.79589380268571
16.021597956788547	61.12889380263123
16.12159795678855	61.46189380257675
16.22159795678855	61.794893802522274
16.32159795678855	62.127893802467796
16.421597956788553	62.46089380241332
16.521597956788554	62.79389380235884
16.621597956788555	63.12689380230436
16.721597956788557	63.45989380224988
16.82159795678856	63.7928938021954
16.92159795678856	64.12589380214092
17.02159795678856	64.45889380208645
17.121597956788563	64.79189380203198
17.221597956788564	65.1248938019775
17.321597956788565	65.45789380192303
17.421597956788567	65.79089380186856
17.52159795678857	66.12389380181409
17.62159795678857	66.45689380175962
17.72159795678857	66.78989380170515
17.821597956788573	67.12289380165068
17.921597956788574	67.4558938015962
18.021597956788575	67.78889380154173
18.121597956788577	68.12189380148726
18.221597956788578	68.45489380143279
18.32159795678858	68.78789380137832
18.42159795678858	69.12089380132385
18.521597956788582	69.45389380126937
18.621597956788584	69.7868938012149
18.721597956788585	70.11989380116043
18.821597956788587	70.45289380110596
18.921597956788588	70.78589380105149
19.02159795678859	71.11889380099701
19.12159795678859	71.45189380094254
19.221597956788592	71.78489380088807
19.321597956788594	72.1178938008336
19.421597956788595	72.45089380077913
19.521597956788597	72.78389380072466
19.621597956788598	73.11689380067018
19.7215979567886	73.44989380061571
19.8215979567886	73.78289380056124
19.921597956788602	74.11589380050677
20.021597956788604	74.4488938004523
20.121597956788605	74.78189380039782
20.221597956788607	75.11489380034335
20.321597956788608	75.44789380028888
20.42159795678861	75.78089380023441
20.52159795678861	76.11389380017994
20.621597956788612	76.44689380012547
20.721597956788614	76.779893800071
20.821597956788615	77.11289380001652
20.921597956788617	77.44589379996205
21.021597956788618	77.77889379990758
21.12159795678862	78.1118937998531
21.22159795678862	78.44489379979863
21.321597956788622	78.77789379974416
21.421597956788624	79.11089379968969
21.521597956788625	79.44389379963522
21.621597956788627	79.77689379958075
21.721597956788628	80.10989379952628
21.82159795678863	80.4428937994718
21.92159795678863	80.77589379941733
22.021597956788632	81.10889379936286
22.121597956788634	81.44189379930839
22.221597956788635	81.77489379925392
22.321597956788636	82.10789379919945
22.421597956788638	82.44089379914497
22.52159795678864	82.7738937990905
22.62159795678864	83.10689379903603
22.721597956788642	83.43989379898156
22.821597956788644	83.77289379892709
22.921597956788645	84.10589379887261
23.021597956788646	84.43889379881814
23.121597956788648	84.77189379876367
23.22159795678865	85.1048937987092
23.32159795678865	85.43789379865473
23.421597956788652	85.77089379860026
23.45	85.96005140635688
179769313486231570000000000000000000000000000000000000000000000000000000000000000000000000000000000000000000000000000000000000000000000000000000000000000000000000000000000000000000000000000000000000000000000000000000000000000000000000000000000000000000000000000000000000000000000000000000000000000000000000000	85.96005140635688
