-100000	0
0.06670184313868965	0
0.07003517647202298	0.0000034482118384222513
0.07503517647202299	0.00004076842314716978
0.08253517647202299	0.00022220682553810797
0.09378517647202299	0.0009016917089086759
0.11066017647202299	0.003150462475321035
0.135972676472023	0.01001232643119582
0.173941426472023	0.028690920280009687
0.23089455147202298	0.06892492850413048
0.316324238972023	0.14719686650732514
0.416324238972023	0.2584230732106806
0.516324238972023	0.385497276150662
0.6163242389720229	0.5249591479180333
0.7163242389720229	0.674359828962588
0.8163242389720229	0.8318164668335906
0.9163242389720229	0.995802615313613
1.0163242389720228	1.1650355180673937
1.116324238972023	1.3384064015166195
1.216324238972023	1.5149409460132388
1.316324238972023	1.6937672724244783
1.4163242389720232	1.874091033679068
1.5163242389720233	2.0552252648634517
1.6163242389720234	2.236489534548666
1.7163242389720235	2.417295122145408
1.8163242389720236	2.5970950013939516
1.9163242389720236	2.7753890832012114
2.0163242389720235	2.951722551453055
2.1163242389720236	3.125685409038257
2.2163242389720237	3.2969121548747884
2.3163242389720238	3.4650833465073023
2.416324238972024	3.629927589239006
2.516324238972024	3.7912250146586453
2.616324238972024	3.9488119732844846
2.716324238972024	4.1025896931561885
2.816324238972024	4.252884391099921
2.9163242389720243	4.40015371465201
3.0163242389720244	4.544509573442123
3.1163242389720245	4.686249153343196
3.2163242389720246	4.825826157406495
3.3163242389720247	4.963822173426814
3.4163242389720248	5.100931239593965
3.516324238972025	5.237951530531159
3.616324238972025	5.3757771191300705
3.716324238972025	5.5154033486283485
3.816324238972025	5.65792838771309
3.916324238972025	5.804554048454624
4.016324238972025	5.956589968661516
4.116324238972025	6.11546124331009
4.216324238972025	6.282713027471894
4.316324238972024	6.460013986104506
4.416324238972024	6.649160126618212
4.5163242389720235	6.852074089263741
4.616324238972023	7.070788050626124
4.716324238972023	7.307326832508242
4.816324238972022	7.563161301763073
4.916324238972022	7.841191754338139
5.016324238972022	8.143030031778439
5.116324238972021	8.471762201260377
5.216324238972021	8.828173863354406
5.316324238972021	9.21498423546006
5.41632423897202	9.636756699854804
5.51632423897202	10.093672504143795
5.61632423897202	10.584116356345818
5.716324238972019	11.106268219862445
5.816324238972019	11.65833000828028
5.9163242389720185	12.238626246708446
6.016324238972018	12.845621380784694
6.116324238972018	13.47791393653384
6.2163242389720175	14.134234477306718
6.316324238972017	14.813400005427148
6.416324238972017	15.514341367612705
6.516324238972016	16.236037403162396
6.616324238972016	16.97756372660184
6.716324238972016	17.738034841603497
6.816324238972015	18.5166163101709
6.916324238972015	19.31251281382205
7.016324238972015	20.12497801110469
7.116324238972014	20.953297518897664
7.216324238972014	21.79677580449364
7.316324238972014	22.65475390791842
7.416324238972013	23.52659054792524
7.516324238972013	24.411663812110284
7.6163242389720125	25.309378269816097
7.716324238972012	26.219163010749977
7.816324238972012	27.140445138937068
7.916324238972011	28.07269467412431
8.016324238972011	29.015378388213044
8.11632423897201	29.967979300669526
8.21632423897201	30.930022211924378
8.31632423897201	31.90101928035686
8.41632423897201	32.880504538063285
8.51632423897201	33.86804796511018
8.616324238972009	34.86321845381164
8.716324238972009	35.86560309019989
8.816324238972008	36.874805611241364
8.916324238972008	37.89046643608657
9.016324238972008	38.91222175606798
9.116324238972007	39.93973446104755
9.216324238972007	40.97268655464253
9.316324238972006	42.01077923196843
9.416324238972006	43.053733209164584
9.516324238972006	44.101288219371504
9.616324238972005	45.15320866457348
9.716324238972005	46.20896192365583
9.816324238972005	47.26743202527461
9.916324238972004	48.328458298501715
10.016324238972004	49.391992465996395
10.116324238972004	50.457957305137825
10.216324238972003	51.526291731280175
10.316324238972003	52.59692393245071
10.416324238972003	53.66978945988994
10.516324238972002	54.744815500738596
10.616324238972002	55.82193470845928
10.716324238972001	56.9010735941113
10.816324238972001	57.98215953151684
10.916324238972	59.06511575761113
11.016324238972	60.14987477649744
11.116324238972	61.23634865781881
11.216324238972	62.324458122998
11.316324238972	63.414128602152395
11.416324238971999	64.50526173658444
11.516324238971999	65.597778770642
11.616324238971998	66.69158118199024
11.716324238971998	67.78657082935594
11.816324238971998	68.8826451305454
11.916324238971997	69.97970140043304
12.016324238971997	71.07762473568917
12.116324238971997	72.17629474761581
12.216324238971996	73.27557874840289
12.316324238971996	74.37534789324741
12.416324238971995	75.47546826676944
12.516324238971995	76.57584266642338
12.616324238971995	77.67646334264919
12.655774909423526	78.05298415430946
1000012.6557749094	78.05298415430946
