-179769313486231570000000000000000000000000000000000000000000000000000000000000000000000000000000000000000000000000000000000000000000000000000000000000000000000000000000000000000000000000000000000000000000000000000000000000000000000000000000000000000000000000000000000000000000000000000000000000000000000000000	0
-0.0000000000000009645592853376744	0
0.003333333333332369	0.013798194372614514
0.008333333333332369	0.04855739763315217
0.015833333333332367	0.10154794163163003
0.027083333333332366	0.18293310301785837
0.043958333333332364	0.3089475514976604
0.06927083333333237	0.5055232007581981
0.10723958333333236	0.8146689941315127
0.16419270833333238	1.304975324551135
0.2496223958333324	2.088917942961122
0.34962239583333243	3.1751874351097964
0.4496223958333324	4.414994981430244
0.5496223958333324	5.715089140702982
0.6496223958333324	7.065558006611172
0.7496223958333323	8.458969779455145
0.8496223958333323	9.889502493454605
0.9496223958333323	11.35230716927031
1.0496223958333324	12.843386363882843
1.1496223958333325	14.35957721606729
1.2496223958333326	15.89856166031112
1.3496223958333327	17.4578596636893
1.4496223958333327	19.035245932626545
1.5496223958333328	20.629462246558198
1.649622395833333	22.239382822602124
1.749622395833333	23.86403532408012
1.849622395833333	25.502522409122456
1.9496223958333332	27.153966042504948
2.049622395833333	28.817509200897504
2.149622395833333	30.492586143186834
2.2496223958333332	32.17863452511483
2.3496223958333333	33.874973072375774
2.4496223958333334	35.581067946642165
2.5496223958333335	37.296366328454674
2.6496223958333336	39.02052140159484
2.7496223958333337	40.75328669219431
2.8496223958333338	42.494205106730604
2.949622395833334	44.243005662578966
3.049622395833334	45.99952042816644
3.149622395833334	47.763441897381924
3.249622395833334	49.53458524979215
3.349622395833334	51.31278524786639
3.4496223958333343	53.097883153857
3.5496223958333344	54.88982354541973
3.6496223958333345	56.68852975959234
3.7496223958333346	58.49391809847084
3.8496223958333347	60.30597605166141
3.9496223958333347	62.12472513811006
4.049622395833334	63.950146050828344
4.149622395833334	65.78219899199968
4.249622395833334	67.62090655017157
4.349622395833333	69.46638220859978
4.449622395833333	71.31878234141793
4.549622395833333	73.17814699948423
4.649622395833332	75.04443162074999
4.749622395833332	76.91773449524743
4.8496223958333315	78.79831192256343
4.949622395833331	80.68629211352642
5.049622395833331	82.58164651772589
5.1496223958333305	84.48460675199993
5.24962239583333	86.39543380122488
5.34962239583333	88.31409362964956
5.449622395833329	90.24076109233056
5.549622395833329	92.17564780767057
5.649622395833329	94.11879317639655
5.749622395833328	96.07054041839463
5.849622395833328	98.03107774869073
5.949622395833328	100.00033468074449
6.049622395833327	101.97860745527538
6.149622395833327	103.96612829108535
6.249622395833327	105.96288287971439
6.349622395833326	107.96906218866503
6.449622395833326	109.98487671072517
6.5496223958333255	112.01041811784229
6.649622395833325	114.04584403762267
6.749622395833325	116.09133990292092
6.849622395833324	118.1470311822994
6.949622395833324	120.21311959909612
7.049622395833324	122.2897238487244
7.149622395833323	124.37689745106387
7.249622395833323	126.47474305369317
7.349622395833323	128.58322821973567
7.449622395833322	130.70239415792187
7.549622395833322	132.83236817059324
7.649622395833322	134.9732135644438
7.749622395833321	137.1249370255313
7.849622395833321	139.28749100977086
7.9496223958333205	141.46088499078022
8.049622395833321	143.64518711897475
8.14962239583332	145.84030537271968
8.24962239583332	148.0461108092678
8.34962239583332	150.2626200338762
8.44962239583332	152.4896648738243
8.54962239583332	154.72719233776334
8.649622395833319	156.97509548858858
8.749622395833319	159.23315783874096
8.849622395833318	161.5012438985421
8.949622395833318	163.77905359512408
9.049622395833318	166.06628956442623
9.149622395833317	168.3629671082227
9.249622395833317	170.66895299644088
9.349622395833316	172.98378715229424
9.449622395833316	175.30714265839546
9.549622395833316	177.63870432791643
9.649622395833315	179.97814651741083
9.749622395833315	182.32343212314996
9.849622395833315	184.67071209405884
9.949622395833314	187.0179920940588
10.049622395833314	189.36527209405875
10.149622395833314	191.7125520940587
10.249622395833313	194.05983209405866
10.349622395833313	196.40711209405862
10.449622395833313	198.75439209405857
10.549622395833312	201.10167209405853
10.649622395833312	203.44895209405848
10.749622395833311	205.79623209405844
10.849622395833311	208.1435120940584
10.94962239583331	210.49079209405835
11.04962239583331	212.8380720940583
11.14962239583331	215.18535209405826
11.24962239583331	217.35110405265203
11.34962239583331	219.30484601124581
11.449622395833309	221.22810601124579
11.549622395833309	223.15136601124576
11.649622395833308	225.07462601124573
11.749622395833308	226.9978860112457
11.849622395833308	228.92114601124567
11.949622395833307	230.84440601124564
12.049622395833307	232.797551943503
12.149622395833306	234.7806970862867
12.249622395833306	236.7639555073393
12.349622395833306	238.7472139283919
12.449622395833305	240.73047234944448
12.549622395833305	242.71373077049708
12.56	243.91117468956287
179769313486231570000000000000000000000000000000000000000000000000000000000000000000000000000000000000000000000000000000000000000000000000000000000000000000000000000000000000000000000000000000000000000000000000000000000000000000000000000000000000000000000000000000000000000000000000000000000000000000000000000	244.11698939810236
