-179769313486231570000000000000000000000000000000000000000000000000000000000000000000000000000000000000000000000000000000000000000000000000000000000000000000000000000000000000000000000000000000000000000000000000000000000000000000000000000000000000000000000000000000000000000000000000000000000000000000000000000	0
5.8686417699555875	0
5.8719751032889205	0.0000815321475946088
5.875308436622253	0.00023549087002311034
5.880308436622253	0.0005972126671706848
5.887808436622254	0.0014340587182777784
5.899058436622254	0.0033514203445555984
5.915933436622254	0.007717819951543853
5.941245936622254	0.017623039396337123
5.979214686622254	0.039625073904432026
6.036167811622254	0.08804043760338115
6.121597499122254	0.19287636215629866
6.221597499122254	0.36029805622746425
6.321597499122253	0.5714037716316613
6.421597499122253	0.8223889555862436
6.521597499122253	1.1100504547145893
6.621597499122252	1.4319160132174256
6.721597499122252	1.7859604818740378
6.821597499122252	2.17014945349375
6.921597499122251	2.5827392278143746
7.021597499122251	3.022208268537285
7.121597499122251	3.487108444076843
7.22159749912225	3.9762053274652276
7.32159749912225	4.4883398727206085
7.4215974991222495	5.0224813518776905
7.521597499122249	5.577576113569871
7.621597499122249	6.15263039255961
7.7215974991222485	6.7467636937707365
7.821597499122248	7.3591568602639725
7.921597499122248	7.988926285169438
8.021597499122247	8.635510445644616
8.121597499122247	9.297987753051231
8.221597499122247	9.975890041012912
8.321597499122246	10.66837769549446
8.421597499122246	11.375084078401175
8.521597499122246	12.095304450998153
8.621597499122245	12.828401730144957
8.721597499122245	13.573848347474975
8.821597499122245	14.331274577611827
8.921597499122244	15.10023471622659
9.021597499122244	15.880204114097928
9.121597499122243	16.670955916409373
9.221597499122243	17.471928037458262
9.321597499122243	18.28299716564633
9.421597499122242	19.10364713211953
9.521597499122242	19.933848564632232
9.621597499122242	20.77323559457913
9.721597499122241	21.62156148472154
9.821597499122241	22.478594821918865
9.92159749912224	23.344101595896763
10.02159749912224	24.217838670474382
10.12159749912224	25.09965235373676
10.22159749912224	25.989261581611277
10.32159749912224	26.886442379661734
10.421597499122239	27.790981693472933
10.521597499122239	28.702654121100345
10.621597499122238	29.621275712390563
10.721597499122238	30.546597246351393
10.821597499122237	31.47836288600842
10.921597499122237	32.41638533430987
11.021597499122237	33.360403659106964
11.121597499122236	34.310164258635965
11.221597499122236	35.26546564143677
11.321597499122236	36.226014355649674
11.421597499122235	37.19156582904319
11.521597499122235	38.161878186346996
11.621597499122235	39.136634184377314
11.721597499122234	40.115602828420585
11.821597499122234	41.098488053895665
11.921597499122234	42.08495964896831
12.021597499122233	43.074803612079585
12.121597499122233	44.06766275114308
12.221597499122232	45.06321682582111
12.321597499122232	46.061143953361146
12.421597499122232	47.06112567853185
12.521597499122231	48.0628229991634
12.621597499122231	49.06589176004298
12.72159749912223	50.069953406529315
12.82159749912223	50.47290258337436
12.92159749912223	50.805902583424654
13.02159749912223	51.138902583474945
13.12159749912223	51.471902583525235
13.221597499122229	51.804902583575526
13.321597499122229	52.13790258362582
13.421597499122228	52.47090258367611
13.521597499122228	52.8039025837264
13.621597499122228	53.13690258377669
13.721597499122227	53.46990258382698
13.821597499122227	53.80290258387727
13.921597499122226	54.13590258392756
14.021597499122226	54.46890258397785
14.121597499122226	54.80190258402814
14.221597499122225	55.13490258407843
14.321597499122225	55.46790258412872
14.421597499122225	55.80090258417901
14.521597499122224	56.133902584229304
14.621597499122224	56.466902584279595
14.721597499122224	56.799902584329885
14.821597499122223	57.132902584380176
14.921597499122223	57.46590258443047
15.021597499122223	57.79890258448076
15.121597499122222	58.13190258453105
15.221597499122222	58.46490258458134
15.321597499122221	58.79790258463163
15.421597499122221	59.13090258468192
15.52159749912222	59.46390258473221
15.62159749912222	59.7969025847825
15.72159749912222	60.12990258483279
15.82159749912222	60.46290258488308
15.92159749912222	60.79590258493337
16.02159749912222	61.12890258498366
16.12159749912222	61.46190258503396
16.221597499122222	61.79490258508426
16.321597499122223	62.12790258513456
16.421597499122225	62.460902585184854
16.521597499122226	62.79390258523515
16.621597499122228	63.12690258528545
16.72159749912223	63.45990258533575
16.82159749912223	63.792902585386045
16.92159749912223	64.12590258543635
17.021597499122233	64.45890258548665
17.121597499122235	64.79190258553696
17.221597499122236	65.12490258558726
17.321597499122237	65.45790258563757
17.42159749912224	65.79090258568787
17.52159749912224	66.12390258573818
17.62159749912224	66.45690258578848
17.721597499122243	66.78990258583879
17.821597499122245	67.1229025858891
17.921597499122246	67.4559025859394
18.021597499122247	67.7889025859897
18.12159749912225	68.12190258604001
18.22159749912225	68.45490258609031
18.32159749912225	68.78790258614062
18.421597499122253	69.12090258619092
18.521597499122255	69.45390258624123
18.621597499122256	69.78690258629153
18.721597499122257	70.11990258634184
18.82159749912226	70.45290258639214
18.92159749912226	70.78590258644245
19.02159749912226	71.11890258649275
19.121597499122263	71.45190258654306
19.221597499122264	71.78490258659336
19.321597499122266	72.11790258664367
19.421597499122267	72.45090258669397
19.52159749912227	72.78390258674428
19.62159749912227	73.11690258679458
19.72159749912227	73.44990258684489
19.821597499122273	73.78290258689519
19.921597499122274	74.1159025869455
20.021597499122276	74.4489025869958
20.121597499122277	74.7819025870461
20.22159749912228	75.11490258709641
20.32159749912228	75.44790258714671
20.42159749912228	75.78090258719702
20.521597499122283	76.11390258724732
20.621597499122284	76.44690258729763
20.721597499122286	76.77990258734793
20.821597499122287	77.11290258739824
20.92159749912229	77.44590258744854
21.02159749912229	77.77890258749885
21.12159749912229	78.11190258754915
21.221597499122293	78.44490258759946
21.321597499122294	78.77790258764976
21.421597499122296	79.11090258770007
21.521597499122297	79.44390258775037
21.6215974991223	79.77690258780068
21.7215974991223	80.10990258785098
21.8215974991223	80.44290258790129
21.921597499122303	80.77590258795159
22.021597499122304	81.1089025880019
22.121597499122306	81.4419025880522
22.221597499122307	81.7749025881025
22.32159749912231	82.10790258815281
22.42159749912231	82.44090258820312
22.52159749912231	82.77390258825342
22.621597499122313	83.10690258830373
22.721597499122314	83.43990258835403
22.821597499122316	83.77290258840434
22.921597499122317	84.10590258845464
23.02159749912232	84.43890258850494
23.12159749912232	84.77190258855525
23.22159749912232	85.10490258860555
23.321597499122323	85.43790258865586
23.421597499122324	85.77090258870616
23.45	85.96006324458006
179769313486231570000000000000000000000000000000000000000000000000000000000000000000000000000000000000000000000000000000000000000000000000000000000000000000000000000000000000000000000000000000000000000000000000000000000000000000000000000000000000000000000000000000000000000000000000000000000000000000000000000	85.96006324458006
