-179769313486231570000000000000000000000000000000000000000000000000000000000000000000000000000000000000000000000000000000000000000000000000000000000000000000000000000000000000000000000000000000000000000000000000000000000000000000000000000000000000000000000000000000000000000000000000000000000000000000000000000	0
-0.0000000000000009732745952810316	0
0.0033333333333323604	0.011472924460951451
0.006666666666665694	0.023078049769621498
0.011666666666665694	0.04073122971734826
0.019166666666665694	0.06775793975816649
0.030416666666665693	0.10952175316038576
0.04729166666666569	0.1746018985680458
0.07260416666666569	0.2769327733855298
0.11057291666666569	0.4395051425436419
0.16752604166666568	0.7003525415791754
0.2529557291666657	1.1227788299384853
0.35295572916666573	1.655702699217251
0.4529557291666657	2.2221518021010045
0.5529557291666657	2.816454310904614
0.6529557291666657	3.4344560252461784
0.7529557291666656	4.072900472361296
0.8529557291666656	4.729206829710014
0.9529557291666656	5.401155005006158
1.0529557291666656	6.086939936668006
1.1529557291666657	6.7850157849311
1.2529557291666658	7.494260752376086
1.3529557291666658	8.213092811180132
1.452955729166666	8.9407827210299
1.552955729166666	9.676693128767077
1.652955729166666	10.420319870718266
1.7529557291666662	11.171214064955
1.8529557291666663	11.92887552574868
1.9529557291666664	12.692854395276406
2.0529557291666665	13.462673600764495
2.1529557291666666	14.238215717143197
2.2529557291666666	15.019053888838005
2.3529557291666667	15.80490984295677
2.452955729166667	16.595534378638916
2.552955729166667	17.390651746761424
2.652955729166667	18.190125572695134
2.752955729166667	18.993747749965767
2.852955729166667	19.80136797810294
2.9529557291666673	20.61287873215095
3.0529557291666674	21.428216180964494
3.1529557291666674	22.247208744479657
3.2529557291666675	23.069846518910758
3.3529557291666676	23.89603570093147
3.4529557291666677	24.725729531724614
3.552955729166668	25.55892373050567
3.652955729166668	26.395614045962898
3.752955729166668	27.2358033234476
3.852955729166668	28.07951309639298
3.952955729166668	28.926769354458305
4.052955729166668	29.77759577399205
4.152955729166668	30.63200848425898
4.2529557291666675	31.490044798682685
4.352955729166667	32.35176292878227
4.452955729166667	33.21734098427937
4.5529557291666665	34.086801599325575
4.652955729166666	34.96014101345161
4.752955729166666	35.83745142280923
4.852955729166665	36.71893369945526
4.952955729166665	37.604685802423774
5.052955729166665	38.494677033098974
5.152955729166664	39.389052220597954
5.252955729166664	40.287982889829635
5.352955729166664	41.191514948104185
5.452955729166663	42.09982965991862
5.552955729166663	43.013102040287365
5.652955729166663	43.93132973055423
5.752955729166662	44.854677303181376
5.852955729166662	45.783234310480246
5.9529557291666615	46.71716813721617
6.052955729166661	47.65658622942182
6.152955729166661	48.6016215447496
6.25295572916666	49.55232078272386
6.35295572916666	50.50882640677073
6.45295572916666	51.471229064624445
6.552955729166659	52.43966250700743
6.652955729166659	53.41428018691855
6.752955729166659	54.39515598892782
6.852955729166658	55.382388512142086
6.952955729166658	56.37610271155555
7.052955729166658	57.376380914035046
7.152955729166657	58.383332239487565
7.252955729166657	59.39702197257846
7.3529557291666565	60.41749469066185
7.452955729166656	61.44471589467565
7.552955729166656	62.47884540708881
7.6529557291666555	63.51996673847325
7.752955729166655	64.56809259338301
7.852955729166655	65.62328092618195
7.952955729166654	66.68546975279949
8.052955729166655	67.75459083372975
8.152955729166655	68.83072858454979
8.252955729166654	69.9138544248023
8.352955729166654	71.0038414291839
8.452955729166653	72.10057108656164
8.552955729166653	73.20409826022704
8.652955729166653	74.31441401580084
8.752955729166652	75.4313547270661
8.852955729166652	76.55485942922364
8.952955729166652	77.68479895573961
9.052955729166651	78.8210912633513
9.152955729166651	79.96355757189275
9.25295572916665	81.1119540536984
9.35295572916665	82.26614992432451
9.45295572916665	83.42589468929462
9.55295572916665	84.59119837288003
9.65295572916665	85.76179407318958
9.752955729166649	86.93496957233432
9.852955729166649	88.10824353300002
9.952955729166648	89.28163383300776
10.052955729166648	90.45512438560053
10.152955729166647	91.62871627833533
10.252955729166647	92.80238922373219
10.352955729166647	93.97613032343415
10.452955729166646	95.14994788345143
10.552955729166646	96.32381791347808
10.652955729166646	97.49774593575835
10.752955729166645	98.67171617005839
10.852955729166645	99.84572263859948
10.952955729166645	101.01975609082702
11.052955729166644	102.19380296383792
11.152955729166644	103.36784810283098
11.252955729166644	104.29895560404266
11.352955729166643	105.19990560404266
11.452955729166643	106.10085560404265
11.552955729166642	107.00180560404264
11.652955729166642	107.90275560404264
11.752955729166642	108.80370560404263
11.852955729166641	109.70465560404263
11.952955729166641	110.60653949778576
12.05295572916664	111.53908555041733
12.15295572916664	112.47163160304889
12.25295572916664	113.40417765568046
12.35295572916664	114.33672370831202
12.45295572916664	115.26926976094359
12.552955729166639	116.20181581357515
12.56	116.33319795276154
179769313486231570000000000000000000000000000000000000000000000000000000000000000000000000000000000000000000000000000000000000000000000000000000000000000000000000000000000000000000000000000000000000000000000000000000000000000000000000000000000000000000000000000000000000000000000000000000000000000000000000000	116.33319795276154
