-100000	0
-0.002999218463898501	0
0.00033411486943483266	0.011533566420658758
0.005334114869434832	0.029293218529835335
0.012834114869434832	0.05677677949569876
0.024084114869434833	0.09952691441128969
0.040959114869434834	0.166404979978102
0.06627161486943484	0.2717187876434611
0.10424036486943483	0.43860580003600624
0.16119348986943483	0.7048369517406636
0.24662317736943484	1.1322515648446396
0.3466231773694348	1.6664306771064068
0.4466231773694348	2.2303116087678174
0.5466231773694348	2.8192480592430345
0.6466231773694348	3.429997313115681
0.7466231773694347	4.060163674133749
0.8466231773694347	4.707919906945738
0.9466231773694347	5.37184661511565
1.0466231773694348	6.050836825619371
1.1466231773694349	6.743593297817048
1.246623177369435	7.446140132241082
1.346623177369435	8.156281128022773
1.4466231773694351	8.872889575798657
1.5466231773694352	9.595240004435048
1.6466231773694353	10.322842918672702
1.7466231773694354	11.055353179478203
1.8466231773694355	11.792516189320873
1.9466231773694356	12.534136620859769
2.0466231773694354	13.280062878995208
2.1466231773694355	14.030183202923533
2.2466231773694356	14.784432238120381
2.3466231773694357	15.542806894908894
2.446623177369436	16.305394202000635
2.546623177369436	17.07247528197668
2.646623177369436	17.844429789084547
2.746623177369436	18.621419216970267
2.846623177369436	19.403326119992755
2.9466231773694362	20.190011862251147
3.0466231773694363	20.981354116141155
3.1466231773694364	21.777246097046007
3.2466231773694365	22.577595873581632
3.3466231773694366	23.382325406823394
3.4466231773694367	24.19136980527609
3.5466231773694368	25.004676632944452
3.646623177369437	25.822204993101764
3.746623177369437	26.643925013998647
3.846623177369437	27.4698171063201
3.946623177369437	28.29987123411668
4.046623177369437	29.134086259804153
4.146623177369436	29.972469471904855
4.246623177369436	30.815035895661648
4.346623177369436	31.661807695856968
4.446623177369435	32.51281382452841
4.546623177369435	33.368088890633764
4.646623177369435	34.22767371132195
4.746623177369434	35.091613948325474
4.846623177369434	35.95995961684102
4.946623177369434	36.83276830061978
5.046623177369433	37.71009039381332
5.146623177369433	38.59199516569172
5.2466231773694325	39.478545441739
5.346623177369432	40.369808335471554
5.446623177369432	41.26585353540032
5.5466231773694314	42.166753371155394
5.646623177369431	43.072581119326934
5.746623177369431	43.983411701778664
5.84662317736943	44.89932161212402
5.94662317736943	45.82038783966744
6.04662317736943	46.74668824586862
6.146623177369429	47.67830104926613
6.246623177369429	48.6153050382664
6.346623177369429	49.5577791810019
6.446623177369428	50.505801632101935
6.546623177369428	51.45945133805477
6.6466231773694275	52.41880702610772
6.746623177369427	53.3839454693026
6.846623177369427	54.35494461782648
6.9466231773694265	55.331881980907674
7.046623177369426	56.31483227644786
7.146623177369426	57.30387138132936
7.246623177369425	58.29907519450392
7.346623177369425	59.300516238243496
7.446623177369425	60.308267393413445
7.546623177369424	61.322403078656315
7.646623177369424	62.34299332769877
7.746623177369424	63.370109653031015
7.846623177369423	64.40382408845232
7.946623177369423	65.44420422099853
8.046623177369423	66.4913210284979
8.146623177369422	67.54524425965258
8.246623177369422	68.60604036676672
8.346623177369421	69.67378045979049
8.446623177369421	70.74853291035855
8.54662317736942	71.83036434632523
8.64662317736942	72.91934688810579
8.74662317736942	74.01554899977842
8.84662317736942	75.11903898255413
8.94662317736942	76.22989126932067
9.046623177369419	77.34817625230168
9.146623177369419	78.47396566207867
9.246623177369418	79.60733790405153
9.346623177369418	80.74836712631966
9.446623177369418	81.89713096897006
9.546623177369417	83.05371388551563
9.646623177369417	84.21819256916865
9.746623177369417	85.38712622815237
9.846623177369416	86.55663416296282
9.946623177369416	87.72669269276207
10.046623177369415	88.89727890051424
10.146623177369415	90.06836982805912
10.246623177369415	91.23994243346576
10.346623177369414	92.41197357968846
10.446623177369414	93.58444005725529
10.546623177369414	94.75731855512969
10.646623177369413	95.93058572504029
10.746623177369413	97.10421806389621
10.846623177369413	98.27819204057771
10.946623177369412	99.45248402958448
11.046623177369412	100.62707033286509
11.146623177369412	101.80192587006084
11.246623177369411	102.72553579561581
11.34662317736941	103.59716180936054
11.44662317736941	104.4687878232612
11.54662317736941	105.3404138387297
11.64662317736941	106.21203983642843
11.74662317736941	107.08366576916677
11.846623177369409	107.95529163427148
11.946623177369409	108.8269174539991
12.046623177369408	109.72886232581142
12.146623177369408	110.63186679949648
12.246623177369408	111.53487127318131
12.346623177369407	112.4378757468643
12.446623177369407	113.34088022054817
12.546623177369407	114.24388469423414
12.56	114.36467800102282
1000012.56	114.36467800102282
