-179769313486231570000000000000000000000000000000000000000000000000000000000000000000000000000000000000000000000000000000000000000000000000000000000000000000000000000000000000000000000000000000000000000000000000000000000000000000000000000000000000000000000000000000000000000000000000000000000000000000000000000	0
-0.000000000000000986347560196067	0
0.0033333333333323474	0.008309646335700372
0.008333333333332348	0.029304761222792866
0.015833333333332346	0.061512788601741156
0.027083333333332345	0.11142312240303615
0.04395833333333235	0.18976541292467056
0.06927083333333235	0.31420672811794026
0.10723958333333236	0.5143421924055693
0.16419270833333238	0.8402628580307391
0.2496223958333324	1.3770733951132053
0.34962239583333243	2.1417863945077715
0.4496223958333324	3.03610657076819
0.5496223958333324	3.9926833785293936
0.6496223958333324	5.001811335751791
0.7496223958333323	6.056152770668225
0.8496223958333323	7.149769210237656
0.9496223958333323	8.277828534754818
1.0496223958333324	9.43633773180533
1.1496223958333325	10.621939676707397
1.2496223958333326	11.831550960309968
1.3496223958333327	13.061956963258279
1.4496223958333327	14.310733158301298
1.5496223958333328	15.57649496683143
1.649622395833333	16.85807547352705
1.749622395833333	18.154286322788558
1.849622395833333	19.464166408051337
1.9496223958333332	20.78687392651085
2.049622395833333	22.12151723751122
2.149622395833333	23.467315879180095
2.2496223958333332	24.823451207325
2.3496223958333333	26.18934394422147
2.4496223958333334	27.564475863079522
2.5496223958333335	28.94826388936659
2.6496223958333336	30.340331516856498
2.7496223958333337	31.740354423336036
2.8496223958333338	33.14800326040446
2.949622395833334	34.56297282178014
3.049622395833334	35.98505220793095
3.149622395833334	37.41407079400134
3.249622395833334	38.84983457368602
3.349622395833334	40.29236701735225
3.4496223958333343	41.7416803585054
3.5496223958333344	43.197695905371766
3.6496223958333345	44.66041510142107
3.7496223958333346	46.129917228953566
3.8496223958333347	47.606312082242425
3.9496223958333347	49.08970256166856
4.049622395833334	50.58014198739472
4.149622395833334	52.077791027510735
4.249622395833334	53.58292552649476
4.349622395833333	55.09569937531146
4.449622395833333	56.61619342186866
4.549622395833333	58.14469042646787
4.649622395833332	59.68149894470643
4.749622395833332	61.226842292704106
4.8496223958333315	62.78103846668139
4.949622395833331	64.34436953492964
5.049622395833331	65.91714309964566
5.1496223958333305	67.4996861547269
5.24962239583333	69.09236086744089
5.34962239583333	70.69543015552102
5.449622395833329	72.3092484562136
5.549622395833329	73.93416485858195
5.649622395833329	75.57049286413633
5.749622395833328	77.21866657606283
5.849622395833328	78.87891820363731
5.949622395833328	80.55158008486227
6.049622395833327	82.23709552722877
6.149622395833327	83.9358600210701
6.249622395833327	85.64824860067469
6.349622395833326	87.37465139444112
6.449622395833326	89.11545045687797
6.5496223958333255	90.87098662611487
6.649622395833325	92.64159476406998
6.749622395833325	94.42762506403176
6.849622395833324	96.22943339593104
6.949622395833324	98.04737269193862
7.049622395833324	99.88174368035831
7.149622395833323	101.73283340668297
7.249622395833323	103.60096452252613
7.349622395833323	105.48644238091046
7.449622395833322	107.38952880376915
7.549622395833322	109.31041288067676
7.649622395833322	111.2493255937274
7.749622395833321	113.20648691858996
7.849622395833321	115.18212149993481
7.9496223958333205	117.17641184203929
8.049622395833321	119.18939989870609
8.14962239583332	121.22115998867496
8.24962239583332	123.27173934102738
8.34962239583332	125.34110702030566
8.44962239583332	127.42915222760658
8.54962239583332	129.53568375649604
8.649622395833319	131.66066412411277
8.749622395833319	133.80418339726293
8.849622395833318	135.96598649651818
8.949622395833318	138.14576425844547
9.049622395833318	140.34327070146787
9.149622395833317	142.55815614186756
9.249622395833317	144.79012134822733
9.349622395833316	147.03875823604508
9.449622395833316	149.30351522133765
9.549622395833316	151.5839305586039
9.649622395833315	153.87960226593623
9.749622395833315	156.18711489751118
9.849622395833315	158.50018888503755
9.949622395833314	160.81566114278624
10.049622395833314	163.13342087906003
10.149622395833314	165.45345220711624
10.249622395833313	167.77575073256335
10.349622395833313	170.10019989960423
10.449622395833313	172.42666546428475
10.549622395833312	174.75499860058116
10.649622395833312	177.0851723359106
10.749622395833311	179.41713076374165
10.849622395833311	181.75064918870802
10.94962239583331	184.0855790095974
11.04962239583331	186.42179228036375
11.14962239583331	188.75910225329568
11.24962239583331	190.7895844198291
11.34962239583331	192.46109294487636
11.449622395833309	194.08095294487632
11.549622395833309	195.70081294487628
11.649622395833308	197.32067294487624
11.749622395833308	198.9405329448762
11.849622395833308	200.56039294487616
11.949622395833307	202.18025294487612
12.049622395833307	203.83397590804083
12.149622395833306	205.52169018699502
12.249622395833306	207.20953281857393
12.349622395833306	208.89737545015285
12.449622395833305	210.58521808173177
12.549622395833305	212.27306071331068
12.56	213.29213965636214
179769313486231570000000000000000000000000000000000000000000000000000000000000000000000000000000000000000000000000000000000000000000000000000000000000000000000000000000000000000000000000000000000000000000000000000000000000000000000000000000000000000000000000000000000000000000000000000000000000000000000000000	213.46729728362413
