-179769313486231570000000000000000000000000000000000000000000000000000000000000000000000000000000000000000000000000000000000000000000000000000000000000000000000000000000000000000000000000000000000000000000000000000000000000000000000000000000000000000000000000000000000000000000000000000000000000000000000000000	0
-0.0000000000000009907052151677455	0
0.003333333333332343	0.007364739605799733
0.008333333333332343	0.02598657003756108
0.015833333333332342	0.054602128707637684
0.027083333333332342	0.09906333366875406
0.04395833333333234	0.16913777058695725
0.06927083333333234	0.2810229490637852
0.10723958333333233	0.4620424256911517
0.16419270833333233	0.7588633556130253
0.24962239583333234	1.2514693920655302
0.3496223958333323	1.9580711785037257
0.4496223958333323	2.789254640139012
0.5496223958333323	3.6824243574637507
0.6496223958333323	4.627908870334539
0.7496223958333322	5.618417826705069
0.8496223958333322	6.648174342555185
0.9496223958333322	7.712338930470217
1.0496223958333322	8.80692428746394
1.1496223958333323	9.928601726523782
1.2496223958333323	11.074147137937022
1.3496223958333324	12.24024099191597
1.4496223958333325	13.4244705976994
1.5496223958333326	14.625522369962985
1.6496223958333327	15.842215881618447
1.7496223958333328	17.07333721430104
1.8496223958333329	18.31784300103569
1.949622395833333	19.574701608255356
2.049622395833333	20.8430893960303
2.149622395833333	22.122296008609382
2.2496223958333332	23.41156251919799
2.3496223958333333	24.710298605868793
2.4496223958333334	26.01789976215055
2.5496223958333335	27.333794587619725
2.6496223958333336	28.65759506641266
2.7496223958333337	29.988996071279075
2.8496223958333338	31.327638414673533
2.949622395833334	32.67316848678278
3.049622395833334	34.025466686281554
3.149622395833334	35.38442350451713
3.249622395833334	36.7498103853293
3.349622395833334	38.12161668631929
3.4496223958333343	39.49991285112135
3.5496223958333344	40.884656261479925
3.6496223958333345	42.275823213604475
3.7496223958333346	43.673505638749866
3.8496223958333347	45.07784818511193
3.9496223958333347	46.48898857136039
4.049622395833334	47.90701159273962
4.149622395833334	49.332063167066785
4.249622395833334	50.76444689412741
4.349622395833333	52.20440095711053
4.449622395833333	53.65200999026526
4.549622395833333	55.107564606185434
4.649622395833332	56.57140123592515
4.749622395833332	58.043782958256855
4.8496223958333315	59.525043678745405
4.949622395833331	61.015502727609174
5.049622395833331	62.51549803410097
5.1496223958333305	64.02537271143987
5.24962239583333	65.54555052253946
5.34962239583333	67.07634155695142
5.449622395833329	68.61811637266437
5.549622395833329	70.17129158596495
5.649622395833329	71.73620402200076
5.749622395833328	73.3133433250174
5.849622395833328	74.90301839980059
5.949622395833328	76.5055485422009
6.049622395833327	78.12136352970958
6.149622395833327	79.75089425824612
6.249622395833327	81.39461585667259
6.349622395833326	83.05295926244871
6.449622395833326	84.72639561323489
6.5496223958333255	86.4153318624277
6.649622395833325	88.12005891870766
6.749622395833325	89.84094740599275
6.849622395833324	91.57844726491051
6.949622395833324	93.33298839954746
7.049622395833324	95.10492441952113
7.149622395833323	96.89459654134801
7.249622395833323	98.70236351739771
7.349622395833323	100.52865676492438
7.449622395833322	102.3738291172336
7.549622395833322	104.23803116403323
7.649622395833322	106.12147245788337
7.749622395833321	108.02446291610117
7.849622395833321	109.94725020382809
7.9496223958333205	111.89010721224821
8.049622395833321	113.85315816147342
8.14962239583332	115.83628978691392
8.24962239583332	117.83955550457851
8.34962239583332	119.86310341479555
8.44962239583332	121.9069627102843
8.54962239583332	123.97094304160933
8.649622395833319	126.0549541718893
8.749622395833319	128.15908348399748
8.849622395833318	130.28307826730392
8.949622395833318	132.42661529883384
9.049622395833318	134.58942115331362
9.149622395833317	136.77114622124253
9.249622395833317	138.97145431657987
9.349622395833316	141.18989776309
9.449622395833316	143.42593610434608
9.549622395833316	145.6791175505472
9.649622395833315	147.94895881582212
9.749622395833315	150.23198444192013
9.849622395833315	152.52181184537685
9.949622395833314	154.8151729129122
10.049622395833314	157.11200149898931
10.149622395833314	159.41225041323298
10.249622395833313	161.71586010549552
10.349622395833313	164.02268981637874
10.449622395833313	166.33258682171487
10.549622395833312	168.64535157262358
10.649622395833312	170.96095599767003
10.749622395833311	173.27937890774214
10.849622395833311	175.6003380838878
10.94962239583331	177.92356530910484
11.04962239583331	180.24884498060743
11.14962239583331	182.57598886844923
11.24962239583331	184.5749347670578
11.34962239583331	186.18945616033346
11.449622395833309	187.7486361603335
11.549622395833309	189.30781616033352
11.649622395833308	190.86699616033354
11.749622395833308	192.42617616033357
11.849622395833308	193.9853561603336
11.949622395833307	195.54453616033362
12.049622395833307	197.13837452967985
12.149622395833306	198.76700263586818
12.249622395833306	200.3957621095524
12.349622395833306	202.02452158323663
12.449622395833305	203.65328105692086
12.549622395833305	205.2820405306051
12.56	206.2654464784537
179769313486231570000000000000000000000000000000000000000000000000000000000000000000000000000000000000000000000000000000000000000000000000000000000000000000000000000000000000000000000000000000000000000000000000000000000000000000000000000000000000000000000000000000000000000000000000000000000000000000000000000	206.4344726894602
