-100000	0
-0.002999218463898501	0
0.00033411486943483266	0.00645999033874826
0.005334114869434832	0.01689028267748783
0.012834114869434832	0.03357359818071072
0.024084114869434833	0.06027505630391644
0.040959114869434834	0.1031429718693549
0.06627161486943484	0.17227636541840766
0.10424036486943483	0.28435615925785557
0.16119348986943483	0.4670543576553313
0.24662317736943484	0.7664415056801764
0.3466231773694348	1.1472050692366667
0.4466231773694348	1.5544819767079214
0.5466231773694348	1.984152000205547
0.6466231773694348	2.4334001711980355
0.7466231773694347	2.900198106503476
0.8466231773694347	3.3830543276305574
0.9466231773694347	3.88087311384967
1.0466231773694348	4.392876163038172
1.1466231773694349	4.917717671455459
1.246623177369435	5.449873261914266
1.346623177369435	5.9880229505975295
1.4466231773694351	6.5317633154437695
1.5466231773694352	7.080729821615442
1.6466231773694353	7.634587827806191
1.7466231773694354	8.193024347696229
1.8466231773694355	8.75574330341526
1.9466231773694356	9.322462055579745
2.0466231773694354	9.892909854331414
2.1466231773694355	10.466826512207378
2.2466231773694356	11.043962918574534
2.3466231773694357	11.62408191167738
2.446623177369436	12.206959758101048
2.546623177369436	12.792388363345891
2.646623177369436	13.380178145860741
2.746623177369436	13.97016145738014
2.846623177369436	14.562196597759732
2.9466231773694362	15.156172151675628
3.0466231773694363	15.752012271626521
3.1466231773694364	16.34968212739984
3.2466231773694365	16.949194271900534
3.3466231773694366	17.550615490242645
3.4466231773694367	18.15407456889258
3.5466231773694368	18.759770999827364
3.646623177369437	19.367984791901346
3.746623177369437	19.979083703910952
3.846623177369437	20.59345707690028
3.946623177369437	21.211384862133674
4.046623177369437	21.83301391627421
4.146623177369436	22.45849501825979
4.246623177369436	23.088048763889027
4.346623177369436	23.721910520100945
4.446623177369435	24.360325804591113
4.546623177369435	25.003546297770956
4.646623177369435	25.651826846462022
4.746623177369434	26.30542286088214
4.846623177369434	26.964587723424223
4.946623177369434	27.62957101505952
5.046623177369433	28.300616834971603
5.146623177369433	28.977962476377066
5.2466231773694325	29.66183736230449
5.346623177369432	30.35246214855775
5.446623177369432	31.050047895897855
5.5466231773694314	31.754795974262148
5.646623177369431	32.46689730382447
5.746623177369431	33.18653238249616
5.84662317736943	33.91387158614605
5.94662317736943	34.649074487235396
6.04662317736943	35.3922902805668
6.146623177369429	36.143658730531776
6.246623177369429	36.9033093704974
6.346623177369429	37.671362838901864
6.446623177369428	38.44793085028158
6.546623177369428	39.23311672683557
6.6466231773694275	40.027016658924175
6.746623177369427	40.82971894154954
6.846623177369427	41.64130653912395
6.9466231773694265	42.4618558717123
7.046623177369426	43.29143883458242
7.146623177369426	44.13012344412633
7.246623177369425	44.97797364237554
7.346623177369425	45.83505157949644
7.446623177369425	46.70141722997623
7.546623177369424	47.577129829803766
7.646623177369424	48.462248594829
7.746623177369424	49.356833470465105
7.846623177369423	50.2609464446706
7.946623177369423	51.17465233598675
8.046623177369423	52.098018591408426
8.146623177369422	53.03111883259055
8.246623177369422	53.97402941047315
8.346623177369421	54.9268365598734
8.446623177369421	55.88962913424456
8.54662317736942	56.86250967112305
8.64662317736942	57.84558330409378
8.74662317736942	58.83897230487205
8.84662317736942	59.84280186016324
8.94662317736942	60.8572178265548
9.046623177369419	61.88236901744154
9.146623177369419	62.918428208190704
9.246623177369418	63.96557241166721
9.346623177369418	65.02400304036988
9.446623177369418	66.09393060028333
9.546623177369417	67.17558910449752
9.646623177369417	68.26922238886532
9.746623177369417	69.37075149249586
9.846623177369416	70.47545372971746
9.946623177369416	71.58326455893719
10.046623177369415	72.69411836200261
10.146623177369415	73.8079470431031
10.246623177369415	74.92467994570053
10.346623177369414	76.04424387014863
10.446623177369414	77.16656311619799
10.546623177369414	78.29155947137008
10.646623177369413	79.41915214039796
10.746623177369413	80.54925772528375
10.846623177369413	81.68179044494212
10.946623177369412	82.81666196505834
11.046623177369412	83.95378134743908
11.146623177369412	85.09304268981029
11.246623177369411	85.88505249920311
11.34662317736941	86.60554994703222
11.44662317736941	87.32604739251194
11.54662317736941	88.04654482691546
11.64662317736941	88.76704225914926
11.74662317736941	89.48753969156749
11.846623177369409	90.20803712608657
11.946623177369409	90.92853452156255
12.046623177369408	91.68265599353988
12.146623177369408	92.43795257255913
12.246623177369408	93.1932491515787
12.346623177369407	93.94854573044353
12.446623177369407	94.7038423092991
12.546623177369407	95.45913888838304
12.56	95.56017357111274
1000012.56	95.56017357111274
