-100000	0
-0.002992981134223527	0
0.0003403521991098067	0.000017110542103187268
0.005340352199109806	0.00014212320740377845
0.012840352199109806	0.0005982200682501629
0.024090352199109807	0.0019495677025364757
0.04096535219910981	0.005627440773140723
0.06627785219910981	0.015298075408266248
0.1042466021991098	0.03857537376512451
0.1611997271991098	0.08588797977998384
0.24662941469910982	0.17579746616292008
0.3466294146991098	0.3017411762816292
0.4466294146991098	0.44431739333822257
0.5466294146991098	0.5997916329671591
0.6466294146991097	0.7655639587503584
0.7466294146991097	0.9396750468727597
0.8466294146991097	1.1205798333909847
0.9466294146991097	1.3070138383406775
1.0466294146991098	1.4979099070242792
1.1466294146991098	1.6923538086736831
1.24662941469911	1.8895482750405572
1.34662941469911	2.0887885292718327
1.44662941469911	2.2894463937061613
1.5466294146991102	2.490956746672587
1.6466294146991103	2.692806675044817
1.7466294146991104	2.8945293472238793
1.8466294146991105	3.095697616770935
1.9466294146991105	3.295919539998527
2.0466294146991104	3.494835554867023
2.1466294146991105	3.6921151508332164
2.2466294146991106	3.8874557041851667
2.3466294146991107	4.080580917009278
2.4466294146991108	4.271240809771126
2.546629414699111	4.459212549480404
2.646629414699111	4.644302353441989
2.746629414699111	4.826347856483176
2.846629414699111	5.005350754705105
2.946629414699111	5.18184893921962
3.0466294146991113	5.356393337310053
3.1466294146991114	5.529586901799385
3.2466294146991115	5.702105953047875
3.3466294146991116	5.8746971758834245
3.4466294146991117	6.048188047494371
3.5466294146991117	6.223482744720421
3.646629414699112	6.401555255166197
3.746629414699112	6.583479312177627
3.846629414699112	6.770412511960891
3.946629414699112	6.9636055435105675
4.046629414699112	7.1644129676485475
4.146629414699111	7.374299134709718
4.246629414699111	7.5940362790190985
4.346629414699111	7.826420670733303
4.44662941469911	8.07296111212109
4.54662941469911	8.335680221845887
4.64662941469911	8.616200002148172
4.746629414699109	8.917502678873392
4.846629414699109	9.2411524388411
4.9466294146991086	9.589089572949934
5.046629414699108	9.96325496890209
5.146629414699108	10.365412156695422
5.2466294146991075	10.797648168514575
5.346629414699107	11.262298900609563
5.446629414699107	11.759044709076056
5.546629414699106	12.286681428640998
5.646629414699106	12.84377323670534
5.746629414699106	13.428832679839573
5.846629414699105	14.040445819965363
5.946629414699105	14.677287516250702
6.046629414699105	15.338112331354532
6.146629414699104	16.021794330687825
6.246629414699104	16.727257231621767
6.346629414699104	17.453556513554073
6.446629414699103	18.199752051143175
6.546629414699103	18.964987279958738
6.6466294146991025	19.74845590126072
6.746629414699102	20.549388948288406
6.846629414699102	21.36705087249649
6.9466294146991014	22.200733311303516
7.046629414699101	23.04977119755819
7.146629414699101	23.913495066246856
7.2466294146991	24.791295776668143
7.3466294146991	25.682552683308803
7.4466294146991	26.58667161920671
7.546629414699099	27.50309211694616
7.646629414699099	28.431237766602305
7.746629414699099	29.3705799053931
7.846629414699098	30.320571860501424
7.946629414699098	31.280714289337702
8.046629414699098	32.2504910629356
8.146629414699097	33.229410509422536
8.246629414699097	34.21701579590457
8.346629414699096	35.21283401254228
8.446629414699096	36.2164244319383
8.546629414699096	37.22734964486221
8.646629414699095	38.245222947648095
8.746629414699095	39.269620952145196
8.846629414699095	40.30017453266633
8.946629414699094	41.336513744616575
9.046629414699094	42.378314323184064
9.146629414699094	43.42524530386487
9.246629414699093	44.47700695021721
9.346629414699093	45.5333156384575
9.446629414699093	46.59391336315714
9.546629414699092	47.65854440064653
9.646629414699092	48.72702873746809
9.746629414699091	49.79845578999012
9.846629414699091	50.87196287147636
9.94662941469909	51.94750506911693
10.04662941469909	53.025016898050445
10.14662941469909	54.104458750970075
10.24662941469909	55.185751072411534
10.34662941469909	56.268858247583545
10.446629414699089	57.35370952082259
10.546629414699089	58.44025474203677
10.646629414699088	59.52842493163694
10.746629414699088	60.61816587498896
10.846629414699088	61.70941208451312
10.946629414699087	62.80210706289332
11.046629414699087	63.89617177527133
11.146629414699087	64.99154191293371
11.246629414699086	66.08815582461727
11.346629414699086	67.18592991523457
11.446629414699085	68.2848074106472
11.546629414699085	69.3846886324372
11.646629414699085	70.48550879426655
11.746629414699084	71.58716259401363
11.846629414699084	72.6895879958911
11.946629414699084	73.79267257736136
12.046629414699083	74.89631240230398
12.146629414699083	76.00041811923015
12.246629414699083	77.10486659345321
12.346629414699082	78.20954367770109
12.446629414699082	79.3144187784132
12.546629414699082	80.4195289697155
12.645244694224068	81.45069084506054
1000012.6452446942	81.45069084506054
