-179769313486231570000000000000000000000000000000000000000000000000000000000000000000000000000000000000000000000000000000000000000000000000000000000000000000000000000000000000000000000000000000000000000000000000000000000000000000000000000000000000000000000000000000000000000000000000000000000000000000000000000	0
5.868640549512049	0
5.871973882845382	0.00008153177146677287
5.875307216178715	0.00023549049011089315
5.880307216178715	0.0005972122815817882
5.887807216178715	0.0014340583241736616
5.899057216178716	0.0033514199376785975
5.915932216178716	0.00771781982319972
5.941244716178716	0.01762304349605583
5.979213466178716	0.03962508876735241
6.0361665911787155	0.08804047292224451
6.121596278678716	0.19287644440731647
6.221596278678716	0.3602982190232489
6.321596278678715	0.5714040365966555
6.421596278678715	0.8223893432690321
6.5215962786787145	1.110050977972725
6.621596278678714	1.431916687910832
6.721596278678714	1.785961322833036
6.821596278678713	2.170150467057182
6.921596278678713	2.582740423024256
7.021596278678713	3.022209657340352
7.121596278678712	3.487110032189154
7.221596278678712	3.976207123221915
7.321596278678712	4.488341883816046
7.421596278678711	5.022483584494888
7.521596278678711	5.577578573973204
7.621596278678711	6.152633087291516
7.72159627867871	6.746766624248609
7.82159627867871	7.3591600289455545
7.9215962786787095	7.988929699217006
8.02159627867871	8.635514105985129
8.121596278678709	9.2979916640569
8.221596278678708	9.975894204907476
8.321596278678708	10.668382114678254
8.421596278678708	11.375088753988983
8.521596278678707	12.095309385946958
8.621596278678707	12.828406928429557
8.721596278678707	13.573853804142416
8.821596278678706	14.331280299877028
8.921596278678706	15.100240700286752
9.021596278678706	15.880210364346539
9.121596278678705	16.670962431466677
9.221596278678705	17.471934818129363
9.321596278678705	18.283004212684265
9.421596278678704	19.103654443697216
9.521596278678704	19.933856140888363
9.621596278678703	20.77324343403225
9.721596278678703	21.621569586804622
9.821596278678703	22.478603188752523
9.921596278678702	23.344110222001202
10.021596278678702	24.217847557262218
10.121596278678702	25.099661498216562
10.221596278678701	25.989270983320303
10.321596278678701	26.88645203899015
10.4215962786787	27.790991609786353
10.5215962786787	28.702664296025578
10.6215962786787	29.621286146900257
10.7215962786787	30.546607939725895
10.8215962786787	31.47837383698708
10.921596278678699	32.41639654176906
11.021596278678699	33.360415122253485
11.121596278678698	34.310175975895085
11.221596278678698	35.26547761176612
11.321596278678697	36.22602657191784
11.421596278678697	37.19157828559355
11.521596278678697	38.1618908825529
11.621596278678696	39.1366471195381
11.721596278678696	40.115616001582936
11.821596278678696	41.09850146472619
11.921596278678695	42.08497329714594
12.021596278678695	43.07481749679892
12.121596278678695	44.067676872331404
12.221596278678694	45.063231183945156
12.321596278678694	46.06115854917771
12.421596278678694	47.06114051299695
12.521596278678693	48.062838073585354
12.621596278678693	49.06590707644077
12.721596278678692	50.06996896967633
12.821596278678692	50.472925967336096
12.921596278678692	50.80592596728161
13.021596278678691	51.138925967227124
13.121596278678691	51.47192596717264
13.22159627867869	51.80492596711815
13.32159627867869	52.137925967063666
13.42159627867869	52.47092596700918
13.52159627867869	52.803925966954694
13.62159627867869	53.13692596690021
13.721596278678689	53.46992596684572
13.821596278678689	53.802925966791236
13.921596278678688	54.13592596673675
14.021596278678688	54.468925966682264
14.121596278678687	54.80192596662778
14.221596278678687	55.13492596657329
14.321596278678687	55.467925966518806
14.421596278678686	55.80092596646432
14.521596278678686	56.133925966409834
14.621596278678686	56.46692596635535
14.721596278678685	56.79992596630086
14.821596278678685	57.132925966246376
14.921596278678685	57.46592596619189
15.021596278678684	57.7989259661374
15.121596278678684	58.13192596608292
15.221596278678684	58.46492596602843
15.321596278678683	58.797925965973945
15.421596278678683	59.13092596591946
15.521596278678683	59.46392596586497
15.621596278678682	59.79692596581049
15.721596278678682	60.129925965756
15.821596278678681	60.462925965701515
15.921596278678681	60.79592596564703
16.021596278678683	61.12892596559255
16.121596278678684	61.46192596553807
16.221596278678685	61.79492596548359
16.321596278678687	62.127925965429114
16.421596278678688	62.460925965374635
16.52159627867869	62.793925965320156
16.62159627867869	63.12692596526568
16.721596278678692	63.4599259652112
16.821596278678694	63.79292596515672
16.921596278678695	64.12592596510224
17.021596278678697	64.45892596504777
17.121596278678698	64.7919259649933
17.2215962786787	65.12492596493883
17.3215962786787	65.45792596488435
17.421596278678702	65.79092596482988
17.521596278678704	66.12392596477541
17.621596278678705	66.45692596472094
17.721596278678707	66.78992596466647
17.821596278678708	67.122925964612
17.92159627867871	67.45592596455752
18.02159627867871	67.78892596450305
18.121596278678712	68.12192596444858
18.221596278678714	68.4549259643941
18.321596278678715	68.78792596433964
18.421596278678717	69.12092596428516
18.521596278678718	69.45392596423069
18.62159627867872	69.78692596417622
18.72159627867872	70.11992596412175
18.821596278678722	70.45292596406728
18.921596278678724	70.7859259640128
19.021596278678725	71.11892596395833
19.121596278678727	71.45192596390386
19.221596278678728	71.78492596384939
19.32159627867873	72.11792596379492
19.42159627867873	72.45092596374045
19.521596278678732	72.78392596368597
19.621596278678734	73.1169259636315
19.721596278678735	73.44992596357703
19.821596278678737	73.78292596352256
19.921596278678738	74.11592596346809
20.02159627867874	74.44892596341361
20.12159627867874	74.78192596335914
20.221596278678742	75.11492596330467
20.321596278678744	75.4479259632502
20.421596278678745	75.78092596319573
20.521596278678746	76.11392596314126
20.621596278678748	76.44692596308678
20.72159627867875	76.77992596303231
20.82159627867875	77.11292596297784
20.921596278678752	77.44592596292337
21.021596278678754	77.7789259628689
21.121596278678755	78.11192596281442
21.221596278678756	78.44492596275995
21.321596278678758	78.77792596270548
21.42159627867876	79.11092596265101
21.52159627867876	79.44392596259654
21.621596278678762	79.77692596254207
21.721596278678764	80.1099259624876
21.821596278678765	80.44292596243312
21.921596278678766	80.77592596237865
22.021596278678768	81.10892596232418
22.12159627867877	81.4419259622697
22.22159627867877	81.77492596221524
22.321596278678772	82.10792596216076
22.421596278678773	82.44092596210629
22.521596278678775	82.77392596205182
22.621596278678776	83.10692596199735
22.721596278678778	83.43992596194288
22.82159627867878	83.7729259618884
22.92159627867878	84.10592596183393
23.021596278678782	84.43892596177946
23.121596278678783	84.77192596172499
23.221596278678785	85.10492596167052
23.321596278678786	85.43792596161605
23.421596278678788	85.77092596156157
23.45	85.96009474552989
179769313486231570000000000000000000000000000000000000000000000000000000000000000000000000000000000000000000000000000000000000000000000000000000000000000000000000000000000000000000000000000000000000000000000000000000000000000000000000000000000000000000000000000000000000000000000000000000000000000000000000000	85.96009474552989
