-179769313486231570000000000000000000000000000000000000000000000000000000000000000000000000000000000000000000000000000000000000000000000000000000000000000000000000000000000000000000000000000000000000000000000000000000000000000000000000000000000000000000000000000000000000000000000000000000000000000000000000000	0
-0.0000000000000010081358350544594	0
0.0033333333333323252	0.00425810004208421
0.008333333333332325	0.015081704839202598
0.015833333333332325	0.031896597396207566
0.027083333333332325	0.05841961338593861
0.04395833333333232	0.10109658440827096
0.06927083333333232	0.17104119974612408
0.10723958333333233	0.28772375147330875
0.16419270833333233	0.4856981849388335
0.24962239583333234	0.826160648603711
0.3496223958333323	1.329996831485828
0.4496223958333323	1.9382170376894143
0.5496223958333323	2.6048572021876684
0.6496223958333323	3.320842972428035
0.7496223958333322	4.079372797741095
0.8496223958333322	4.874956121205205
0.9496223958333322	5.70299569930599
1.0496223958333322	6.559649890024665
1.1496223958333323	7.441647076918662
1.2496223958333323	8.345665243801122
1.3496223958333324	9.26831531965449
1.4496223958333325	10.207352993286746
1.5496223958333326	11.161326983905672
1.6496223958333327	12.128926879908716
1.7496223958333328	13.108992078292475
1.8496223958333329	14.100372523078438
1.949622395833333	15.102044306004842
2.049622395833333	16.113069342268876
2.149622395833333	17.132495434906527
2.2496223958333332	18.159607934836128
2.3496223958333333	19.193798921105962
2.4496223958333334	20.234443938592513
2.5496223958333335	21.28094440893252
2.6496223958333336	22.332955188304826
2.7496223958333337	23.390199265719964
2.8496223958333338	24.45225187134793
2.949622395833334	25.518848991408653
3.049622395833334	26.58982866520572
3.149622395833334	27.664967957722364
3.249622395833334	28.74406235278306
3.349622395833334	29.827245291787538
3.4496223958333343	30.914650658747306
3.5496223958333344	32.00628603011796
3.6496223958333345	33.10228649250342
3.7496223958333346	34.202783465641886
3.8496223958333347	35.3079499800836
3.9496223958333347	36.41800033984552
4.049622395833334	37.533160397336985
4.149622395833334	38.65377835427633
4.249622395833334	39.78009636589094
4.349622395833333	40.912407549291686
4.449622395833333	42.05118830318977
4.549622395833333	43.19664486488801
4.649622395833332	44.34910125002474
4.749622395833332	45.509050871166245
4.8496223958333315	46.67694503800926
4.949622395833331	47.85322940853208
5.049622395833331	49.038300186674725
5.1496223958333305	50.232687374411874
5.24962239583333	51.43685045882227
5.34962239583333	52.65134410092353
5.449622395833329	53.876652649976165
5.549622395833329	55.113267186169786
5.649622395833329	56.361770495351976
5.749622395833328	57.62261581993625
5.849622395833328	58.89639698985892
5.949622395833328	60.183614983733186
6.049622395833327	61.484819801009714
6.149622395833327	62.80067994549457
6.249622395833327	64.13180212678002
6.349622395833326	65.47877320407999
6.449622395833326	66.84217028006184
6.5496223958333255	68.2226700693284
6.649622395833325	69.62087465733764
6.749622395833325	71.03729542889799
6.849622395833324	72.47249340950394
6.949622395833324	73.92711033517409
7.049622395833324	75.40180386136456
7.149622395833323	76.89711003473532
7.249622395833323	78.41360190991277
7.349622395833323	79.95187577904878
7.449622395833322	81.5124814018007
7.549622395833322	83.09579691288472
7.649622395833322	84.70238665040533
7.749622395833321	86.33281935874103
7.849622395833321	87.98744323256076
7.9496223958333205	89.66670844804158
8.049622395833321	91.3709984658728
8.14962239583332	93.10049118372787
8.24962239583332	94.85543896223923
8.34962239583332	96.63618636095096
8.44962239583332	98.44281514794241
8.54962239583332	100.27528461896487
8.649622395833319	102.13351146064197
8.749622395833319	104.01741072140639
8.849622395833318	105.92684197783595
8.949622395833318	107.86156321584802
9.049622395833318	109.821191194224
9.149622395833317	111.80532184232366
9.249622395833317	113.81346143211913
9.349622395833316	115.84505603377315
9.449622395833316	117.89949538031495
9.549622395833316	119.97611890678023
9.649622395833315	122.0742552219555
9.749622395833315	124.19100220826115
9.849622395833315	126.32138782775571
9.949622395833314	128.46281018485914
10.049622395833314	130.61507920294136
10.149622395833314	132.7780162312963
10.249622395833313	134.95131113100982
10.349622395833313	137.13461414363903
10.449622395833313	139.32767418345455
10.549622395833312	141.5302518880717
10.649622395833312	143.74208578453917
10.749622395833311	145.96282073604547
10.849622395833311	148.19214745374384
10.94962239583331	150.42982634430658
11.04962239583331	152.67556740215002
11.14962239583331	154.9289712245836
11.24962239583331	157.1896725144687
11.34962239583331	159.45730857509105
11.449622395833309	161.7313310789177
11.549622395833309	164.01136858450363
11.649622395833308	166.2969819209735
11.749622395833308	168.5875564202941
11.849622395833308	170.882451587783
11.949622395833307	172.78950295102274
12.049622395833307	173.9660983723489
12.149622395833306	174.73977932237662
12.249622395833306	175.3879795854386
12.349622395833306	175.90974194924084
12.449622395833305	176.3304198948211
12.549622395833305	176.71291821670033
12.56	176.94365599767633
179769313486231570000000000000000000000000000000000000000000000000000000000000000000000000000000000000000000000000000000000000000000000000000000000000000000000000000000000000000000000000000000000000000000000000000000000000000000000000000000000000000000000000000000000000000000000000000000000000000000000000000	176.9833148312839
