-179769313486231570000000000000000000000000000000000000000000000000000000000000000000000000000000000000000000000000000000000000000000000000000000000000000000000000000000000000000000000000000000000000000000000000000000000000000000000000000000000000000000000000000000000000000000000000000000000000000000000000000	0
-0.0000000000000010124934900261379	0
0.003333333333332321	0.0036656414610375487
0.006666666666665655	0.00742185768725486
0.011666666666665656	0.013225477847789796
0.019166666666665656	0.022310515060438678
0.030416666666665655	0.03679150819178154
0.047291666666665656	0.06039665337225288
0.07260416666666566	0.09950318555547441
0.11057291666666566	0.16562958851014892
0.16752604166666568	0.2792952951820025
0.2529557291666657	0.4771165044790222
0.35295572916666573	0.7431907345413452
0.4529557291666657	1.0400884382483235
0.5529557291666657	1.3627614272903736
0.6529557291666657	1.7074498397820144
0.7529557291666656	2.0712821861307584
0.8529557291666656	2.451744267808226
0.9529557291666656	2.8469255397637374
1.0529557291666656	3.255046326263329
1.1529557291666657	3.6746370028164237
1.2529557291666658	4.103867768326727
1.3529557291666658	4.541317394240289
1.452955729166666	4.986240977499365
1.552955729166666	5.437902191323039
1.652955729166666	5.895728139396104
1.7529557291666662	6.3591331761506416
1.8529557291666663	6.827528640209471
1.9529557291666664	7.300457401702681
2.0529557291666665	7.777412824628515
2.1529557291666666	8.25802338332979
2.2529557291666666	8.741897053968883
2.3529557291666667	9.228654609347416
2.452955729166667	9.718067372668605
2.552955729166667	10.209855714067022
2.652955729166667	10.70391671134164
2.752955729166667	11.200001036120437
2.852955729166667	11.697980099488433
2.9529557291666673	12.19774108391465
3.0529557291666674	12.699237514175335
3.1529557291666674	13.202298856704665
3.2529557291666675	13.706862927544273
3.3529557291666676	14.2130486342458
3.4529557291666677	14.720980041177297
3.552955729166668	15.23062975997942
3.652955729166668	15.742107042561718
3.752955729166668	16.25544893722981
3.852955729166668	16.770794517001683
3.952955729166668	17.28823972374404
4.052955729166668	17.807939182510527
4.152955729166668	18.33002383106746
4.2529557291666675	18.854713936224403
4.352955729166667	19.38214865198028
4.452955729166667	19.91256296260943
4.5529557291666665	20.44602622643651
4.652955729166666	20.982904275166884
4.752955729166666	21.523276803398485
4.852955729166665	22.067372815554144
4.952955729166665	22.615517609104106
5.052955729166665	23.16792303317065
5.152955729166664	23.724930377501302
5.252955729166664	24.28665632508053
5.352955729166664	24.853493620221712
5.452955729166663	25.42563097705938
5.552955729166663	26.003359798604233
5.652955729166663	26.587025738972265
5.752955729166662	27.176817210041573
5.852955729166662	27.773180298088334
5.9529557291666615	28.376173400036883
6.052955729166661	28.986298479510072
6.152955729166661	29.60376324628631
6.25295572916666	30.22899801566175
6.35295572916666	30.862229195063023
6.45295572916666	31.50384372929494
6.552955729166659	32.15416647535715
6.652955729166659	32.813500199238646
6.752955729166659	33.482261222075266
6.852955729166658	34.160627142891165
6.952955729166658	34.84903265557359
7.052955729166658	35.54770595578582
7.152955729166657	36.257056660747985
7.252955729166657	36.97734411878699
7.3529557291666565	37.70890979174997
7.452955729166656	38.452027318749636
7.552955729166656	39.20696994536263
7.6529557291666555	39.97409486091606
7.752955729166655	40.75362421595619
7.852955729166655	41.54588074739368
7.952955729166654	42.35107424113359
8.052955729166655	43.16940595884051
8.152955729166655	44.0009125162986
8.252955729166654	44.84580344954641
8.352955729166654	45.704214335782154
8.452955729166653	46.576267248125475
8.552955729166653	47.46193455858237
8.652955729166653	48.361142207445106
8.752955729166652	49.27380707314827
8.852955729166652	50.19988412065548
8.952955729166652	51.13917897156386
9.052955729166651	52.09151923899065
9.152955729166651	53.05664678812063
9.25295572916665	54.03429957739456
9.35295572916665	55.024133303467195
9.45295572916665	56.02584388421331
9.55295572916665	57.03903633620337
9.65295572916665	58.06335374288737
9.752955729166649	59.096429969037885
9.852955729166649	60.13637752991125
9.952955729166648	61.183077936455305
10.052955729166648	62.23626401722871
10.152955729166647	63.295942829537736
10.252955729166647	64.36186111864131
10.352955729166647	65.43389747430476
10.452955729166646	66.51188231395831
10.552955729166646	67.59563254835975
10.652955729166646	68.68498754240922
10.752955729166645	69.77972823008406
10.852955729166645	70.87977739145566
10.952955729166645	71.98492528249675
11.052955729166644	73.09492991711387
11.152955729166644	74.20975270830324
11.252955729166644	75.32909383623627
11.352955729166643	76.45271282842323
11.452955729166643	77.58046803201852
11.552955729166642	78.71208188022473
11.652955729166642	79.84728897558796
11.752955729166642	80.98580930154866
11.852955729166641	82.12734611779966
11.952955729166641	83.27151713756943
12.05295572916664	84.41790012410524
12.15295572916664	85.56607109286143
12.25295572916664	86.71539191960292
12.35295572916664	87.86512546649072
12.382603636363635	88.01640348952131
179769313486231570000000000000000000000000000000000000000000000000000000000000000000000000000000000000000000000000000000000000000000000000000000000000000000000000000000000000000000000000000000000000000000000000000000000000000000000000000000000000000000000000000000000000000000000000000000000000000000000000000	88.01640348952131
