-179769313486231570000000000000000000000000000000000000000000000000000000000000000000000000000000000000000000000000000000000000000000000000000000000000000000000000000000000000000000000000000000000000000000000000000000000000000000000000000000000000000000000000000000000000000000000000000000000000000000000000000	0
-0.0000000000000010168511449978164	0
0.0033333333333323166	0.0031508667482894287
0.00666666666666565	0.006386196912997903
0.011666666666665649	0.011397962665695312
0.01916666666666565	0.019274071245990135
0.030416666666665648	0.031898892841147206
0.04729166666666565	0.05264816514333441
0.07260416666666565	0.08733430782711059
0.11057291666666566	0.1465291961338386
0.16752604166666568	0.2492894671175838
0.2529557291666657	0.4298246038777822
0.35295572916666573	0.6745552528658556
0.4529557291666657	0.9491307082687794
0.5529557291666657	1.2486606404457343
0.6529557291666657	1.5694749229934266
0.7529557291666656	1.9087244725783514
0.8529557291666656	2.26406796253133
0.9529557291666656	2.633561971861351
1.0529557291666656	3.0155052844690613
1.1529557291666657	3.4084526707443246
1.2529557291666658	3.8106421972963034
1.3529557291666658	4.220668163180321
1.452955729166666	4.6377645811848796
1.552955729166666	5.0612465084958425
1.652955729166666	5.490529276215902
1.7529557291666662	5.924996367437354
1.8529557291666663	6.364052534051625
1.9529557291666664	6.807237456877939
2.0529557291666665	7.254030745105572
2.1529557291666666	7.704028717795001
2.2529557291666666	8.15684191559931
2.3529557291666667	8.612077913122217
2.452955729166667	9.069564216683778
2.552955729166667	9.528983487115655
2.652955729166667	9.990154238367612
2.752955729166667	10.45288264774456
2.852955729166667	10.917052672868705
2.9529557291666673	11.382541950151099
3.0529557291666674	11.849265446879231
3.1529557291666674	12.317154887060635
3.2529557291666675	12.786158736554446
3.3529557291666676	13.256309894629986
3.4529557291666677	13.727694246006708
3.552955729166668	14.200392090027215
3.652955729166668	14.674412187588286
3.752955729166668	15.149880893810893
3.852955729166668	15.6268859840833
3.952955729166668	16.105577311853498
4.052955729166668	16.586080862063266
4.152955729166668	17.068554268882355
4.2529557291666675	17.553176225267116
4.352955729166667	18.040130797766512
4.452955729166667	18.529617828441797
4.5529557291666665	19.021846930787227
4.652955729166666	19.51706417993231
4.752955729166666	20.01546378829427
4.852955729166665	20.51731910316727
4.952955729166665	21.022833367796242
5.052955729166665	21.532302562436445
5.152955729166664	22.04602291515636
5.252955729166664	22.564222238981383
5.352955729166664	23.08721028970882
5.452955729166663	23.615231077332528
5.552955729166663	24.148522907538474
5.652955729166663	24.68749039107283
5.752955729166662	25.232390880655817
5.852955729166662	25.783659069158958
5.9529557291666615	26.341414168214595
6.052955729166661	26.90608824217626
6.152955729166661	27.47796051114009
6.25295572916666	28.057459967620495
6.35295572916666	28.64481128813188
6.45295572916666	29.240478978612064
6.552955729166659	29.844697926772987
6.652955729166659	30.4579063459756
6.752955729166659	31.080460772960315
6.852955729166658	31.712690457901665
6.952955729166658	32.354990550531575
7.052955729166658	33.00760610605594
7.152955729166657	33.67100111961754
7.252955729166657	34.34541613261505
7.3529557291666565	35.031294625685746
7.452955729166656	35.72887072931491
7.552955729166656	36.438532227864194
7.6529557291666555	37.16060424721813
7.752955729166655	37.895397246348246
7.852955729166655	38.64319443816645
7.952955729166654	39.404309209423076
8.052955729166655	40.17908920084838
8.152955729166655	40.96751425890106
8.252955729166654	41.769738960329846
8.352955729166654	42.58604248976299
8.452955729166653	43.41662407402425
8.552955729166653	44.26142654524585
8.652955729166653	45.12035817449272
8.752955729166652	45.993353849195124
8.852955729166652	46.880359926996995
8.952955729166652	47.781244296551655
9.052955729166651	48.695782062861305
9.152955729166651	49.62371076356108
9.25295572916665	50.5647964145403
9.35295572916665	51.5186736516441
9.45295572916665	52.484960836454384
9.55295572916665	53.46325881353771
9.65295572916665	54.45319603894921
9.752955729166649	55.45281138363775
9.852955729166649	56.46047669733427
9.952955729166648	57.4760291267753
10.052955729166648	58.49915291208615
10.152955729166647	59.52988504145295
10.252955729166647	60.56800281320866
10.352955729166647	61.613245822159136
10.452955729166646	62.665430043404065
10.552955729166646	63.7243899570989
10.652955729166646	64.78994880403182
10.752955729166645	65.86193086538518
10.852955729166645	66.94015414352799
10.952955729166645	68.024436879474
11.052955729166644	69.1145886664001
11.152955729166644	70.21043478433585
11.252955729166644	71.31178076767291
11.352955729166643	72.41831942897139
11.452955729166643	73.5299976150668
11.552955729166642	74.64649489227129
11.652955729166642	75.76758305369086
11.752955729166642	76.89302416836645
11.852955729166641	78.02248295161073
11.952955729166641	79.15558450951069
12.05295572916664	80.29199709288585
12.15295572916664	81.4313196136519
12.25295572916664	82.57299248460077
12.35295572916664	83.71641533731356
12.405207272727273	84.02190091619653
179769313486231570000000000000000000000000000000000000000000000000000000000000000000000000000000000000000000000000000000000000000000000000000000000000000000000000000000000000000000000000000000000000000000000000000000000000000000000000000000000000000000000000000000000000000000000000000000000000000000000000000	84.02190091619653
