-179769313486231570000000000000000000000000000000000000000000000000000000000000000000000000000000000000000000000000000000000000000000000000000000000000000000000000000000000000000000000000000000000000000000000000000000000000000000000000000000000000000000000000000000000000000000000000000000000000000000000000000	0
-0.0000000000000010212087999694948	0
0.0033333333333323122	0.002718187859649291
0.006666666666665646	0.005516506167536497
0.011666666666665645	0.009864604007758395
0.019166666666665645	0.016726794115064593
0.030416666666665645	0.02778893484993883
0.04729166666666565	0.046100365153633985
0.07260416666666565	0.07696881482497647
0.11057291666666566	0.13012386519741417
0.16752604166666568	0.22326585238290905
0.2529557291666657	0.38831920400446296
0.35295572916666573	0.6137027755237069
0.4529557291666657	0.8677342569341555
0.5529557291666657	1.1457868625744587
0.6529557291666657	1.4443196310125526
0.7529557291666656	1.7605371894318678
0.8529557291666656	2.09215827597299
0.9529557291666656	2.437219733331903
1.0529557291666656	2.794129963539509
1.1529557291666657	3.1615167576823793
1.2529557291666658	3.537655585916812
1.3529557291666658	3.9212711063011443
1.452955729166666	4.3115959816646985
1.552955729166666	4.707892492474071
1.652955729166666	5.109595392178414
1.7529557291666662	5.5160660451105725
1.8529557291666663	5.926689180959417
1.9529557291666664	6.341012053485421
2.0529557291666665	6.758494135038618
2.1529557291666666	7.178704409227396
2.2529557291666666	7.60124555072444
2.3529557291666667	8.02570538461361
2.452955729166667	8.451941141909149
2.552955729166667	8.879617832295468
2.652955729166667	9.308507825770384
2.752955729166667	9.73848980207368
2.852955729166667	10.1694113930906
2.9529557291666673	10.601130610292554
3.0529557291666674	11.033503519325071
3.1529557291666674	11.466657962160077
3.2529557291666675	11.900459161182216
3.3529557291666676	12.3349393320635
3.4529557291666677	12.770201978093029
3.552955729166668	13.206227137174066
3.652955729166668	13.64308263918151
3.752955729166668	14.080900554098584
3.852955729166668	14.519780487246075
3.952955729166668	14.959868024494352
4.052955729166668	15.401308249799872
4.152955729166668	15.844260515757844
4.2529557291666675	16.28890927271755
4.352955729166667	16.735448792906258
4.452955729166667	17.184083173591958
4.5529557291666665	17.63503184120557
4.652955729166666	18.088598149754723
4.752955729166666	18.54497507895087
4.852955729166665	19.004326938017062
4.952955729166665	19.466983611876188
5.052955729166665	19.933199033008226
5.152955729166664	20.40326044670655
5.252955729166664	20.877432796376848
5.352955729166664	21.35603320962522
5.452955729166663	21.83932357737482
5.552955729166663	22.327671450213067
5.652955729166663	22.821326195266558
5.752955729166662	23.3206668883434
5.852955729166662	23.825969146532646
5.9529557291666615	24.33761094385277
6.052955729166661	24.85585663189519
6.152955729166661	25.38113031691572
6.25295572916666	25.913758061647343
6.35295572916666	26.454075676407488
6.45295572916666	27.002518569984545
6.552955729166659	27.5593526265671
6.652955729166659	28.125078124008795
6.752955729166659	28.69996728761315
6.852955729166658	29.28449640572335
6.952955729166658	29.87898176283653
7.052955729166658	30.483797817931517
7.152955729166657	31.099352678207485
7.252955729166657	31.725970055372844
7.3529557291666565	32.364110446626114
7.452955729166656	33.01404176079603
7.552955729166656	33.676181968286535
7.6529557291666555	34.35090239335364
7.752955729166655	35.03854903314438
7.852955729166655	35.73943854717383
7.952955729166654	36.45390131295716
8.052955729166655	37.18234979310197
8.152955729166655	37.92488000749074
8.252955729166654	38.681634425294384
8.352955729166654	39.452877565494
8.452955729166653	40.23874233017874
8.552955729166653	41.039290850720306
8.652955729166653	41.854571852892796
8.752955729166652	42.684450570935994
8.852955729166652	43.52891582558652
8.952955729166652	44.387887717164816
9.052955729166651	45.26106225764445
9.152955729166651	46.148158831913314
9.25295572916665	47.04893694152311
9.35295572916665	47.96299881521234
9.45295572916665	48.88994175105162
9.55295572916665	49.829336852423616
9.65295572916665	50.78078119725141
9.752955729166649	51.742681649890365
9.852955729166649	52.713693978768305
9.952955729166648	53.69363014316426
10.052955729166648	54.682169205019896
10.152955729166647	55.67921846380001
10.252955729166647	56.684569844716655
10.352955729166647	57.698000599772605
10.452955729166646	58.71932156052004
10.552955729166646	59.748339401808636
10.652955729166646	60.78489064856342
10.752955729166645	61.82878031591425
10.852955729166645	62.87982384937054
10.952955729166645	63.937842604147306
11.052955729166644	65.00263477116887
11.152955729166644	66.07403467689375
11.252955729166644	67.15184711933459
11.352955729166643	68.23577642424642
11.452955729166643	69.325761941535
11.552955729166642	70.42148694732758
11.652955729166642	71.52266305811996
11.752955729166642	72.62921034733768
11.852955729166641	73.7407623144361
11.952955729166641	74.85702347540237
12.05295572916664	75.97768359983645
12.15295572916664	77.10236097240016
12.25295572916664	78.23062596680221
12.35295572916664	79.3619448984467
12.427810909090908	79.85049385160903
179769313486231570000000000000000000000000000000000000000000000000000000000000000000000000000000000000000000000000000000000000000000000000000000000000000000000000000000000000000000000000000000000000000000000000000000000000000000000000000000000000000000000000000000000000000000000000000000000000000000000000000	79.85049385160903
