-179769313486231570000000000000000000000000000000000000000000000000000000000000000000000000000000000000000000000000000000000000000000000000000000000000000000000000000000000000000000000000000000000000000000000000000000000000000000000000000000000000000000000000000000000000000000000000000000000000000000000000000	0
-0.0000000000000010255664549411733	0
0.003333333333332308	0.00236877985271292
0.008333333333332308	0.00843411958765626
0.015833333333332308	0.017997698348408336
0.027083333333332307	0.033387879049647434
0.04395833333333231	0.058814545308305335
0.06927083333333231	0.10188125201759388
0.1072395833333323	0.17638169850994895
0.16419270833333233	0.3076872474130201
0.24962239583333234	0.5419896795781167
0.3496223958333323	0.8993692738322796
0.4496223958333323	1.3409568575284863
0.5496223958333323	1.8330719335517294
0.6496223958333323	2.3678787277372093
0.7496223958333322	2.939245753966619
0.8496223958333322	3.542159981149644
0.9496223958333322	4.172477597942982
1.0496223958333322	4.826734970646992
1.1496223958333323	5.502047828944092
1.2496223958333323	6.195540989642498
1.3496223958333324	6.904457666585756
1.4496223958333325	7.626833126111592
1.5496223958333326	8.361203451729319
1.6496223958333327	9.106209797305624
1.7496223958333328	9.860553029423743
1.8496223958333329	10.622944946007753
1.949622395833333	11.392234849401019
2.049622395833333	12.167352232157187
2.149622395833333	12.947417423503586
2.2496223958333332	13.731647324629096
2.3496223958333333	14.519152205320088
2.4496223958333334	15.30936162649576
2.5496223958333335	16.101779896076525
2.6496223958333336	16.895807546344297
2.7496223958333337	17.69108973914001
2.8496223958333338	18.487365977535212
2.949622395833334	19.284325935346565
3.049622395833334	20.08167188753377
3.149622395833334	20.879375036832883
3.249622395833334	21.677448295521113
3.349622395833334	22.47578802692665
3.4496223958333343	23.274500696174982
3.5496223958333344	24.073687000585934
3.6496223958333345	24.873430821313264
3.7496223958333346	25.67392324879152
3.8496223958333347	26.475389231233837
3.9496223958333347	27.27808698750297
4.049622395833334	28.082314948946657
4.149622395833334	28.888391796779572
4.249622395833334	29.69666469356091
4.349622395833333	30.50752133905915
4.449622395833333	31.32139064036072
4.549622395833333	32.13871987784571
4.649622395833332	32.95995293530039
4.749622395833332	33.78556117816395
4.8496223958333315	34.616058403086136
4.949622395833331	35.45198401165093
5.049622395833331	36.293878344948816
5.1496223958333305	37.1423450247015
5.24962239583333	37.997942978472764
5.34962239583333	38.861272311552504
5.449622395833329	39.73291712309686
5.549622395833329	40.61350885203782
5.649622395833329	41.50368854026457
5.749622395833328	42.40411543259833
5.849622395833328	43.315464292850464
5.949622395833328	44.23843073199063
6.049622395833327	45.17365911753259
6.149622395833327	46.12188366796963
6.249622395833327	47.083861427113014
6.349622395833326	48.060304982210184
6.449622395833326	49.052016865421265
6.5496223958333255	50.05970747674932
6.649622395833325	51.08425209622901
6.749622395833325	52.12644100341815
6.849622395833324	53.18705284050599
6.949622395833324	54.26681710902924
7.049622395833324	55.36657739327184
7.149622395833323	56.48715820745196
7.249622395833323	57.62933651646851
7.349622395833323	58.793975426114606
7.449622395833322	59.98183778912054
7.549622395833322	61.19372094533521
7.649622395833322	62.43042826394716
7.749622395833321	63.6927626353011
7.849622395833321	64.98148117882653
7.9496223958333205	66.29730755889184
8.049622395833321	67.64107924671733
8.14962239583332	69.01350223269031
8.24962239583332	70.41484166082527
8.34962239583332	71.84545870360279
8.44962239583332	73.30591178082807
8.54962239583332	74.79653008060164
8.649622395833319	76.31736141812107
8.749622395833319	77.86829297421029
8.849622395833318	79.44925439890767
8.949622395833318	81.06022569999134
9.049622395833318	82.70087129587736
9.149622395833317	84.37055248305384
9.249622395833317	86.06873524440277
9.349622395833316	87.79476861242254
9.449622395833316	89.54777921977197
9.549622395833316	91.32687932607651
9.649622395833315	93.13116292033253
9.749622395833315	94.95896762450282
9.849622395833315	96.80788954190717
9.949622395833314	98.67658472618453
10.049622395833314	100.5646390389146
10.149622395833314	102.47161847786424
10.249622395833313	104.39710408340312
10.349622395833313	106.34065582677376
10.449622395833313	108.30189612052122
10.549622395833312	110.28043409111399
10.649622395833312	112.27591401602565
10.749622395833311	114.28795061460586
10.849622395833311	116.31615766198584
10.94962239583331	118.3602363521352
11.04962239583331	120.41980974345714
11.14962239583331	122.49448806807472
11.24962239583331	124.58393202195322
11.34962239583331	126.68767469379942
11.449622395833309	128.805294887173
11.549622395833309	130.9364628812832
11.649622395833308	133.08076533629938
11.749622395833308	135.23778411190963
11.849622395833308	137.4070221006305
11.949622395833307	139.58789405331535
12.049622395833307	141.77991745133005
12.149622395833306	143.98250705461083
12.249622395833306	146.19495075509167
12.349622395833306	148.41650329300452
12.449622395833305	150.25303500836557
12.450414545454546	150.9766204991645
179769313486231570000000000000000000000000000000000000000000000000000000000000000000000000000000000000000000000000000000000000000000000000000000000000000000000000000000000000000000000000000000000000000000000000000000000000000000000000000000000000000000000000000000000000000000000000000000000000000000000000000	150.97662130896532
