-179769313486231570000000000000000000000000000000000000000000000000000000000000000000000000000000000000000000000000000000000000000000000000000000000000000000000000000000000000000000000000000000000000000000000000000000000000000000000000000000000000000000000000000000000000000000000000000000000000000000000000000	0
-0.0000000000000010299241099128518	0
0.0033333333333323036	0.0021028241613584935
0.0066666666666656375	0.004277694882514165
0.011666666666665639	0.007675031993411983
0.019166666666665638	0.013073385153082498
0.030416666666665638	0.021846646035503958
0.047291666666665635	0.03650992657481676
0.07260416666666564	0.06155730885573632
0.11057291666666563	0.10526915270084279
0.16752604166666563	0.1830241759329589
0.25295572916666564	0.32266680557438
0.3529557291666656	0.5153582274971158
0.4529557291666656	0.7339667086912611
0.5529557291666656	0.9742594153365484
0.6529557291666656	1.2329971657894292
0.7529557291666655	1.5075496740819165
0.8529557291666655	1.79577318010966
0.9529557291666655	2.095850896409895
1.0529557291666656	2.4062622507625684
1.1529557291666657	2.7251768938111027
1.2529557291666658	3.042482196026656
1.3529557291666658	3.357982489078039
1.452955729166666	3.6764499084478617
1.552955729166666	4.0028281465038145
1.652955729166666	4.34260882020326
1.7529557291666662	4.695653829646108
1.8529557291666663	5.052211377804345
1.9529557291666664	5.411473105719868
2.0529557291666665	5.772856417451087
2.1529557291666666	6.135949887560887
2.2529557291666666	6.5003870332144
2.3529557291666667	6.865728360570288
2.452955729166667	7.23180377481945
2.552955729166667	7.59825376974601
2.652955729166667	7.9649073239308805
2.752955729166667	8.331554304747714
2.852955729166667	8.698050300782812
2.9529557291666673	9.064255386641667
3.0529557291666674	9.430070428335178
3.1529557291666674	9.795497321638141
3.2529557291666675	10.16042453276407
3.3529557291666676	10.524877405112575
3.4529557291666677	10.889039321518311
3.552955729166668	11.252929282952506
3.652955729166668	11.616530828855742
3.752955729166668	11.97998663162369
3.852955729166668	12.34349294515126
3.952955729166668	12.707154539256655
4.052955729166668	13.071113274396218
4.152955729166668	13.43553152726341
4.2529557291666675	13.800568967981755
4.352955729166667	14.166487469154442
4.452955729166667	14.533499411089547
4.5529557291666665	14.901834716719371
4.652955729166666	15.271738419053262
4.752955729166666	15.643466039546663
4.852955729166665	16.01728132906891
4.952955729166665	16.39346434039895
5.052955729166665	16.772318369766857
5.152955729166664	17.154090855763517
5.252955729166664	17.539113016742558
5.352955729166664	17.92775082102755
5.452955729166663	18.320235655350036
5.552955729166663	18.716900060359293
5.652955729166663	19.118115702325884
5.752955729166662	19.524258997880906
5.852955729166662	19.935601005765974
5.9529557291666615	20.35251417518746
6.052955729166661	20.775335731503954
6.152955729166661	21.204612518283973
6.25295572916666	21.640494643132858
6.35295572916666	22.083578457764204
6.45295572916666	22.534057804814292
6.552955729166659	22.992506879812122
6.652955729166659	23.459213037924208
6.752955729166659	23.93469376517137
6.852955729166658	24.419350108005727
6.952955729166658	24.91352921998724
7.052955729166658	25.417809211727604
7.152955729166657	25.932423642442874
7.252955729166657	26.457984961981985
7.3529557291666565	26.994770747362498
7.452955729166656	27.543338654328217
7.552955729166656	28.10400643224556
7.6529557291666555	28.677259080907227
7.752955729166655	29.263528411125996
7.852955729166655	29.863224309011006
7.952955729166654	30.476731679778613
8.052955729166655	31.104487225884785
8.152955729166655	31.74684458430937
8.252955729166654	32.403895165029795
8.352955729166654	33.07603929274151
8.452955729166653	33.76348960954683
8.552955729166653	34.46638534303576
8.652955729166653	35.184700438475055
8.752955729166652	35.91838940744621
8.852955729166652	36.66744481310945
8.952955729166652	37.43183388709901
9.052955729166651	38.211254781141726
9.152955729166651	39.005368210934506
9.25295572916665	39.81393337201466
9.35295572916665	40.63648397862709
9.45295572916665	41.47256276069126
9.55295572916665	42.32168367106172
9.65295572916665	43.183379267536836
9.752955729166649	44.05658857827085
9.852955729166649	44.94049804074275
9.952955729166648	45.83495611789668
10.052955729166648	46.73970287648814
10.152955729166647	47.65458473570836
10.252955729166647	48.57935176513365
10.352955729166647	49.51384304240128
10.452955729166646	50.457876433027764
10.552955729166646	51.411204200021615
10.652955729166646	52.373722192181965
10.752955729166645	53.34515020709269
10.852955729166645	54.32535872865757
10.952955729166645	55.314229699216426
11.052955729166644	56.31152211007278
11.152955729166644	57.317096282845995
11.252955729166644	58.33077079381161
11.352955729166643	59.35229238012079
11.452955729166643	60.38153893913443
11.552955729166642	61.41830901739767
11.652955729166642	62.46238884075823
11.752955729166642	63.51357372129646
11.852955729166641	64.57164439239033
11.952955729166641	65.6363589162845
12.05295572916664	66.70747433131679
12.15295572916664	67.7847032002951
12.25295572916664	68.86774988430919
12.35295572916664	69.95625005690887
12.45295572916664	70.83997312827255
12.473018181818182	70.85226626762572
179769313486231570000000000000000000000000000000000000000000000000000000000000000000000000000000000000000000000000000000000000000000000000000000000000000000000000000000000000000000000000000000000000000000000000000000000000000000000000000000000000000000000000000000000000000000000000000000000000000000000000000	70.85226626762572
