-100000	0
-0.002999218463898501	0
0.00033411486943483266	0.0004503991358586941
0.005334114869434832	0.0016549810357433465
0.012834114869434832	0.004326942495741727
0.024084114869434833	0.00980438854314094
0.040959114869434834	0.020566597403102113
0.06627161486943484	0.04115075823967929
0.10424036486943483	0.07977997923849982
0.16119348986943483	0.15120837074239915
0.24662317736943484	0.28157959936610394
0.3466231773694348	0.461475260654876
0.4466231773694348	0.6646006632220361
0.5466231773694348	0.8866955504828867
0.6466231773694348	1.1247371779113349
0.7466231773694347	1.3082838257690974
0.8466231773694347	1.424778667708587
0.9466231773694347	1.503309743312432
1.0466231773694348	1.5542362256761764
1.1466231773694349	1.5847189323865623
1.246623177369435	1.6008151752644935
1.346623177369435	1.608331615287225
1.4466231773694351	1.6129981593469658
1.5466231773694352	1.620666413246032
1.6466231773694353	1.6375682791719783
1.7466231773694354	1.670654431968124
1.8466231773694355	1.7281682714349642
1.9466231773694356	1.820695615356266
2.0466231773694354	1.9644417644156418
2.1466231773694355	2.2026450354438594
2.2466231773694356	2.5325109244557855
2.3466231773694357	2.863422770393498
2.446623177369436	3.1951235732634116
2.546623177369436	3.5273808791423003
2.646623177369436	3.859985357083625
2.746623177369436	4.192749771040283
2.846623177369436	4.525508389965526
2.9466231773694362	4.858115668997056
3.0466231773694363	5.190445798170673
3.1466231773694364	5.522393064509938
3.2466231773694365	5.853870722680346
3.3466231773694366	6.184811546298556
3.4466231773694367	6.51516685860433
3.5466231773694368	6.844907845197748
3.646623177369437	7.1740243808768716
3.746623177369437	7.502521382694174
3.846623177369437	7.830443325474089
3.946623177369437	8.157825379101762
4.046623177369437	8.484743469946917
4.146623177369436	8.811289294368132
4.246623177369436	9.137576919649476
4.346623177369436	9.463743049604645
4.446623177369435	9.789947662137946
4.546623177369435	10.116374914540746
4.646623177369435	10.443233991526208
4.746623177369434	10.770759549670718
4.846623177369434	11.09921408405535
4.946623177369434	11.428887030412637
5.046623177369433	11.760097147203107
5.146623177369433	12.093192781763005
5.2466231773694325	12.428553123886859
5.346623177369432	12.766588888384874
5.446623177369432	13.107743022800708
5.5466231773694314	13.452491558612593
5.646623177369431	13.801343519612002
5.746623177369431	14.154839346106922
5.84662317736943	14.513559270842668
5.94662317736943	14.878123544385533
6.04662317736943	15.249158904657172
6.146623177369429	15.627358124022319
6.246623177369429	16.013263693215077
6.346623177369429	16.407257194764956
6.446623177369428	16.809747826340107
6.546623177369428	17.221158264363616
6.6466231773694275	17.64189116641808
6.746623177369427	18.072329623627155
6.846623177369427	18.51283824442251
6.9466231773694265	18.96376239566782
7.046623177369426	19.425430239279933
7.146623177369426	19.898155279499473
7.246623177369425	20.382234804583103
7.346623177369425	20.87795264545544
7.446623177369425	21.3855784861999
7.546623177369424	21.905369933979166
7.646623177369424	22.437572355915794
7.746623177369424	22.982420096805427
7.846623177369423	23.540136472553428
7.946623177369423	24.11093503882428
8.046623177369423	24.695019657617625
8.146623177369422	25.292585192275997
8.246623177369422	25.90381803790412
8.346623177369421	26.528896323538373
8.446623177369421	27.1679901996481
8.54662317736942	27.821262643326797
8.64662317736942	28.488869631196604
8.74662317736942	29.170958880247543
8.84662317736942	29.867672739239897
8.94662317736942	30.579149135089672
9.046623177369419	31.305514781186776
9.146623177369419	32.04689367452268
9.246623177369418	32.80340306677123
9.346623177369418	33.575154092140586
9.446623177369418	34.362252099497084
9.546623177369417	35.164796437495376
9.646623177369417	35.9828813149999
9.746623177369417	36.81441143519045
9.846623177369416	37.65697112708493
9.946623177369416	38.51043052564636
10.046623177369415	39.374643611607155
10.146623177369415	40.2494645748282
10.246623177369415	41.13474255063914
10.346623177369414	42.0303250052618
10.446623177369414	42.93606104185952
10.546623177369414	43.85179552646086
10.646623177369413	44.77737037798521
10.746623177369413	45.71262790975229
10.846623177369413	46.65740964354661
10.946623177369412	47.611552471232116
11.046623177369412	48.57489228168605
11.146623177369412	49.54726575746135
11.246623177369411	50.52850576162808
11.34662317736941	51.51844237796839
11.44662317736941	52.516906066074405
11.54662317736941	53.523726405320566
11.64662317736941	54.53872763098117
11.74662317736941	55.5617376333974
11.846623177369409	56.59257739825396
11.946623177369409	57.63106919741157
12.046623177369408	58.67703395033502
12.146623177369408	59.73029169809347
12.246623177369408	60.79069430741578
12.346623177369407	61.858106179587395
12.446623177369407	62.932396983115275
12.546623177369407	63.70906265498281
12.567848765639532	63.71746720275198
1000012.5678487656	63.71746720275198
