-100000	0
-0.002999218463898501	0
0.00033411486943483266	0.000011019250917113819
0.005334114869434832	0.00013670021290065784
0.012834114869434832	0.0008214628035507902
0.024084114869434833	0.0034841734648319495
0.040959114869434834	0.010437358749391664
0.06627161486943484	0.025631313886704202
0.10424036486943483	0.05644219338400083
0.16119348986943483	0.11634708846240933
0.24662317736943484	0.2295598882374344
0.3466231773694348	0.3894022440464532
0.4466231773694348	0.5724638663599501
0.5466231773694348	0.7744601558801208
0.6466231773694348	0.9923436356906392
0.7466231773694347	1.1515736985733989
0.8466231773694347	1.2474849250973785
0.9466231773694347	1.3091852929851657
1.0466231773694348	1.3463243697952347
1.1466231773694349	1.3654383270759685
1.246623177369435	1.3719567091818412
1.346623177369435	1.3722127400108868
1.4466231773694351	1.3722127400108868
1.5466231773694352	1.3724550377122176
1.6466231773694353	1.3793661631598886
1.7466231773694354	1.4006305145624758
1.8466231773694355	1.4438390645703991
1.9466231773694356	1.5190117959416067
2.0466231773694354	1.6417301406747293
2.1466231773694355	1.855487055116737
2.2466231773694356	2.1671363485157915
2.3466231773694357	2.479919391678606
2.446623177369436	2.7935473155729715
2.546623177369436	3.10775482057605
2.646623177369436	3.422299845413321
2.746623177369436	3.736961259840401
2.846623177369436	4.051538204105212
2.9466231773694362	4.365849088609278
3.0466231773694363	4.679731366822748
3.1466231773694364	4.993040365304626
3.2466231773694365	5.305649195812955
3.3466231773694366	5.6174485412575
3.4466231773694367	5.9283463687215034
3.5466231773694368	6.238267968406543
3.646623177369437	6.547156102960382
3.746623177369437	6.8549712520914925
3.846623177369437	7.161691503959041
3.946623177369437	7.467313396672184
4.046623177369437	7.771852491114297
4.146623177369436	8.075343728220863
4.246623177369436	8.377841832223382
4.346623177369436	8.679422978702439
4.446623177369435	8.980185257778047
4.546623177369435	9.280249088030406
4.646623177369435	9.579760197139175
4.746623177369434	9.878887322354927
4.846623177369434	10.177830628763775
4.946623177369434	10.476785659708108
5.046623177369433	10.77608797594473
5.146623177369433	11.075943370601538
5.2466231773694325	11.376696534573998
5.346623177369432	11.678700115403732
5.446623177369432	11.982342326103861
5.5466231773694314	12.288047598047868
5.646623177369431	12.596278427632502
5.746623177369431	12.907535816777955
5.84662317736943	13.222357916462212
5.94662317736943	13.541322309494022
6.04662317736943	13.865041529702268
6.146623177369429	14.194162186098636
6.246623177369429	14.529361339659369
6.346623177369429	14.871340882007038
6.446623177369428	15.22082216970432
6.546623177369428	15.578516832900148
6.6466231773694275	15.944979502630348
6.746623177369427	16.320670484051238
6.846623177369427	16.70602006560452
6.9466231773694265	17.101430859025697
7.046623177369426	17.507281427132284
7.146623177369426	17.923927706221264
7.246623177369425	18.351704712849045
7.346623177369425	18.790928581572235
7.446623177369425	19.241897471769313
7.546623177369424	19.70489372192916
7.646623177369424	20.180185613699205
7.746623177369424	20.668027163639668
7.846623177369423	21.16865931658991
7.946623177369423	21.682313370125446
8.046623177369423	22.20920074367441
8.146623177369422	22.74953534049161
8.246623177369422	23.303511997587393
8.346623177369421	23.87131808108258
8.446623177369421	24.453131485849127
8.54662317736942	25.049117453770727
8.64662317736942	25.65942905336378
8.74662317736942	26.284226766671278
8.84662317736942	26.923646994077227
8.94662317736942	27.577829716422002
9.046623177369419	28.2468952831064
9.146623177369419	28.930956456529692
9.246623177369418	29.630116059728813
9.346623177369418	30.344466141401348
9.446623177369418	31.07408740348485
9.546623177369417	31.81904907135286
9.646623177369417	32.579408267615605
9.746623177369417	33.35363626561271
9.846623177369416	34.13989403978471
9.946623177369416	34.938016901605096
10.046623177369415	35.747843612680335
10.146623177369415	36.569211313151484
10.246623177369415	37.40195796145789
10.346623177369414	38.24591934009501
10.446623177369414	39.10093426430416
10.546623177369414	39.96683790133173
10.646623177369413	40.84346737072979
10.746623177369413	41.7306581316121
10.846623177369413	42.628244933726094
10.946623177369412	43.53606388364011
11.046623177369412	44.453949727093985
11.146623177369412	45.381736052079546
11.246623177369411	46.31925818676879
11.34662317736941	47.26634986893823
11.44662317736941	48.2228442217752
11.54662317736941	49.18857422881458
11.64662317736941	50.16337353526932
11.74662317736941	51.147074310633535
11.846623177369409	52.139508013127006
11.946623177369409	53.140507797489974
12.046623177369408	54.14990486773574
12.146623177369408	55.16753015788426
12.246623177369408	56.19321407059469
12.346623177369407	57.226787984289345
12.446623177369407	58.26808216257226
12.546623177369407	59.209763017092584
12.597341308779905	59.31134211798979
1000012.5973413088	59.31134211798979
