-179769313486231570000000000000000000000000000000000000000000000000000000000000000000000000000000000000000000000000000000000000000000000000000000000000000000000000000000000000000000000000000000000000000000000000000000000000000000000000000000000000000000000000000000000000000000000000000000000000000000000000000	0
-0.0000000000000003449478581484713	0
0.0033333333333329888	0.0004646177179456624
0.008333333333332988	0.001820307672877078
0.015833333333332988	0.004479614898835245
0.027083333333332987	0.009844215364849767
0.04395833333333299	0.020579860776056946
0.06927083333333299	0.04181408498783247
0.107239583333333	0.08328636174242343
0.164192708333333	0.16289543688486607
0.249622395833333	0.3127238475282569
0.349622395833333	0.5467850444671694
0.44962239583333297	0.8379085367951196
0.5496223958333329	1.1613032743852028
0.6496223958333329	1.5098099381354835
0.7496223958333329	1.8780846756822624
0.8496223958333329	2.2620468668331113
0.9496223958333329	2.6584791897817253
1.0496223958333328	3.064678088861073
1.149622395833333	3.4782457791880206
1.249622395833333	3.8974341996622455
1.349622395833333	4.320994267553876
1.4496223958333332	4.747571250886058
1.5496223958333333	5.175835044508312
1.6496223958333334	5.604659009700995
1.7496223958333335	6.0330256576443
1.8496223958333335	6.460182853359028
1.9496223958333336	6.885515013568625
2.0496223958333335	7.308414226390205
2.1496223958333336	7.7284761382875145
2.2496223958333337	8.145381618366903
2.3496223958333338	8.558951389924516
2.449622395833334	8.969126536943477
2.549622395833334	9.375871235645402
2.649622395833334	9.779338349974015
2.749622395833334	10.179944572281943
2.849622395833334	10.578108679507416
2.9496223958333343	10.974227750730742
3.0496223958333344	11.36895934717066
3.1496223958333345	11.763260168546566
3.2496223958333346	12.158268106171061
3.3496223958333347	12.555288287389743
3.4496223958333347	12.955857440366469
3.549622395833335	13.361797961024916
3.649622395833335	13.775255240791024
3.749622395833335	14.198767584970003
3.849622395833335	14.635344482170852
3.949622395833335	15.0884365177903
4.049622395833335	15.561950417809784
4.149622395833335	16.060210510219378
4.249622395833335	16.58779353402029
4.349622395833334	17.149401274603836
4.449622395833334	17.749369970393015
4.5496223958333335	18.391011163532717
4.649622395833333	19.076716551401955
4.749622395833333	19.808169343923726
4.849622395833332	20.586805885681784
4.949622395833332	21.413884604935145
5.049622395833332	22.290241357149174
5.149622395833331	23.216479725429597
5.249622395833331	24.19295668078655
5.349622395833331	25.219747413245553
5.44962239583333	26.29666591528482
5.54962239583333	27.423343293324248
5.64962239583333	28.599149471035073
5.749622395833329	29.823039368504716
5.849622395833329	31.09375012380802
5.9496223958333285	32.41011968494549
6.049622395833328	33.77082688923912
6.149622395833328	35.1743962003227
6.2496223958333275	36.61933773529319
6.349622395833327	38.10417522441236
6.449622395833327	39.62745592782257
6.549622395833326	41.18763425033789
6.649622395833326	42.783218471793916
6.749622395833326	44.41276727475427
6.849622395833325	46.07484452881208
6.949622395833325	47.76803934192524
7.049622395833325	49.491064409458964
7.149622395833324	51.24263559840181
7.249622395833324	53.021433645350285
7.3496223958333236	54.8263548030996
7.449622395833323	56.656195920168784
7.549622395833323	58.50991037352171
7.6496223958333225	60.38649949044813
7.749622395833322	62.28478588310045
7.849622395833322	64.20382928134288
7.949622395833321	66.14268289157646
8.049622395833321	68.1004375045427
8.14962239583332	70.07618979384246
8.24962239583332	72.06905873843692
8.34962239583332	74.07828262731273
8.44962239583332	76.10306986061745
8.54962239583332	78.14267634063195
8.649622395833319	80.19640035568496
8.749622395833319	82.2634933578744
8.849622395833318	84.34331835601647
8.949622395833318	86.43520883251323
9.049622395833318	88.53855403542728
9.149622395833317	90.65273815823294
9.249622395833317	92.77717840807193
9.349622395833316	94.91130793247324
9.449622395833316	97.0545725282018
9.549622395833316	99.20646980452895
9.649622395833315	101.3664807296712
9.749622395833315	103.53419714739502
9.849622395833315	105.70906612367943
9.949622395833314	107.89060197609001
10.049622395833314	110.07840896011612
10.149622395833314	112.27205807752543
10.249622395833313	114.4711347521549
10.349622395833313	116.67521705143413
10.449622395833313	118.88388572068783
10.549622395833312	121.09673462205689
10.649622395833312	123.31334508848646
10.749622395833311	125.53331951025314
10.849622395833311	127.7562568505411
10.94962239583331	129.9817511845371
11.04962239583331	132.20943180556895
11.14962239583331	134.4389159723555
11.24962239583331	136.6698335768133
11.34962239583331	138.9018248256234
11.449622395833309	141.13451959431924
11.549622395833309	143.36757734470535
11.649622395833308	145.60064536460428
11.749622395833308	147.83339751159164
11.849622395833308	150.06551337196387
11.949622395833307	152.2966451054194
12.049622395833307	154.5264692737761
12.149622395833306	156.75467274940885
12.249622395833306	158.9809443264853
12.349622395833306	161.2049718942273
12.449622395833305	163.4264490832837
12.549622395833305	165.6450720102697
12.649622395833305	167.8016320104881
12.749622395833304	169.67913209757452
12.849622395833304	171.33813209757452
12.949622395833304	172.9971320975745
13.049622395833303	174.6561320975745
13.149622395833303	176.3151320975745
13.249622395833303	177.97413209757448
13.349622395833302	179.63313209757447
13.449622395833302	181.29213209757447
13.549622395833302	182.95113209757446
13.649622395833301	184.61013209757445
13.7496223958333	186.26913209757444
13.8496223958333	187.92813209757443
13.9496223958333	189.58713209757443
14.0496223958333	191.24613209757442
14.1496223958333	192.9051320975744
14.249622395833299	194.5641320975744
14.349622395833299	196.2231320975744
14.449622395833298	197.88213209757438
14.549622395833298	199.54113209757438
14.649622395833298	201.23955709106392
14.749622395833297	203.01743208455346
14.849622395833297	204.83533208455347
14.949622395833297	206.65323208455348
15.049622395833296	208.29783892700146
15.149622395833296	209.76849576944943
15.249622395833295	211.2384957694494
15.349622395833295	212.70849576944937
15.449622395833295	214.17849576944934
15.549622395833294	215.6484957694493
15.649622395833294	217.11849576944928
15.749622395833294	218.58849576944925
15.849622395833293	220.05849576944922
15.949622395833293	221.5284957694492
16.049622395833293	222.99849576944916
16.149622395833294	224.46849576944916
16.249622395833295	225.9384957694492
16.349622395833297	227.40849576944922
16.4496223958333	228.87849576944924
16.5496223958333	230.34849576944927
16.6496223958333	231.8184957694493
16.749622395833303	233.28849576944933
16.849622395833304	234.75849576944935
16.949622395833305	236.22849576944938
17.049622395833307	237.6984957694494
17.14962239583331	239.16849576944944
17.24962239583331	240.63849576944946
17.34962239583331	242.1084957694495
17.449622395833313	243.57849576944952
17.549622395833314	245.04849576944954
17.649622395833315	246.51849576944957
17.749622395833317	247.9884957694496
17.849622395833318	249.45849576944963
17.94962239583332	250.92849576944965
18.04962239583332	252.39849576944968
18.149622395833322	253.8684957694497
18.249622395833324	255.33849576944974
18.349622395833325	256.80849576944973
18.449622395833327	258.27849576944976
18.549622395833328	259.7484957694498
18.64962239583333	261.2184957694498
18.74962239583333	262.68849576944984
18.849622395833332	264.15849576944987
18.949622395833334	265.6284957694499
19.049622395833335	267.0984957694499
19.149622395833337	268.56849576944995
19.249622395833338	270.03849576945
19.34962239583334	271.50849576945
19.44962239583334	272.97849576945003
19.549622395833342	274.44849576945006
19.649622395833344	275.9184957694501
19.749622395833345	277.3884957694501
19.849622395833347	278.85849576945014
19.949622395833348	280.32849576945017
20.04962239583335	281.7984957694502
20.14962239583335	283.2684957694502
20.249622395833352	285.08020058715863
20.349622395833354	287.23490540486705
20.449622395833355	289.2207005871587
20.549622395833357	290.86349576945037
20.649622395833358	292.3334957694504
20.74962239583336	293.8034957694504
20.84962239583336	295.27349576945045
20.949622395833362	296.7434957694505
21.049622395833364	298.2134957694505
21.149622395833365	299.68349576945053
21.249622395833367	301.15349576945056
21.349622395833368	302.6234957694506
21.44962239583337	304.0934957694506
21.54962239583337	305.56349576945064
21.649622395833372	307.03349576945067
21.749622395833374	308.5034957694507
21.849622395833375	309.9734957694507
21.949622395833376	311.44349576945075
22.049622395833378	312.9134957694508
22.14962239583338	314.3834957694508
22.24962239583338	315.85349576945083
22.349622395833382	317.32349576945086
22.449622395833384	318.7934957694509
22.549622395833385	320.2634957694509
22.649622395833386	321.73349576945094
22.749622395833388	323.20349576945097
22.75	323.9440465507002
179769313486231570000000000000000000000000000000000000000000000000000000000000000000000000000000000000000000000000000000000000000000000000000000000000000000000000000000000000000000000000000000000000000000000000000000000000000000000000000000000000000000000000000000000000000000000000000000000000000000000000000	323.9495973319494
