-179769313486231570000000000000000000000000000000000000000000000000000000000000000000000000000000000000000000000000000000000000000000000000000000000000000000000000000000000000000000000000000000000000000000000000000000000000000000000000000000000000000000000000000000000000000000000000000000000000000000000000000	0
0.02481521941535865	0
0.028148552748691984	0.000023903073035433405
0.03148188608202532	0.00014773087529662576
0.036481886082025315	0.000605607694196008
0.043981886082025315	0.0019286842802349552
0.05523188608202531	0.005438315453549371
0.07210688608202531	0.013357538796597682
0.09741938608202531	0.02777267844050673
0.13538813608202532	0.05329332301187811
0.19234126108202532	0.09894712343399625
0.27777094858202533	0.1818445212168096
0.3777709485820253	0.2971147884770659
0.4777709485820253	0.4287812930947847
0.5777709485820253	0.5741116707156206
0.6777709485820252	0.7310488202142622
0.7777709485820252	0.8979507257513131
0.8777709485820252	1.073463272692488
0.9777709485820252	1.2564621490131556
1.0777709485820253	1.4461446268724578
1.1777709485820254	1.641982863118802
1.2777709485820254	1.8434642947706372
1.3777709485820255	2.0500250487838274
1.4777709485820256	2.2610597028918327
1.5777709485820257	2.4760691263131016
1.6777709485820258	2.694545930594861
1.777770948582026	2.91597398476447
1.877770948582026	3.1399982950735152
1.977770948582026	3.366164028239969
2.077770948582026	3.594144482107644
2.177770948582026	3.8236083812803168
2.277770948582026	4.054203297560779
2.377770948582026	4.285705623732585
2.4777709485820263	4.517797424916737
2.5777709485820264	4.7502913321004865
2.6777709485820265	4.982948552565969
2.7777709485820266	5.215575620327541
2.8777709485820266	5.448011030772738
2.9777709485820267	5.680073771100389
3.077770948582027	5.911640622696641
3.177770948582027	6.142588226623924
3.277770948582027	6.372826869384474
3.377770948582027	6.6022289698055046
3.477770948582027	6.830759146788448
3.5777709485820273	7.058296267671698
3.6777709485820274	7.284818226527944
3.7777709485820274	7.510321010160786
3.8777709485820275	7.734773858252062
3.9777709485820276	7.958132698617015
4.077770948582027	8.18039043667554
4.177770948582027	8.401577564177321
4.2777709485820266	8.621668520011312
4.377770948582026	8.84064185850904
4.477770948582026	9.058558583920096
4.5777709485820255	9.27548599514667
4.677770948582025	9.49142581903966
4.777770948582025	9.706444197725716
4.877770948582024	9.920600634959404
4.977770948582024	10.133984549644111
5.077770948582024	10.346691808555006
5.177770948582023	10.558813753979312
5.277770948582023	10.770458359232615
5.377770948582023	10.981744681769763
5.477770948582022	11.192686237696138
5.577770948582022	11.403397162946524
5.677770948582022	11.614131961853678
5.777770948582021	11.824977983475254
5.877770948582021	12.036186633136063
5.9777709485820205	12.247838062221586
6.07777094858202	12.46016177664602
6.17777094858202	12.6726370581293
6.2777709485820195	12.884539645920528
6.377770948582019	13.096572600803642
6.477770948582019	13.309519541553142
6.577770948582018	13.524190950571436
6.677770948582018	13.74147658582109
6.777770948582018	13.962222186530829
6.877770948582017	14.187314535524838
6.977770948582017	14.417617239232
7.077770948582017	14.654025990502694
7.177770948582016	14.897279626138182
7.277770948582016	15.148130606444191
7.3777709485820155	15.407307533885163
7.477770948582015	15.675465601835418
7.577770948582015	15.953217612437665
7.6777709485820145	16.24105498098125
7.777770948582014	16.53945421158033
7.877770948582014	16.84880023709948
7.977770948582013	17.169558369203262
8.077770948582014	17.50194634738451
8.177770948582014	17.846328422484934
8.277770948582013	18.202845023689818
8.377770948582013	18.571721137494173
8.477770948582013	18.95305231462252
8.577770948582012	19.346860665178458
8.677770948582012	19.753242280377165
8.777770948582011	20.17216321265729
8.877770948582011	20.603522269020573
8.97777094858201	21.047204300573753
9.07777094858201	21.503123263147724
9.17777094858201	21.971232175355635
9.27777094858201	22.451434504817886
9.37777094858201	22.943498597196704
9.477770948582009	23.447084915572276
9.577770948582009	23.96196610379287
9.677770948582008	24.487802441089066
9.777770948582008	25.02420607271545
9.877770948582008	25.571045343424363
9.977770948582007	26.12820618347336
10.077770948582007	26.695525470543448
10.177770948582006	27.272938526472938
10.277770948582006	27.860266968283742
10.377770948582006	28.457375109866867
10.477770948582005	29.064136550481596
10.577770948582005	29.680400645731535
10.677770948582005	30.30607741303247
10.777770948582004	30.941020081003614
10.877770948582004	31.58510708095834
10.977770948582004	32.23823453491495
11.077770948582003	32.90025426179091
11.177770948582003	33.571072805263945
11.277770948582003	34.25058060754581
11.377770948582002	34.93859563727741
11.477770948582002	35.63509511957667
11.577770948582002	36.33991826222665
11.677770948582001	37.05294228072541
11.777770948582	37.77407722599574
11.877770948582	38.503183072443385
11.977770948582	39.24017472906759
12.077770948582	39.98494452764878
12.177770948582	40.73728866223276
12.277770948581999	41.497135404560304
12.377770948581999	42.26437807109657
12.477770948581998	43.0388316060379
12.55488	43.36762732523821
179769313486231570000000000000000000000000000000000000000000000000000000000000000000000000000000000000000000000000000000000000000000000000000000000000000000000000000000000000000000000000000000000000000000000000000000000000000000000000000000000000000000000000000000000000000000000000000000000000000000000000000	43.36762732523821
