-100000	0
0.0831008398467592	0
0.08643417318009253	0.00000200038028156879
0.09143417318009253	0.000028852176915506734
0.09893417318009254	0.00017575554449618622
0.11018417318009253	0.0007618481412845251
0.12705917318009252	0.002749747797221443
0.15237167318009254	0.008732873644704911
0.19034042318009253	0.02314782824912419
0.24729354818009253	0.05344523732345369
0.33272323568009254	0.11360968428110914
0.4327232356800925	0.20160840542729314
0.5327232356800925	0.3050276476931637
0.6327232356800925	0.42147734754819643
0.7327232356800925	0.5492529596677985
0.8327232356800924	0.6870424949969036
0.9327232356800924	0.833785245255779
1.0327232356800924	0.9885928692697425
1.1327232356800925	1.1507015381962258
1.2327232356800926	1.319440749234283
1.3327232356800927	1.4942122389500367
1.4327232356800927	1.6744749980702676
1.5327232356800928	1.8597342475398393
1.632723235680093	2.049533501167919
1.732723235680093	2.2434477735723313
1.832723235680093	2.4410784882098273
1.9327232356800932	2.642053185964736
2.032723235680093	2.8460146890994014
2.132723235680093	3.052626643792747
2.2327232356800932	3.2615668736797563
2.3327232356800933	3.472527005927971
2.4327232356800934	3.685211162085635
2.5327232356800935	3.899334605295761
2.6327232356800936	4.114623449613722
2.7327232356800937	4.330833886408947
2.8327232356800938	4.547642524544249
2.932723235680094	4.764869628496454
3.032723235680094	4.982252097890887
3.132723235680094	5.199557238254505
3.232723235680094	5.416559641850919
3.332723235680094	5.633039996907434
3.4327232356800943	5.848789767120729
3.5327232356800944	6.063601644187984
3.6327232356800945	6.277279106799489
3.7327232356800946	6.489631690895309
3.8327232356800947	6.700476181612303
3.9327232356800947	6.9095902704873735
4.032723235680095	7.116945374655486
4.1327232356800945	7.322242009502778
4.232723235680094	7.525375366310781
4.332723235680094	7.7262020241864375
4.432723235680093	7.924589969451409
4.532723235680093	8.120416281620395
4.632723235680093	8.313569463317448
4.732723235680092	8.503950048136499
4.832723235680092	8.691471737163118
4.932723235680092	8.876062618733624
5.032723235680091	9.057666596139342
5.132723235680091	9.236245239410172
5.232723235680091	9.411779547983535
5.33272323568009	9.584272562215174
5.43272323568009	9.753751562223131
5.5327232356800895	9.920272068256539
5.632723235680089	10.08392138076822
5.732723235680089	10.24482283269468
5.832723235680088	10.40314731983131
5.932723235680088	10.559102756754447
6.032723235680088	10.712972566970334
6.132723235680087	10.865101850712414
6.232723235680087	11.015925105153821
6.332723235680087	11.1659852596657
6.432723235680086	11.315963143186735
6.532723235680086	11.466718808718376
6.632723235680086	11.619351423413894
6.732723235680085	11.775305495039168
6.832723235680085	11.935939310969804
6.9327232356800845	12.102019296117556
7.032723235680084	12.274155613004858
7.132723235680084	12.452865990537104
7.2327232356800835	12.638584618709093
7.332723235680083	12.831722063396034
7.432723235680083	13.032612563039097
7.532723235680082	13.241566335074008
7.632723235680082	13.45886462532062
7.732723235680082	13.68476652598398
7.832723235680081	13.919512479579131
7.932723235680081	14.163161300165891
8.03272323568008	14.41625853156189
8.13272323568008	14.678841265245252
8.23272323568008	14.9511047426372
8.33272323568008	15.233238017835337
8.43272323568008	15.525423169830269
8.532723235680079	15.827838521021548
8.632723235680078	16.140656811130377
8.732723235680078	16.46404835286696
8.832723235680078	16.79817817067461
8.932723235680077	17.143208116503402
9.032723235680077	17.499296179023904
9.132723235680077	17.86659503923018
9.232723235680076	18.245252456783362
9.332723235680076	18.635409508256227
9.432723235680076	19.037199394104817
9.532723235680075	19.45074588613462
9.632723235680075	19.876161049741803
9.732723235680075	20.313086253513536
9.832723235680074	20.760680063367886
9.932723235680074	21.21885859971279
10.032723235680074	21.687556263745453
10.132723235680073	22.166708378614373
10.232723235680073	22.656245836148514
10.332723235680072	23.156106983810105
10.432723235680072	23.66623016350649
10.532723235680072	24.186552233634643
10.632723235680071	24.717009795170462
10.732723235680071	25.25754159574111
10.83272323568007	25.808085213761057
10.93272323568007	26.36857939379355
11.03272323568007	26.938963069919232
11.13272323568007	27.51917597541907
11.23272323568007	28.10915731181425
11.332723235680069	28.708848494390633
11.432723235680069	29.318189959466796
11.532723235680068	29.937123096351296
11.632723235680068	30.565589531382685
11.732723235680067	31.20353175234431
11.832723235680067	31.850891828966947
11.932723235680067	32.507613489569145
12.032723235680066	33.17364019522679
12.132723235680066	33.84891590611565
12.232723235680066	34.53338493743051
12.332723235680065	35.22699247437837
12.432723235680065	35.92968315535653
12.532723235680065	36.64140312508361
12.632723235680064	37.236483825057086
12.664807565694195	37.26740473138549
1000012.6648075657	37.26740473138549
