-179769313486231570000000000000000000000000000000000000000000000000000000000000000000000000000000000000000000000000000000000000000000000000000000000000000000000000000000000000000000000000000000000000000000000000000000000000000000000000000000000000000000000000000000000000000000000000000000000000000000000000000	0
5.868638586906899	0
5.871971920240232	0.00006610677298934592
5.875305253573565	0.00019093841363053066
5.880305253573565	0.0004842267233786886
5.887805253573565	0.001162751097770391
5.899055253573565	0.0027173694563398312
5.915930253573565	0.006257695333958138
5.941242753573565	0.014288965201255263
5.979211503573565	0.03212847820377693
6.036164628573565	0.07138422575430375
6.1215943160735655	0.15638643173922254
6.221594316073565	0.2921339279215624
6.321594316073565	0.4633009463132314
6.4215943160735645	0.6668027121678899
6.521594316073564	0.9000420578985471
6.621594316073564	1.1610144581295687
6.721594316073563	1.4480778978365307
6.821594316073563	1.7595828397258317
6.921594316073563	2.094115478472037
7.021594316073562	2.4504421422150346
7.121594316073562	2.8273886569975777
7.221594316073562	3.2239541416264914
7.321594316073561	3.639198827777066
7.421594316073561	4.072286986871663
7.5215943160735605	4.522364307164823
7.62159431607356	4.9886250336332525
7.72159431607356	5.470355240473933
7.8215943160735595	5.96689074864668
7.921594316073559	6.477515130092449
8.021594316073559	7.001773082813073
8.121594316073558	7.538917380090256
8.221594316073558	8.088568422997696
8.321594316073558	8.650045443796836
8.421594316073557	9.223051165622275
8.521594316073557	9.80701418258846
8.621594316073557	10.401417942949516
8.721594316073556	11.00583466968715
8.821594316073556	11.619964611220881
8.921594316073556	12.24344636235065
9.021594316073555	12.875854549158307
9.121594316073555	13.517005223095941
9.221594316073555	14.166442643617884
9.321594316073554	14.824066828245382
9.421594316073554	15.489459256224196
9.521594316073553	16.162596116393637
9.621594316073553	16.843180755083964
9.721594316073553	17.531013117025402
9.821594316073552	18.225905575650206
9.921594316073552	18.927668376751626
10.021594316073552	19.63610439753707
10.121594316073551	20.351089013571414
10.221594316073551	21.072394340450188
10.32159431607355	21.79983877907664
10.42159431607355	22.533249580461288
10.52159431607355	23.272443991082
10.62159431607355	24.017272860754726
10.72159431607355	24.76753411482896
10.821594316073549	25.523020316759947
10.921594316073548	26.28357960436262
11.021594316073548	27.049000411744295
11.121594316073548	27.819077114174725
11.221594316073547	28.593646341340758
11.321594316073547	29.372470146342447
11.421594316073547	30.155350230540055
11.521594316073546	30.942090489528272
11.621594316073546	31.73243369894031
11.721594316073546	32.52619256521194
11.821594316073545	33.32312703731945
11.921594316073545	34.122969375945885
12.021594316073545	34.92554606529489
12.121594316073544	35.730567491708065
12.221594316073544	36.537774002006394
12.321594316073543	37.34690461078927
12.421594316073543	38.157701111532695
12.521594316073543	38.96988863836535
12.621594316073542	39.783188148024266
12.721594316073542	40.59729271013817
12.821594316073542	40.92402479411757
12.921594316073541	41.19402479413852
13.021594316073541	41.46402479415947
13.12159431607354	41.73402479418042
13.22159431607354	42.00402479420137
13.32159431607354	42.27402479422232
13.42159431607354	42.54402479424327
13.52159431607354	42.81402479426422
13.621594316073539	43.08402479428517
13.721594316073539	43.35402479430612
13.821594316073538	43.62402479432707
13.921594316073538	43.89402479434802
14.021594316073537	44.16402479436897
14.121594316073537	44.43402479438992
14.221594316073537	44.70402479441087
14.321594316073536	44.97402479443182
14.421594316073536	45.24402479445277
14.521594316073536	45.51402479447372
14.621594316073535	45.78402479449467
14.721594316073535	46.05402479451562
14.821594316073535	46.32402479453657
14.921594316073534	46.59402479455752
15.021594316073534	46.86402479457847
15.121594316073534	47.13402479459942
15.221594316073533	47.40402479462037
15.321594316073533	47.67402479464132
15.421594316073532	47.94402479466227
15.521594316073532	48.21402479468322
15.621594316073532	48.48402479470417
15.721594316073531	48.75402479472512
15.821594316073531	49.02402479474607
15.92159431607353	49.29402479476702
16.021594316073532	49.564024794787976
16.121594316073534	49.83402479480893
16.221594316073535	50.10402479482989
16.321594316073536	50.37402479485085
16.421594316073538	50.644024794871804
16.52159431607354	50.91402479489276
16.62159431607354	51.18402479491372
16.721594316073542	51.454024794934675
16.821594316073543	51.72402479495563
16.921594316073545	51.99402479497659
17.021594316073546	52.264024794997546
17.121594316073548	52.5340247950185
17.22159431607355	52.80402479503946
17.32159431607355	53.07402479506042
17.421594316073552	53.344024795081374
17.521594316073553	53.61402479510233
17.621594316073555	53.88402479512329
17.721594316073556	54.154024795144245
17.821594316073558	54.4240247951652
17.92159431607356	54.69402479518616
18.02159431607356	54.964024795207116
18.121594316073562	55.23402479522807
18.221594316073563	55.50402479524903
18.321594316073565	55.77402479526999
18.421594316073566	56.044024795290944
18.521594316073568	56.3140247953119
18.62159431607357	56.58402479533286
18.72159431607357	56.854024795353816
18.821594316073572	57.12402479537477
18.921594316073573	57.39402479539573
19.021594316073575	57.66402479541669
19.121594316073576	57.934024795437644
19.221594316073578	58.2040247954586
19.32159431607358	58.47402479547956
19.42159431607358	58.744024795500515
19.521594316073582	59.01402479552147
19.621594316073583	59.28402479554243
19.721594316073585	59.554024795563386
19.821594316073586	59.82402479558434
19.921594316073588	60.0940247956053
20.02159431607359	60.36402479562626
20.12159431607359	60.634024795647214
20.221594316073592	60.90402479566817
20.321594316073593	61.17402479568913
20.421594316073595	61.444024795710085
20.521594316073596	61.71402479573104
20.621594316073597	61.984024795752
20.7215943160736	62.254024795772956
20.8215943160736	62.52402479579391
20.9215943160736	62.79402479581487
21.021594316073603	63.06402479583583
21.121594316073605	63.334024795856784
21.221594316073606	63.60402479587774
21.321594316073607	63.8740247958987
21.42159431607361	64.14402479591966
21.52159431607361	64.41402479594062
21.62159431607361	64.68402479596158
21.721594316073613	64.95402479598253
21.821594316073615	65.22402479600349
21.921594316073616	65.49402479602445
22.021594316073617	65.7640247960454
22.12159431607362	66.03402479606636
22.22159431607362	66.30402479608732
22.32159431607362	66.57402479610828
22.421594316073623	66.84402479612923
22.521594316073624	67.11402479615019
22.621594316073626	67.38402479617115
22.721594316073627	67.6540247961921
22.82159431607363	67.92402479621306
22.92159431607363	68.19402479623402
23.02159431607363	68.46402479625498
23.121594316073633	68.73402479627593
23.221594316073634	69.00402479629689
23.321594316073636	69.27402479631785
23.421594316073637	69.5440247963388
23.45	69.69741548955307
179769313486231570000000000000000000000000000000000000000000000000000000000000000000000000000000000000000000000000000000000000000000000000000000000000000000000000000000000000000000000000000000000000000000000000000000000000000000000000000000000000000000000000000000000000000000000000000000000000000000000000000	69.69741548955307
