-100000	0
0.4699512921042164	0
0.47328462543754973	0.0000012056144806519148
0.47828462543754974	0.00001252276322982035
0.48578462543754974	0.0000626843512501894
0.4970346254375497	0.00023975434633641287
0.5139096254375497	0.0008009573018848123
0.5392221254375497	0.0024762513688440014
0.5771908754375497	0.007279905503202264
0.6341440004375497	0.020649072287792294
0.7195736879375497	0.055245317293181655
0.8195736879375497	0.11111983504416097
0.9195736879375497	0.17970765558363616
1.0195736879375497	0.25907364890395684
1.1195736879375497	0.34795316210062477
1.2195736879375498	0.4454087389894362
1.31957368793755	0.5506908147076044
1.41957368793755	0.6631698974448312
1.51957368793755	0.7822973955888318
1.6195736879375502	0.9075825338508889
1.7195736879375503	1.0385762645010879
1.8195736879375504	1.1748489676507186
1.9195736879375505	1.3160414100194566
2.0195736879375503	1.461741636960267
2.1195736879375504	1.6115990295123477
2.2195736879375505	1.7652584023727287
2.3195736879375506	1.9223764668618988
2.4195736879375507	2.082612959976271
2.5195736879375508	2.2456320854887473
2.619573687937551	2.4111003667045012
2.719573687937551	2.578686153324566
2.819573687937551	2.7480601667519866
2.919573687937551	2.9188857487138726
3.019573687937551	3.0908363883046355
3.1195736879375513	3.263577461289912
3.2195736879375514	3.4367745044187434
3.3195736879375515	3.610091308117509
3.4195736879375516	3.783184383031761
3.5195736879375517	3.9557305515485317
3.6195736879375517	4.127371147654704
3.719573687937552	4.297767839559516
3.819573687937552	4.466575085427246
3.919573687937552	4.633445662036659
4.019573687937552	4.798031354101458
4.119573687937551	4.959981049721634
4.219573687937551	5.118947249598537
4.319573687937551	5.274574541504911
4.41957368793755	5.426516595392318
4.51957368793755	5.5744223332371545
4.6195736879375495	5.717943345536057
4.719573687937549	5.8567332786606645
4.819573687937549	5.990448600933172
4.9195736879375485	6.118749458238603
5.019573687937548	6.241280895237916
5.119573687937548	6.357752692044044
5.219573687937547	6.467822109737241
5.319573687937547	6.5711756184024015
5.419573687937547	6.667507209657797
5.519573687937546	6.756523968317598
5.619573687937546	6.837946014341891
5.719573687937546	6.911509425691441
5.819573687937545	6.97696906296536
5.919573687937545	7.034101921083715
6.0195736879375445	7.082709499776921
6.119573687937544	7.12260557341895
6.219573687937544	7.1533267022647316
6.3195736879375435	7.17483859988316
6.419573687937543	7.189650867988515
6.519573687937543	7.200145887450685
6.619573687937542	7.208457277110276
6.719573687937542	7.2164372467361115
6.819573687937542	7.224932076851403
6.919573687937541	7.234579801691145
7.019573687937541	7.246051284714747
7.119573687937541	7.2600722845893815
7.21957368793754	7.277428602033502
7.31957368793754	7.2989635201808545
7.41957368793754	7.325567832753105
7.519573687937539	7.358018416457173
7.619573687937539	7.396367966636928
7.7195736879375385	7.440695810584908
7.819573687937538	7.491201672886016
7.919573687937538	7.548110453391251
8.019573687937537	7.611649543907288
8.119573687937537	7.682049020182069
8.219573687937537	7.759518978452776
8.319573687937536	7.844282027635724
8.419573687937536	7.93654565368001
8.519573687937536	8.036516746134586
8.619573687937535	8.144392518361958
8.719573687937535	8.260373713743315
8.819573687937535	8.384651984678301
8.919573687937534	8.51741556979372
9.019573687937534	8.658847540725734
9.119573687937534	8.80912494432895
9.219573687937533	8.968418238113104
9.319573687937533	9.136889305363294
9.419573687937532	9.314690554924344
9.519573687937532	9.501962434845789
9.619573687937532	9.698831276034475
9.719573687937531	9.905579373707246
9.819573687937531	10.122751118594614
9.91957368793753	10.350399088450729
10.01957368793753	10.588544088158372
10.11957368793753	10.837205985320107
10.21957368793753	11.096403906431139
10.31957368793753	11.366156498992233
10.419573687937529	11.646482384963532
10.519573687937529	11.937400008852881
10.619573687937528	12.238927776087626
10.719573687937528	12.55108399937831
10.819573687937527	12.873886622242981
10.919573687937527	13.207353614728081
11.019573687937527	13.551503222111217
11.119573687937526	13.906353685078335
11.219573687937526	14.27192354601127
11.319573687937526	14.648231262306643
11.419573687937525	15.035295428373935
11.519573687937525	15.433134697607493
11.619573687937525	15.841767391918854
11.719573687937524	16.261212573999778
11.819573687937524	16.69148937446312
11.919573687937524	17.132616953484852
12.019573687937523	17.584614854565043
12.119573687937523	18.0475026422285
12.219573687937523	18.521299765937865
12.319573687937522	19.00602540751218
12.419573687937522	19.50169918060231
12.519573687937521	20.00834168377191
12.619573687937521	20.525973052875294
12.711142523942419	20.843249940404093
1000012.7111425239	20.843249940404093
