-179769313486231570000000000000000000000000000000000000000000000000000000000000000000000000000000000000000000000000000000000000000000000000000000000000000000000000000000000000000000000000000000000000000000000000000000000000000000000000000000000000000000000000000000000000000000000000000000000000000000000000000	0
0.7044628920994093	0
0.7077962254327426	0.0000007542501553923987
0.7111295587660759	0.00000452617819141242
0.7161295587660759	0.000018749757760042193
0.7236295587660758	0.00006565160818596043
0.7348795587660758	0.00021216903416170177
0.7517545587660758	0.0006511778203888999
0.7770670587660757	0.0019325650586442355
0.8150358087660757	0.005596366290685521
0.8719889337660758	0.015821646765948466
0.9574186212660758	0.04378852082048858
1.0574186212660759	0.09451490056779979
1.157418621266076	0.1593163737445349
1.257418621266076	0.2355320352389823
1.3574186212660762	0.3215260635878471
1.4574186212660762	0.41612642439030656
1.5574186212660763	0.518424043366587
1.6574186212660764	0.6276730138318345
1.7574186212660765	0.743234423172628
1.8574186212660766	0.8645342634835654
1.9574186212660767	0.991103049998886
2.0574186212660766	1.1224863287317473
2.1574186212660766	1.2583850991648526
2.2574186212660767	1.398514819135738
2.357418621266077	1.5425969499695071
2.457418621266077	1.6903299981002233
2.557418621266077	1.841411536376842
2.657418621266077	1.9955240031972603
2.757418621266077	2.1523073801833683
2.8574186212660773	2.3113066756006684
2.9574186212660774	2.4721524339154906
3.0574186212660774	2.6342807467566574
3.1574186212660775	2.7972083821729425
3.2574186212660776	2.9604128959920963
3.3574186212660777	3.1232947016311523
3.457418621266078	3.2852888562776266
3.557418621266078	3.445883175780459
3.657418621266078	3.604518808716381
3.757418621266078	3.761018175200789
3.857418621266078	3.914926345769869
3.9574186212660782	4.0660506636945595
4.057418621266078	4.213923706582055
4.1574186212660775	4.3583371197399545
4.257418621266077	4.498820830197394
4.357418621266077	4.635147088153757
4.4574186212660765	4.766840093701686
4.557418621266076	4.893649007361143
4.657418621266076	5.015114273235179
4.757418621266075	5.130917270175128
4.857418621266075	5.240630364226843
4.957418621266075	5.343861372801329
5.057418621266074	5.440188167452507
5.157418621266074	5.529189162439535
5.257418621266074	5.610424144837834
5.357418621266073	5.683418256066113
5.457418621266073	5.747708121050473
5.5574186212660726	5.802765835536212
5.657418621266072	5.848038919278413
5.757418621266072	5.882951860855204
5.8574186212660715	5.906878938552081
5.957418621266071	5.91981753507225
6.057418621266071	5.924835408617448
6.15741862126607	5.925745464652642
6.25741862126607	5.92574746519724
6.35741862126607	5.92574746519724
6.457418621266069	5.92574746519724
6.557418621266069	5.92574746519724
6.657418621266069	5.92574746519724
6.757418621266068	5.92574746519724
6.857418621266068	5.92574746519724
6.957418621266068	5.92574746519724
7.057418621266067	5.92574746519724
7.157418621266067	5.92574746519724
7.2574186212660665	5.92574746519724
7.357418621266066	5.92574746519724
7.457418621266066	5.92574746519724
7.5574186212660655	5.92581141861832
7.657418621266065	5.926419796675335
7.757418621266065	5.9282796958876816
7.857418621266064	5.932176627117642
7.957418621266064	5.9389768849678815
8.057418621266065	5.949557676859417
8.157418621266064	5.9648753513898365
8.257418621266064	5.985919644507837
8.357418621266063	6.013663995448975
8.457418621266063	6.0487914855302005
8.557418621266063	6.091557940748049
8.657418621266062	6.142184177773572
8.757418621266062	6.200889323260123
8.857418621266062	6.267846150906901
8.957418621266061	6.343233215620998
9.057418621266061	6.427174813350972
9.15741862126606	6.519895098367718
9.25741862126606	6.621587739934132
9.35741862126606	6.732335025220077
9.45741862126606	6.852391819465126
9.55741862126606	6.981971219140955
9.657418621266059	7.121355785893994
9.757418621266059	7.272264125299565
9.857418621266058	7.435279929452327
9.957418621266058	7.610533212831909
10.057418621266057	7.798350223179545
10.157418621266057	7.998788079756067
10.257418621266057	8.21190094503259
10.357418621266056	8.437844818014813
10.457418621266056	8.676705688543466
10.557418621266056	8.928460902191421
10.657418621266055	9.19308851308339
10.757418621266055	9.470521562055232
10.857418621266055	9.760756851475664
10.957418621266054	10.063691828189485
11.057418621266054	10.379233910166864
11.157418621266054	10.707304599356439
11.257418621266053	11.04778437357222
11.357418621266053	11.400582819810106
11.457418621266052	11.765588674323867
11.557418621266052	12.142684495244636
11.657418621266052	12.531747313191557
11.757418621266051	12.932657570359893
11.857418621266051	13.34532475206453
11.95741862126605	13.76964185535577
12.05741862126605	14.205489469373482
12.15741862126605	14.652739253017105
12.25741862126605	15.111281188269905
12.35741862126605	15.581046607170517
12.457418621266049	16.061904355616925
12.557418621266049	16.553796302606592
12.657418621266048	17.044563542851495
12.68317090909091	17.074955526055597
179769313486231570000000000000000000000000000000000000000000000000000000000000000000000000000000000000000000000000000000000000000000000000000000000000000000000000000000000000000000000000000000000000000000000000000000000000000000000000000000000000000000000000000000000000000000000000000000000000000000000000000	17.074955526055597
