-100000	0
0.8896639433385971	0
0.8929972766719304	0.0000012905804518220771
0.8979972766719304	0.000011363127222014991
0.9054972766719304	0.000051402208044794656
0.9167472766719303	0.00018274059475573907
0.9336222766719303	0.0005784396911093178
0.9589347766719303	0.0017202675494815444
0.9969035266719303	0.004935003802894089
1.0538566516719303	0.013853239429292076
1.1392863391719303	0.03834605656992481
1.2392863391719304	0.08622874317189139
1.3392863391719305	0.1499414572677541
1.4392863391719306	0.22546970209402775
1.5392863391719307	0.31103544638331543
1.6392863391719308	0.40545149774484457
1.7392863391719309	0.5078157923905071
1.839286339171931	0.6173924953829826
1.939286339171931	0.7335431290125652
2.039286339171931	0.8557107680642578
2.1392863391719312	0.9833803278333273
2.2392863391719313	1.1160747183979989
2.3392863391719314	1.2533411130312526
2.4392863391719315	1.3947462760356528
2.5392863391719316	1.5398702417791412
2.6392863391719317	1.6883026006410715
2.7392863391719318	1.8396396869171965
2.839286339171932	1.9934819605915293
2.939286339171932	2.1494322793004716
3.039286339171932	2.3070942818516254
3.139286339171932	2.466071281447057
3.239286339171932	2.625964726370277
3.3392863391719323	2.786376057849866
3.4392863391719324	2.946900687819834
3.5392863391719325	3.1071327599675063
3.6392863391719326	3.2666619926012705
3.7392863391719326	3.425073713545173
3.8392863391719327	3.581948384817703
3.939286339171933	3.7368610294440643
4.039286339171933	3.8893805839677795
4.139286339171933	4.039069033906142
4.239286339171932	4.185480168994796
4.339286339171932	4.328157957093077
4.4392863391719315	4.466634181856391
4.539286339171931	4.600425007302078
4.639286339171931	4.729025967059139
4.73928633917193	4.851905655828266
4.83928633917193	4.968492976246832
4.93928633917193	5.078162491491181
5.039286339171929	5.180207148980645
5.139286339171929	5.273795379435621
5.239286339171929	5.3578984721336065
5.339286339171928	5.431154816615923
5.439286339171928	5.491692512578081
5.539286339171928	5.536870364881682
5.639286339171927	5.563682798926632
5.739286339171927	5.573847467360631
5.8392863391719265	5.575042773476003
5.939286339171926	5.575042773476003
6.039286339171926	5.575042773476003
6.1392863391719255	5.575042773476003
6.239286339171925	5.575042773476003
6.339286339171925	5.575042773476003
6.439286339171924	5.575042773476003
6.539286339171924	5.575042773476003
6.639286339171924	5.575042773476003
6.739286339171923	5.575042773476003
6.839286339171923	5.575042773476003
6.939286339171923	5.575042773476003
7.039286339171922	5.575042773476003
7.139286339171922	5.575042773476003
7.2392863391719215	5.575042773476003
7.339286339171921	5.575042773476003
7.439286339171921	5.575042773476003
7.5392863391719205	5.575042773476003
7.63928633917192	5.575042773476003
7.73928633917192	5.575042773476003
7.839286339171919	5.575042773476003
7.939286339171919	5.575042773476003
8.03928633917192	5.575042773476003
8.13928633917192	5.575042773476003
8.239286339171919	5.575042773476003
8.339286339171919	5.575058962299731
8.439286339171918	5.575534063251918
8.539286339171918	5.577348504010035
8.639286339171917	5.5813888363498885
8.739286339171917	5.588557395176356
8.839286339171917	5.599794722250437
8.939286339171916	5.616094739719725
9.039286339171916	5.638509244446961
9.139286339171916	5.668145785648278
9.239286339171915	5.70599291687198
9.339286339171915	5.7523144591910595
9.439286339171915	5.807121596858965
9.539286339171914	5.870381991723885
9.639286339171914	5.941999703525664
9.739286339171914	6.022250112714767
9.839286339171913	6.111816694961562
9.939286339171913	6.2108331437118345
10.039286339171912	6.319592351718824
10.139286339171912	6.438193984243413
10.239286339171912	6.566784028012277
10.339286339171911	6.705496314606178
10.439286339171911	6.854452431765406
10.53928633917191	7.013763602912956
10.63928633917191	7.183532346525534
10.73928633917191	7.363852410475603
10.83928633917191	7.554809281604925
10.93928633917191	7.756482231279761
11.039286339171909	7.968944427172033
11.139286339171909	8.19226373682426
11.239286339171908	8.426503452919677
11.339286339171908	8.671722834415998
11.439286339171908	8.927977312512876
11.539286339171907	9.195318394914008
11.639286339171907	9.47379548791131
11.739286339171906	9.763455264365586
11.839286339171906	10.064342614370982
11.939286339171906	10.37650043992664
12.039286339171905	10.69997016022573
12.139286339171905	11.034791734779153
12.239286339171905	11.381002772428346
12.339286339171904	11.738640484874677
12.439286339171904	12.107741427488522
12.539286339171904	12.488341525382792
12.639286339171903	12.880475776834837
12.735056315104167	13.165725352241916
1000012.7350563151	13.165725352241916
