-179769313486231570000000000000000000000000000000000000000000000000000000000000000000000000000000000000000000000000000000000000000000000000000000000000000000000000000000000000000000000000000000000000000000000000000000000000000000000000000000000000000000000000000000000000000000000000000000000000000000000000000	0
5.86863796843889	0
5.871971301772223	0.00006610661997868399
5.875304635105556	0.0001909382605954746
5.8803046351055555	0.00048422657030702397
5.887804635105556	0.0011627509446438327
5.899054635105556	0.002717369303130927
5.915929635105556	0.006257695303009373
5.941242135105556	0.014288966919097802
5.979210885105556	0.032128484361588217
6.036164010105556	0.07138424034353066
6.121593697605556	0.1563864656512595
6.221593697605556	0.29213399497378
6.321593697605556	0.4633010553906876
6.421593697605555	0.6668028717136321
6.521593697605555	0.9000422731954952
6.6215936976055545	1.1610147356938703
6.721593697605554	1.4480782437606599
6.821593697605554	1.7595832566142615
6.921593697605553	2.094115970040096
7.021593697605553	2.4504427133713125
7.121593697605553	2.8273893100903926
7.221593697605552	3.2239548800801345
7.321593697605552	3.6391996547528978
7.421593697605552	4.072287904909824
7.521593697605551	4.522365318838892
7.621593697605551	4.988626141631249
7.721593697605551	5.470356445378088
7.82159369760555	5.9668920514665285
7.92159369760555	6.477516533770616
8.02159369760555	7.001774587730313
8.12159369760555	7.53891898804286
8.221593697605549	8.088570134899392
8.321593697605548	8.650047260633968
8.421593697605548	9.223053087852811
8.521593697605548	9.807016211427062
8.621593697605547	10.401420080029236
8.721593697605547	11.00583691297313
8.821593697605547	11.619966963677394
8.921593697605546	12.243448822414727
9.021593697605546	12.87585711863546
9.121593697605546	13.517007901418769
9.221593697605545	14.166445431117623
9.321593697605545	14.824069725230858
9.421593697605545	15.489462261945059
9.521593697605544	16.162599230906185
9.621593697605544	16.843183977779212
9.721593697605543	17.53101644767032
9.821593697605543	18.225909015115914
9.921593697605543	18.927671922786896
10.021593697605542	19.636108050722385
10.121593697605542	20.35109277267741
10.221593697605542	21.072398205286774
10.321593697605541	21.799842749804082
10.421593697605541	22.533253656818815
10.52159369760554	23.272448173737843
10.62159369760554	24.01727715010859
10.72159369760554	24.767538510585112
10.82159369760554	25.52302481840043
10.92159369760554	26.283584211425676
11.021593697605539	27.04900512390398
11.121593697605539	27.819081930784034
11.221593697605538	28.59365126197132
11.321593697605538	29.372475168045796
11.421593697605537	30.1553553510103
11.521593697605537	30.942095708507885
11.621593697605537	31.732439016141445
11.721593697605536	32.52619798024285
11.821593697605536	33.32313255004315
11.921593697605536	34.1229749862305
12.021593697605535	34.92555177280945
12.121593697605535	35.73057329642273
12.221593697605535	36.53777990411294
12.321593697605534	37.346910610598634
12.421593697605534	38.1577072094377
12.521593697605534	38.96989483490356
12.621593697605533	39.783194444025256
12.721593697605533	40.59729910756319
12.821593697605532	40.92403440503564
12.921593697605532	41.19403440505659
13.021593697605532	41.46403440507754
13.121593697605531	41.73403440509849
13.221593697605531	42.00403440511944
13.32159369760553	42.27403440514039
13.42159369760553	42.54403440516134
13.52159369760553	42.81403440518229
13.62159369760553	43.08403440520324
13.72159369760553	43.35403440522419
13.821593697605529	43.62403440524514
13.921593697605529	43.89403440526609
14.021593697605528	44.16403440528704
14.121593697605528	44.43403440530799
14.221593697605527	44.70403440532894
14.321593697605527	44.97403440534989
14.421593697605527	45.24403440537084
14.521593697605526	45.51403440539179
14.621593697605526	45.78403440541274
14.721593697605526	46.05403440543369
14.821593697605525	46.32403440545464
14.921593697605525	46.59403440547559
15.021593697605525	46.86403440549654
15.121593697605524	47.13403440551749
15.221593697605524	47.40403440553844
15.321593697605524	47.67403440555939
15.421593697605523	47.94403440558034
15.521593697605523	48.21403440560129
15.621593697605523	48.48403440562224
15.721593697605522	48.75403440564319
15.821593697605522	49.02403440566414
15.921593697605521	49.29403440568509
16.02159369760552	49.56403440570604
16.121593697605523	49.834034405726996
16.221593697605524	50.10403440574795
16.321593697605525	50.37403440576891
16.421593697605527	50.64403440578987
16.521593697605528	50.914034405810824
16.62159369760553	51.18403440583178
16.72159369760553	51.45403440585274
16.821593697605532	51.724034405873695
16.921593697605534	51.99403440589465
17.021593697605535	52.26403440591561
17.121593697605537	52.534034405936566
17.221593697605538	52.80403440595752
17.32159369760554	53.07403440597848
17.42159369760554	53.34403440599944
17.521593697605542	53.614034406020394
17.621593697605544	53.88403440604135
17.721593697605545	54.15403440606231
17.821593697605547	54.424034406083265
17.921593697605548	54.69403440610422
18.02159369760555	54.96403440612518
18.12159369760555	55.23403440614614
18.221593697605552	55.504034406167094
18.321593697605554	55.77403440618805
18.421593697605555	56.04403440620901
18.521593697605557	56.314034406229965
18.621593697605558	56.58403440625092
18.72159369760556	56.85403440627188
18.82159369760556	57.124034406292836
18.921593697605562	57.39403440631379
19.021593697605564	57.66403440633475
19.121593697605565	57.93403440635571
19.221593697605567	58.204034406376664
19.321593697605568	58.47403440639762
19.42159369760557	58.74403440641858
19.52159369760557	59.014034406439535
19.621593697605572	59.28403440646049
19.721593697605574	59.55403440648145
19.821593697605575	59.824034406502406
19.921593697605577	60.09403440652336
20.021593697605578	60.36403440654432
20.12159369760558	60.63403440656528
20.22159369760558	60.904034406586234
20.321593697605582	61.17403440660719
20.421593697605584	61.44403440662815
20.521593697605585	61.714034406649105
20.621593697605586	61.98403440667006
20.721593697605588	62.25403440669102
20.82159369760559	62.524034406711976
20.92159369760559	62.79403440673293
21.021593697605592	63.06403440675389
21.121593697605594	63.33403440677485
21.221593697605595	63.604034406795805
21.321593697605596	63.87403440681676
21.421593697605598	64.14403440683772
21.5215936976056	64.41403440685868
21.6215936976056	64.68403440687963
21.721593697605602	64.95403440690059
21.821593697605604	65.22403440692155
21.921593697605605	65.4940344069425
22.021593697605606	65.76403440696346
22.121593697605608	66.03403440698442
22.22159369760561	66.30403440700537
22.32159369760561	66.57403440702633
22.421593697605612	66.84403440704729
22.521593697605613	67.11403440706825
22.621593697605615	67.3840344070892
22.721593697605616	67.65403440711016
22.821593697605618	67.92403440713112
22.92159369760562	68.19403440715207
23.02159369760562	68.46403440717303
23.121593697605622	68.73403440719399
23.221593697605623	69.00403440721495
23.321593697605625	69.2740344072359
23.421593697605626	69.54403440725686
23.45	69.69742844019838
179769313486231570000000000000000000000000000000000000000000000000000000000000000000000000000000000000000000000000000000000000000000000000000000000000000000000000000000000000000000000000000000000000000000000000000000000000000000000000000000000000000000000000000000000000000000000000000000000000000000000000000	69.69742844019838
