-100000	0
-0.012177786390564549	0
-0.008844453057231215	0.000303270783056278
-0.003844453057231215	0.002054481880313641
0.003655546942768785	0.006800568366327287
0.014905546942768785	0.015260579179040463
0.031780546942768786	0.02988289636378915
0.05709304694276879	0.0550628626183252
0.09506179694276878	0.09834228388853355
0.15201492194276878	0.17262687264476323
0.2374446094427688	0.2998480779585428
0.3374446094427688	0.4669239014310528
0.43744460944276875	0.6491178790082961
0.5374446094427687	0.8433934061492857
0.6374446094427687	1.0476058977710367
0.7374446094427687	1.2601358537179272
0.8374446094427687	1.4796949170523077
0.9374446094427686	1.7052494317924851
1.0374446094427687	1.9359303916620307
1.1374446094427688	2.1709932026824132
1.237444609442769	2.4097977968480326
1.337444609442769	2.651783280147764
1.437444609442769	2.8964538660923695
1.5374446094427692	3.14336678889045
1.6374446094427693	3.3921258734680335
1.7374446094427693	3.6423743449700368
1.8374446094427694	3.8937886161397803
1.9374446094427695	4.146077145487225
2.0374446094427694	4.398974543130524
2.1374446094427695	4.6522385221886235
2.2374446094427696	4.9056511807011995
2.3374446094427697	5.1590156696442495
2.4374446094427697	5.412155827936773
2.53744460944277	5.664917047787482
2.63744460944277	5.917168010513717
2.73744460944277	6.168803302334347
2.83744460944277	6.419748397907814
2.93744460944277	6.670010373245808
3.0374446094427703	6.920088898264404
3.1374446094427704	7.170804471108651
3.2374446094427705	7.423018814126431
3.3374446094427705	7.677647126825862
3.4374446094427706	7.935657678038615
3.5374446094427707	8.19808764438731
3.637444609442771	8.466037556909463
3.737444609442771	8.7406833016257
3.837444609442771	9.023280821916115
3.937444609442771	9.315172747949955
4.037444609442771	9.617794555415461
4.13744460944277	9.93267444317901
4.23744460944277	10.261462509885524
4.33744460944277	10.60587632093037
4.437444609442769	10.967743676798161
4.537444609442769	11.348952004853016
4.637444609442769	11.751406074804693
4.737444609442768	12.176944466464947
4.837444609442768	12.627204861559896
4.9374446094427675	13.103428444536933
5.037444609442767	13.60624252719493
5.137444609442767	14.136001473253197
5.2374446094427665	14.692678943340285
5.337444609442766	15.275758691472102
5.437444609442766	15.884470563261175
5.537444609442765	16.51788194600963
5.637444609442765	17.17500885657794
5.737444609442765	17.85487951643861
5.837444609442764	18.556546979508976
5.937444609442764	19.27911490408591
6.037444609442764	20.021733574881534
6.137444609442763	20.783598529137176
6.237444609442763	21.56394802282834
6.3374446094427626	22.362058410185284
6.437444609442762	23.177239864094528
6.537444609442762	24.008832284895245
6.6374446094427615	24.8562009829871
6.737444609442761	25.71873397387127
6.837444609442761	26.59583820462509
6.93744460944276	27.486936368023432
7.03744460944276	28.391461727934328
7.13744460944276	29.308873445239865
7.237444609442759	30.23863496812007
7.337444609442759	31.1802203185238
7.437444609442759	32.13311013045433
7.537444609442758	33.096800170281604
7.637444609442758	34.070782010442414
7.737444609442758	35.05457013480701
7.837444609442757	36.04767776982091
7.937444609442757	37.04962818733847
8.037444609442757	38.05995468942197
8.137444609442756	39.07819744194538
8.237444609442756	40.103909850666476
8.337444609442755	41.13665483184558
8.437444609442755	42.176006472022706
8.537444609442755	43.22155435684845
8.637444609442754	44.2729024429407
8.737444609442754	45.329670293495184
8.837444609442754	46.39149432077187
8.937444609442753	47.4580308968762
9.037444609442753	48.528955969945116
9.137444609442753	49.60396763723656
9.237444609442752	50.68278534512902
9.337444609442752	51.76515162730656
9.437444609442752	52.85083311441312
9.537444609442751	53.93962031931078
9.63744460944275	55.03132898899223
9.73744460944275	56.125198322857486
9.83744460944275	57.22021900576529
9.93744460944275	58.316348158324445
10.03744460944275	59.413550835028715
10.137444609442749	60.51179047604989
10.237444609442749	61.611033178808114
10.337444609442748	62.711241815562296
10.437444609442748	63.81237942071833
10.537444609442748	64.91440833417488
10.637444609442747	66.01728987830566
10.737444609442747	67.12098441341715
10.837444609442747	68.22545153159982
10.937444609442746	69.33064963763192
11.037444609442746	70.4365356790915
11.137444609442746	71.54306519563787
11.237444609442745	72.6501928723867
11.337444609442745	73.7578700811877
11.437444609442744	74.86604745651746
11.537444609442744	75.97467467204119
11.637444609442744	77.08369635462476
11.737444609442743	78.19305674625829
11.837444609442743	79.30269676084632
11.937444609442743	80.4125546372441
12.037444609442742	81.52256428445254
12.137444609442742	82.632656631755
12.237444609442742	83.74275902900108
12.337444609442741	84.85279445589202
12.43744460944274	85.96290947108331
12.53744460944274	87.07327037181408
12.623707331385798	87.97069213514756
1000012.6237073314	87.97069213514756
