-179769313486231570000000000000000000000000000000000000000000000000000000000000000000000000000000000000000000000000000000000000000000000000000000000000000000000000000000000000000000000000000000000000000000000000000000000000000000000000000000000000000000000000000000000000000000000000000000000000000000000000000	0
1.6167248312692597	0
1.620058164602593	0.0000002382566531084542
1.6233914979359265	0.0000012637396213904643
1.6283914979359264	0.00000523132073476592
1.6358914979359265	0.000019541392180649495
1.6471414979359265	0.00006856505815256035
1.6640164979359264	0.00022877999616198317
1.6893289979359265	0.0007350763090199883
1.7272977479359266	0.002290716151330396
1.7842508729359265	0.0069295533208650175
1.8696805604359266	0.020445272342301445
1.9696805604359267	0.04846790683322521
2.0696805604359265	0.09181110692807094
2.1696805604359266	0.15123963964242548
2.2696805604359267	0.22310898061957063
2.369680560435927	0.30478101902816246
2.469680560435927	0.3946379467229679
2.569680560435927	0.49157788416732645
2.669680560435927	0.5947630861028812
2.769680560435927	0.7035513971248276
2.8696805604359272	0.817441039988588
2.9696805604359273	0.9357478593134986
3.0696805604359274	1.0576490136360015
3.1696805604359275	1.1822862501193185
3.2696805604359276	1.3088052299887034
3.3696805604359277	1.4362986006301188
3.4696805604359278	1.5639288957598878
3.569680560435928	1.6911049623145225
3.669680560435928	1.8171103639035364
3.769680560435928	1.9412435469382374
3.869680560435928	2.062816316607748
3.969680560435928	2.1812032662112344
4.069680560435928	2.2958272537853244
4.1696805604359275	2.40605481460662
4.269680560435927	2.5112763324950897
4.369680560435927	2.610863166193563
4.469680560435926	2.704062341601107
4.569680560435926	2.790037184905115
4.669680560435926	2.8678454989502296
4.769680560435925	2.936314006996471
4.869680560435925	2.9938369143347567
4.969680560435925	3.0378805064630625
5.069680560435924	3.0654178902262283
5.169680560435924	3.0788363255890867
5.269680560435924	3.0827247917114793
5.369680560435923	3.082889783629274
5.469680560435923	3.082889783629274
5.5696805604359225	3.082889783629274
5.669680560435922	3.082889783629274
5.769680560435922	3.082889783629274
5.8696805604359215	3.082889783629274
5.969680560435921	3.082889783629274
6.069680560435921	3.082889783629274
6.16968056043592	3.082889783629274
6.26968056043592	3.082889783629274
6.36968056043592	3.082889783629274
6.469680560435919	3.082889783629274
6.569680560435919	3.082889783629274
6.669680560435919	3.082889783629274
6.769680560435918	3.082889783629274
6.869680560435918	3.082889783629274
6.9696805604359175	3.082889783629274
7.069680560435917	3.082889783629274
7.169680560435917	3.082889783629274
7.2696805604359165	3.082889783629274
7.369680560435916	3.082889783629274
7.469680560435916	3.082889783629274
7.569680560435915	3.082889783629274
7.669680560435915	3.082889783629274
7.769680560435915	3.082889783629274
7.869680560435914	3.082889783629274
7.969680560435914	3.082889783629274
8.069680560435915	3.082889783629274
8.169680560435914	3.082889783629274
8.269680560435914	3.082889783629274
8.369680560435913	3.082889783629274
8.469680560435913	3.082889783629274
8.569680560435913	3.082889783629274
8.669680560435912	3.082889783629274
8.769680560435912	3.082889783629274
8.869680560435912	3.082889783629274
8.969680560435911	3.082889783629274
9.069680560435911	3.082889783629274
9.16968056043591	3.082889783629274
9.26968056043591	3.082889783629274
9.36968056043591	3.082889783629274
9.46968056043591	3.082889783629274
9.56968056043591	3.082889783629274
9.669680560435909	3.082889783629274
9.769680560435908	3.082889783629274
9.869680560435908	3.082889783629274
9.969680560435908	3.082889783629274
10.069680560435907	3.082901382758874
10.169680560435907	3.083467271010282
10.269680560435907	3.0858746249406623
10.369680560435906	3.0917139315180413
10.469680560435906	3.102547975362663
10.569680560435906	3.120312612815989
10.669680560435905	3.1468780713742555
10.769680560435905	3.1842075535713925
10.869680560435905	3.2346332326850127
10.969680560435904	3.3001715264830365
11.069680560435904	3.38161338457268
11.169680560435904	3.4791526654090226
11.269680560435903	3.5929457897941317
11.369680560435903	3.7230410403763825
11.469680560435902	3.8694663540879906
11.569680560435902	4.032052203042007
11.669680560435902	4.210673455805861
11.769680560435901	4.4051684743101855
11.869680560435901	4.615345791343916
11.9696805604359	4.841018976472996
12.0696805604359	5.081942373644749
12.1696805604359	5.337917802514104
12.2696805604359	5.608708601568514
12.3696805604359	5.894117271928495
12.469680560435899	6.193918363327805
12.569680560435899	6.507933603494163
12.669680560435898	6.835978051506451
12.738152727272729	7.014717569647056
179769313486231570000000000000000000000000000000000000000000000000000000000000000000000000000000000000000000000000000000000000000000000000000000000000000000000000000000000000000000000000000000000000000000000000000000000000000000000000000000000000000000000000000000000000000000000000000000000000000000000000000	7.014717569647056
