-179769313486231570000000000000000000000000000000000000000000000000000000000000000000000000000000000000000000000000000000000000000000000000000000000000000000000000000000000000000000000000000000000000000000000000000000000000000000000000000000000000000000000000000000000000000000000000000000000000000000000000000	0
12.545202870379798	0
12.548536203713132	0.00000010867463244760249
12.551869537046466	0.000000651324123416899
12.556869537046467	0.0000032600368647532436
12.564369537046467	0.00001471691201924527
12.575619537046467	0.000057909488318034016
12.592494537046468	0.00020581856148809842
12.617807037046468	0.0006874510420322294
12.655775787046467	0.0022125883823586948
12.712728912046467	0.0069199325036945845
12.780000000000001	0.016724636461967965
179769313486231570000000000000000000000000000000000000000000000000000000000000000000000000000000000000000000000000000000000000000000000000000000000000000000000000000000000000000000000000000000000000000000000000000000000000000000000000000000000000000000000000000000000000000000000000000000000000000000000000000	0.016724636461967965
