-179769313486231570000000000000000000000000000000000000000000000000000000000000000000000000000000000000000000000000000000000000000000000000000000000000000000000000000000000000000000000000000000000000000000000000000000000000000000000000000000000000000000000000000000000000000000000000000000000000000000000000000	0
-0.00000000000000035731417631134273	0
0.003333333333332976	0.0029567269419257672
0.00666666666666631	0.006022666618930395
0.01166666666666631	0.010827981661174935
0.01916666666666631	0.018502668547812892
0.03041666666666631	0.030894879417341335
0.047291666666666315	0.051211462209607914
0.07260416666666632	0.0849364886871098
0.11057291666666633	0.1415343901783829
0.16752604166666635	0.23706540060232612
0.25295572916666637	0.39866550484741814
0.3529557291666664	0.6086705923099786
0.4529557291666664	0.8356048865288366
0.5529557291666664	1.0755819134594544
0.6529557291666663	1.325721901790951
0.7529557291666663	1.5838920429725558
0.8529557291666663	1.848322685262728
0.9529557291666663	2.1176239114678665
1.0529557291666662	2.390593751531961
1.1529557291666663	2.6663149190662194
1.2529557291666664	2.9458885863388193
1.3529557291666665	3.2288699246695964
1.4529557291666666	3.5143213784648455
1.5529557291666667	3.8014129818746745
1.6529557291666668	4.089684158844639
1.7529557291666669	4.378665692088333
1.852955729166667	4.6680045412287186
1.952955729166667	4.957493629572626
2.052955729166667	5.2471889909435205
2.152955729166667	5.537110259436495
2.252955729166667	5.827372865550171
2.352955729166667	6.118233849879671
2.4529557291666673	6.410064634120786
2.5529557291666674	6.703334939001389
2.6529557291666674	6.998634595672787
2.7529557291666675	7.296695758371058
2.8529557291666676	7.598315437526816
2.9529557291666677	7.904375155522989
3.052955729166668	8.215923894013425
3.152955729166668	8.534099850011842
3.252955729166668	8.860092833728551
3.352955729166668	9.195199199814619
3.452955729166668	9.54074081425604
3.5529557291666682	9.898042306428081
3.6529557291666683	10.268254218265604
3.7529557291666684	10.652130839170487
3.8529557291666685	11.050475898924244
3.9529557291666686	11.46417025260987
4.052955729166668	11.89393855736578
4.152955729166668	12.340433341020784
4.2529557291666675	12.804486776498212
4.352955729166667	13.28675409407828
4.452955729166667	13.787788093437072
4.5529557291666665	14.307948797520476
4.652955729166666	14.847708366611833
4.752955729166666	15.407406605869381
4.852955729166665	15.987084890621839
4.952955729166665	16.58700377698955
5.052955729166665	17.207087876540285
5.152955729166664	17.847301037669606
5.252955729166664	18.50747338216971
5.352955729166664	19.187266283543384
5.452955729166663	19.88648369948355
5.552955729166663	20.604772654093452
5.652955729166663	21.34172650681355
5.752955729166662	22.096948626296623
5.852955729166662	22.869979513537324
5.9529557291666615	23.66033888376396
6.052955729166661	24.467492297740165
6.152955729166661	25.290883027604668
6.25295572916666	26.13000928689814
6.35295572916666	26.98432544541771
6.45295572916666	27.85329632892182
6.552955729166659	28.736378687706573
6.652955729166659	29.633021849489815
6.752955729166659	30.542698324668862
6.852955729166658	31.464935188390584
6.952955729166658	32.39911867700012
7.052955729166658	33.34492239944975
7.152955729166657	34.301739138146445
7.252955729166657	35.26909353476672
7.3529557291666565	36.246505201940685
7.452955729166656	37.23349330213392
7.552955729166656	38.22964045742577
7.6529557291666555	39.23447040303671
7.752955729166655	40.24756870331885
7.852955729166655	41.26854306261468
7.952955729166654	42.296949067270354
8.052955729166655	43.33247615505625
8.152955729166655	44.37462303043175
8.252955729166654	45.42320678160605
8.352955729166654	46.477711086609716
8.452955729166653	47.537956292499686
8.552955729166653	48.603462049903335
8.652955729166653	49.6740614806113
8.752955729166652	50.749296386982486
8.852955729166652	51.82903108801538
8.952955729166652	52.91280689586962
9.052955729166651	54.000537677420745
9.152955729166651	55.09174960075621
9.25295572916665	56.186407867565784
9.35295572916665	57.284033119451884
9.45295572916665	58.38462309866082
9.55295572916665	59.487846842212655
9.65295572916665	60.593490487911204
9.752955729166649	61.70135357251776
9.852955729166649	62.81123265452959
9.952955729166648	63.922918938266946
10.052955729166648	65.03623853073604
10.152955729166647	66.15099451039079
10.252955729166647	67.26701517572127
10.352955729166647	68.38411605514843
10.452955729166646	69.50211837908769
10.552955729166646	70.620898459678
10.652955729166646	71.74027900807891
10.752955729166645	72.86011665048177
10.852955729166645	73.98028482322442
10.952955729166645	75.10063229982939
11.052955729166644	76.22105442403792
11.152955729166644	77.34144999932569
11.252955729166644	78.46171280143835
11.352955729166643	79.58175837042671
11.452955729166643	80.70146742710284
11.552955729166642	81.82077944367317
11.652955729166642	82.93958144198238
11.752955729166642	84.05780672448354
11.852955729166641	85.17538686841775
11.952955729166641	86.29224795454932
12.05295572916664	87.40831874346038
12.15295572916664	88.52353846063315
12.25295572916664	89.63783834303088
12.35295572916664	90.75114651313339
12.45295572916664	91.86340250678458
12.552955729166639	92.97453417823655
12.652955729166639	93.97908965985465
12.752955729166638	94.90308965985464
12.852955729166638	95.82708965985464
12.952955729166638	96.75108965985463
13.052955729166637	97.67508965985462
13.152955729166637	98.59908965985461
13.252955729166636	99.5230896598546
13.352955729166636	100.4470896598546
13.452955729166636	101.37108965985459
13.552955729166635	102.29508965985458
13.652955729166635	103.21908965985457
13.752955729166635	104.14308965985457
13.852955729166634	105.06708965985456
13.952955729166634	105.99108965985455
14.052955729166634	106.91508965985454
14.152955729166633	107.83908965985454
14.252955729166633	108.76308965985453
14.352955729166633	109.68708965985452
14.452955729166632	110.61108965985451
14.552955729166632	111.5350896598545
14.652955729166631	112.50116298667739
14.752955729166631	113.50461298667739
14.85295572916663	114.50806298667739
14.95295572916663	115.50357833172957
15.05295572916663	116.23857833172957
15.15295572916663	116.97357833172957
15.25295572916663	117.70857833172957
15.352955729166629	118.44357833172957
15.452955729166629	119.17857833172957
15.552955729166628	119.91357833172957
15.652955729166628	120.64857833172957
15.752955729166628	121.38357833172957
15.852955729166627	122.11857833172957
15.952955729166627	122.85357833172957
16.052955729166626	123.58857833172956
16.152955729166628	124.32357833172958
16.25295572916663	125.05857833172959
16.35295572916663	125.7935783317296
16.452955729166632	126.52857833172962
16.552955729166634	127.26357833172963
16.652955729166635	127.99857833172965
16.752955729166636	128.73357833172966
16.852955729166638	129.46857833172967
16.95295572916664	130.2035783317297
17.05295572916664	130.9385783317297
17.152955729166642	131.67357833172971
17.252955729166644	132.40857833172973
17.352955729166645	133.14357833172974
17.452955729166646	133.87857833172976
17.552955729166648	134.61357833172977
17.65295572916665	135.34857833172978
17.75295572916665	136.0835783317298
17.852955729166652	136.8185783317298
17.952955729166653	137.55357833172982
18.052955729166655	138.28857833172984
18.152955729166656	139.02357833172985
18.252955729166658	139.75857833172986
18.35295572916666	140.49357833172988
18.45295572916666	141.2285783317299
18.552955729166662	141.9635783317299
18.652955729166663	142.69857833172992
18.752955729166665	143.43357833172993
18.852955729166666	144.16857833172995
18.952955729166668	144.90357833172996
19.05295572916667	145.63857833172997
19.15295572916667	146.37357833173
19.252955729166672	147.10857833173
19.352955729166673	147.84357833173001
19.452955729166675	148.57857833173003
19.552955729166676	149.31357833173004
19.652955729166678	150.04857833173006
19.75295572916668	150.78357833173007
19.85295572916668	151.51857833173008
19.952955729166682	152.2535783317301
20.052955729166683	152.9885783317301
20.152955729166685	153.72357833173012
20.252955729166686	154.45857833173014
20.352955729166688	155.19357833173015
20.45295572916669	155.92857833173017
20.55295572916669	156.66357833173018
20.652955729166692	157.3985783317302
20.752955729166693	158.1335783317302
20.852955729166695	158.86857833173022
20.952955729166696	159.60357833173023
21.052955729166698	160.33857833173025
21.1529557291667	161.07357833173026
21.2529557291667	161.80857833173027
21.352955729166702	162.5435783317303
21.452955729166703	163.2785783317303
21.552955729166705	164.01357833173032
21.652955729166706	164.74857833173033
21.752955729166707	165.48357833173034
21.85295572916671	166.21857833173036
21.95295572916671	166.95357833173037
22.05295572916671	167.68857833173038
22.152955729166713	168.4235783317304
22.252955729166715	169.1585783317304
22.352955729166716	169.89357833173042
22.452955729166717	170.62857833173044
22.55295572916672	171.36357833173045
22.65295572916672	172.09857833173047
22.75	173.52512911297967
179769313486231570000000000000000000000000000000000000000000000000000000000000000000000000000000000000000000000000000000000000000000000000000000000000000000000000000000000000000000000000000000000000000000000000000000000000000000000000000000000000000000000000000000000000000000000000000000000000000000000000000	173.52512911297967
