-100000	0
-0.005670415171389109	0
-0.002337081838055776	0.0006055427863256675
0.0026629181619442243	0.00430142316020804
0.010162918161944224	0.010772680256426425
0.021412918161944225	0.021850712876820888
0.038287918161944226	0.04070620165679159
0.06360041816194423	0.07276742804776486
0.10156916816194422	0.1273273490055917
0.15852229316194422	0.2202459977357141
0.24395198066194423	0.378487667004117
0.3439519806619442	0.5856894309072938
0.4439519806619442	0.8114849834973465
0.5439519806619442	1.0524136165260407
0.6439519806619441	1.3060420103812025
0.7439519806619441	1.570540126333882
0.8439519806619441	1.8444751511481026
0.9439519806619441	2.1266926296033333
1.0439519806619442	2.416231344775522
1.1439519806619443	2.7122823167063506
1.2439519806619443	3.014159173046407
1.3439519806619444	3.3212662321577837
1.4439519806619445	3.6330903025332777
1.5439519806619446	3.949183601991895
1.6439519806619447	4.269155418831095
1.7439519806619448	4.592665683098767
1.8439519806619449	4.919420159165604
1.943951980661945	5.249168118111755
2.043951980661945	5.581697117963805
2.143951980661945	5.916833460946845
2.243951980661945	6.254442822433467
2.343951980661945	6.594430829162391
2.443951980661945	6.93674662940872
2.5439519806619453	7.281387204912025
2.6439519806619454	7.628407071678558
2.7439519806619455	7.977929507784304
2.8439519806619455	8.330232831691475
2.9439519806619456	8.688246508038938
3.0439519806619457	9.052768695270561
3.143951980661946	9.424491548081912
3.243951980661946	9.804049379632357
3.343951980661946	10.192128934777157
3.443951980661946	10.589492854076877
3.543951980661946	10.997411188994203
3.6439519806619463	11.416776799422282
3.7439519806619463	11.848172363846151
3.8439519806619464	12.293294407983701
3.9439519806619465	12.753457368946927
4.043951980661946	13.229188911183291
4.143951980661946	13.721648043442512
4.2439519806619455	14.23205217079472
4.343951980661945	14.761428194401908
4.443951980661945	15.310622639532355
4.543951980661944	15.880064242344906
4.643951980661944	16.469754640844652
4.743951980661944	17.07985731584495
4.843951980661943	17.710476919276996
4.943951980661943	18.36157160591262
5.043951980661943	19.032907031730343
5.143951980661942	19.724115472626092
5.243951980661942	20.434715720320668
5.3439519806619415	21.16418603496373
5.443951980661941	21.9119736332124
5.543951980661941	22.677518779091315
5.6439519806619405	23.460257691725594
5.74395198066194	24.259637148737898
5.84395198066194	25.075128960015515
5.943951980661939	25.906207668812556
6.043951980661939	26.752358098993888
6.143951980661939	27.613102860862487
6.243951980661938	28.48794176078242
6.343951980661938	29.376438222644698
6.443951980661938	30.27810389925441
6.543951980661937	31.19250006812097
6.643951980661937	32.119180973686944
6.743951980661937	33.057708253219985
6.843951980661936	34.00764774083575
6.943951980661936	34.96856746247539
7.0439519806619355	35.9400005262455
7.143951980661935	36.9216148740964
7.243951980661935	37.912941631040624
7.343951980661934	38.91356347646759
7.443951980661934	39.923050647398526
7.543951980661934	40.94098097612235
7.643951980661933	41.96693602928002
7.743951980661933	43.00050214185709
7.843951980661933	44.04126696690446
7.943951980661932	45.08879551178902
8.043951980661932	46.142694597645
8.143951980661932	47.202548925708776
8.243951980661931	48.26797064686587
8.343951980661931	49.33855923013598
8.44395198066193	50.413934488420324
8.54395198066193	51.49373250722132
8.64395198066193	52.57758273627721
8.74395198066193	53.66516130581242
8.84395198066193	54.75614603864386
8.943951980661929	55.85023341260638
9.043951980661928	56.947146051647564
9.143951980661928	58.046642162296834
9.243951980661928	59.14849775940226
9.343951980661927	60.25251175448961
9.443951980661927	61.358512572374984
9.543951980661927	62.46636805318911
9.643951980661926	63.57594237684938
9.743951980661926	64.68650920765647
9.843951980661926	65.79720023863092
9.943951980661925	66.90799428825079
10.043951980661925	68.01884228928505
10.143951980661924	69.12979949903458
10.243951980661924	70.24085802709558
10.343951980661924	71.35201260563922
10.443951980661923	72.4632798502172
10.543951980661923	73.57460623447137
10.643951980661923	74.68604926375761
10.743951980661922	75.79753321180279
10.843951980661922	76.90910694228197
10.943951980661922	78.02074088678452
11.043951980661921	79.13243960311398
11.143951980661921	80.24418294937456
11.24395198066192	81.35597483394868
11.34395198066192	82.46779926438683
11.44395198066192	83.57966038666159
11.54395198066192	84.6915408836124
11.64395198066192	85.80343742365032
11.743951980661919	86.91533132461493
11.843951980661918	88.02724522767545
11.943951980661918	89.13911274339995
12.043951980661918	90.25097085727312
12.143951980661917	91.36280030888818
12.243951980661917	92.47457947486303
12.343951980661917	93.586321400096
12.443951980661916	94.69830000613662
12.543951980661916	95.81047911172179
12.59087452734389	96.27196449858327
1000012.5908745273	96.27196449858327
