-179769313486231570000000000000000000000000000000000000000000000000000000000000000000000000000000000000000000000000000000000000000000000000000000000000000000000000000000000000000000000000000000000000000000000000000000000000000000000000000000000000000000000000000000000000000000000000000000000000000000000000000	0
-0.0000000000000003696804944742141	0
0.003333333333332964	0.005462695821840946
0.006666666666666298	0.011049452097766504
0.011666666666666298	0.01966219986306323
0.019166666666666297	0.03310064228847179
0.030416666666666297	0.05418586639872674
0.0472916666666663	0.08765719185969004
0.0726041666666663	0.14122374936438564
0.1105729166666663	0.2277470393146715
0.1675260416666663	0.3683126932875751
0.2529557291666663	0.5975182729318183
0.3529557291666663	0.8866069630139783
0.45295572916666627	1.192643066045787
0.5529557291666662	1.5117536256770419
0.6529557291666662	1.8412958658320995
0.7529557291666662	2.179018967824536
0.8529557291666662	2.5233405407762453
0.9529557291666662	2.872936603892974
1.0529557291666662	3.2266529953608902
1.1529557291666663	3.5837830137299993
1.2529557291666664	3.9467198044028065
1.3529557291666665	4.315372421627752
1.4529557291666666	4.688628338087529
1.5529557291666667	5.06561743612741
1.6529557291666668	5.445734357341626
1.7529557291666669	5.828492266485142
1.852955729166667	6.213664912688598
1.952955729166667	6.60117023682094
2.052955729166667	6.991044869287745
2.152955729166667	7.383488232190022
2.252955729166667	7.778777256753697
2.352955729166667	8.177349596370446
2.4529557291666673	8.579679115493143
2.5529557291666674	8.986357211679293
2.6529557291666674	9.398028308765227
2.7529557291666675	9.815433757760916
2.8529557291666676	10.2392686408843
2.9529557291666677	10.670350305851498
3.052955729166668	11.109506509644023
3.152955729166668	11.55757042969762
3.252955729166668	12.015340784785838
3.352955729166668	12.483628025464022
3.452955729166668	12.96327616371094
3.5529557291666682	13.455034370488775
3.6529557291666683	13.959577595069218
3.7529557291666684	14.477632697635727
3.8529557291666685	15.0098355462953
3.9529557291666686	15.556742294789657
4.052955729166668	16.118850109241837
4.152955729166668	16.696694227759895
4.2529557291666675	17.290517151594806
4.352955729166667	17.900593924564483
4.452955729166667	18.527198628832217
4.5529557291666665	19.170483429584316
4.652955729166666	19.830518080064337
4.752955729166666	20.507376080152646
4.852955729166665	21.20094312234634
4.952955729166665	21.911235898603696
5.052955729166665	22.638098141178368
5.152955729166664	23.381284906978703
5.252955729166664	24.14062185924789
5.352955729166664	24.91582399345041
5.452955729166663	25.70662460270545
5.552955729166663	26.512678942913194
5.652955729166663	27.33353947931823
5.752955729166662	28.16902660250245
5.852955729166662	29.01869606484292
5.9529557291666615	29.882108572605873
6.052955729166661	30.75882296001138
6.152955729166661	31.648482981314103
6.25295572916666	32.55059558509707
6.35295572916666	33.46483191660062
6.45295572916666	34.3907295984494
6.552955729166659	35.32777811883944
6.652955729166659	36.27567807904936
6.752955729166659	37.23388814044009
6.852955729166658	38.20214710877857
6.952955729166658	39.17999599272659
7.052955729166658	40.16696973146732
7.152955729166657	41.16261693264704
7.252955729166657	42.166639711558325
7.3529557291666565	43.17859204173484
7.452955729166656	44.19809573535603
7.552955729166656	45.22482137683931
7.6529557291666555	46.25835810420676
7.752955729166655	47.29838261626203
7.852955729166655	48.34455871697801
7.952955729166654	49.39649171902482
8.052955729166655	50.453948770522736
8.152955729166655	51.51650979367052
8.252955729166654	52.58397429239018
8.352955729166654	53.65598952696134
8.452955729166653	54.73227781118174
8.552955729166653	55.812714571672245
8.652955729166653	56.89697477130308
8.752955729166652	57.98483462818854
8.852955729166652	59.076020995650865
8.952955729166652	60.17037405025523
9.052955729166651	61.267604432491176
9.152955729166651	62.36742320978072
9.25295572916665	63.4695881184161
9.35295572916665	64.57391307389972
9.45295572916665	65.6802380165877
9.55295572916665	66.78825250764791
9.65	68.94230916291076
179769313486231570000000000000000000000000000000000000000000000000000000000000000000000000000000000000000000000000000000000000000000000000000000000000000000000000000000000000000000000000000000000000000000000000000000000000000000000000000000000000000000000000000000000000000000000000000000000000000000000000000	68.94230916291076
