-179769313486231570000000000000000000000000000000000000000000000000000000000000000000000000000000000000000000000000000000000000000000000000000000000000000000000000000000000000000000000000000000000000000000000000000000000000000000000000000000000000000000000000000000000000000000000000000000000000000000000000000	0
-0.00000000000000037380260052850457	0
0.0033333333333329597	0.006295684307151073
0.00833333333333296	0.022267508426437554
0.01583333333333296	0.046983368986859966
0.02708333333333296	0.08571552034626909
0.04395833333333296	0.1468973788122823
0.06927083333333296	0.2441551333076508
0.10723958333333297	0.40000799908037005
0.164192708333333	0.6513708579653764
0.249622395833333	1.0582830742059075
0.349622395833333	1.6256979420023858
0.44962239583333297	2.2745999666339536
0.5496223958333329	2.9542846887504073
0.6496223958333329	3.658102280097328
0.7496223958333329	4.381133362392184
0.8496223958333329	5.119610930938956
0.9496223958333329	5.870611111030437
1.0496223958333328	6.631692667613372
1.149622395833333	7.40093544129314
1.249622395833333	8.179595431304646
1.349622395833333	8.96998542659593
1.4496223958333332	9.771612087704636
1.5496223958333333	10.583092049954994
1.6496223958333334	11.403364108137731
1.7496223958333335	12.231722642402671
1.8496223958333335	13.06783313245202
1.9496223958333336	13.911609265981586
2.0496223958333335	14.763146539978099
2.1496223958333336	15.62276570479592
2.2496223958333337	16.490902064895465
2.3496223958333338	17.368223302131145
2.449622395833334	18.255475599592135
2.549622395833334	19.15348185112635
2.649622395833334	20.063288293530675
2.749622395833334	20.98597091394635
2.849622395833334	21.922691550419636
2.9496223958333343	22.874751450937463
3.0496223958333344	23.843344709139167
3.1496223958333345	24.829684015763103
3.2496223958333346	25.835122658017422
3.3496223958333347	26.86086364924484
3.4496223958333347	27.90808116734275
3.549622395833335	28.978034187492504
3.649622395833335	30.071805759065388
3.749622395833335	31.19042409066583
3.849622395833335	32.334937540112264
3.949622395833335	33.50625953976434
4.049622395833335	34.70515047820645
4.149622395833335	35.93230305951356
4.249622395833335	37.1883818350226
4.349622395833334	38.473864772182225
4.449622395833334	39.78912717181788
4.5496223958333335	41.13449656801273
4.649622395833333	42.510111075342294
4.749622395833333	43.916051013463345
4.849622395833332	45.35235219141526
4.949622395833332	46.81889312238929
5.049622395833332	48.31546897722758
5.149622395833331	49.84175634677087
5.249622395833331	51.397431032264635
5.349622395833331	52.98211054209195
5.44962239583333	54.59537131555601
5.54962239583333	56.23672262735943
5.64962239583333	57.90556700395984
5.749622395833329	59.601296006876304
5.849622395833329	61.32328129296304
5.9496223958333285	63.07083879820673
6.049622395833328	64.84323770978652
6.149622395833328	66.63974857146623
6.2496223958333275	68.45969192793898
6.349622395833327	70.30232033536473
6.449622395833327	72.16692863014634
6.549622395833326	74.05282702383617
6.649622395833326	75.95913323343711
6.749622395833326	77.88506839552376
6.849622395833325	79.82989343680052
6.949622395833325	81.79284764243683
7.049622395833325	83.7731973110665
7.149622395833324	85.77020336417363
7.249622395833324	87.78316918161379
7.3496223958333236	89.81129699046211
7.449622395833323	91.8539420105531
7.549622395833323	93.91042836675999
7.6496223958333225	95.9800739281802
7.749622395833322	98.06221702190958
7.849622395833322	100.15621441045548
7.949622395833321	102.26150011881272
8.049622395833321	104.37735305955877
8.14962239583332	106.50316985457405
8.24962239583332	108.63834958769546
8.34962239583332	110.78231545999674
8.44962239583332	112.9345437074807
8.54962239583332	115.09474629154771
8.649622395833319	117.26243912542613
8.749622395833319	119.43705495787086
8.849622395833318	121.61818463815314
8.949622395833318	123.80546908354496
9.049622395833318	125.99850582097945
9.149622395833317	128.19669865288844
9.249622395833317	130.39956238854708
9.349622395833316	132.6066736759938
9.449622395833316	134.81774091940076
9.549622395833316	137.0323329545817
9.649622395833315	139.2499331373054
9.65	140.36782282417553
179769313486231570000000000000000000000000000000000000000000000000000000000000000000000000000000000000000000000000000000000000000000000000000000000000000000000000000000000000000000000000000000000000000000000000000000000000000000000000000000000000000000000000000000000000000000000000000000000000000000000000000	140.37620713686815
