-179769313486231570000000000000000000000000000000000000000000000000000000000000000000000000000000000000000000000000000000000000000000000000000000000000000000000000000000000000000000000000000000000000000000000000000000000000000000000000000000000000000000000000000000000000000000000000000000000000000000000000000	0
-0.00000000000000037792470658279495	0
0.003333333333332956	0.007128672792461201
0.008333333333332957	0.02518296812502297
0.015833333333332957	0.0530443877227246
0.027083333333332956	0.09657125592492874
0.04395833333333296	0.16504358300121919
0.06927083333333296	0.2734064661641454
0.10723958333333297	0.4461834962825136
0.164192708333333	0.7231932294653187
0.249622395833333	1.168989014244048
0.349622395833333	1.7876150897771548
0.44962239583333297	2.4923036069878437
0.5496223958333329	3.2283077822167403
0.6496223958333329	3.9890999123017803
0.7496223958333329	4.769824310846135
0.8496223958333329	5.566678376759583
0.9496223958333329	6.376734142249601
1.0496223958333328	7.197567893711365
1.149622395833333	8.027298504465998
1.249622395833333	8.86673874964005
1.349622395833333	9.71790509029932
1.4496223958333332	10.580877158349752
1.5496223958333333	11.455151297044342
1.6496223958333334	12.340422794665066
1.7496223958333335	13.23643531202227
1.8496223958333335	14.143127444724069
1.9496223958333336	15.060607030996685
2.0496223958333335	15.989195151152366
2.1496223958333336	16.929367388346137
2.2496223958333337	17.88155268367047
2.3496223958333338	18.846269237755592
2.449622395833334	19.82410080479427
2.549622395833334	20.815806373832203
2.649622395833334	21.822196673360946
2.749622395833334	22.84404776469476
2.849622395833334	23.88215876156918
2.9496223958333343	24.937342170294155
3.0496223958333344	26.010491032573377
3.1496223958333345	27.10249880157403
3.2496223958333346	28.214181062334216
3.3496223958333347	29.346371781589138
3.4496223958333347	30.49986315813314
3.549622395833335	31.675427235441585
3.649622395833335	32.873809164596025
3.749622395833335	34.095664149987584
3.849622395833335	35.341714857431235
3.949622395833335	36.612493874126656
4.049622395833335	37.90844541151433
4.149622395833335	39.23007208732545
4.249622395833335	40.57776296526099
4.349622395833334	41.95192207593212
4.449622395833334	43.35281143769235
4.5496223958333335	44.78038259885057
4.649622395833333	46.23474166906859
4.749622395833333	47.716088866364345
4.849622395833332	49.2244151409753
4.949622395833332	50.75957410598331
5.049622395833332	52.32141254750891
5.149622395833331	53.90954267909821
5.249622395833331	55.523691278810304
5.349622395833331	57.16373280063045
5.44962239583333	58.829302516987305
5.54962239583333	60.51997985965167
5.64962239583333	62.235298380837634
5.749622395833329	63.974752789361354
5.849622395833329	65.7378001656587
5.9496223958333285	67.52387695913322
6.049622395833328	69.33237987299238
6.149622395833328	71.16264480343243
6.2496223958333275	73.01406490641396
6.349622395833327	74.88604768201674
6.449622395833327	76.77798853568754
6.549622395833326	78.68929184035206
6.649622395833326	80.61922564991607
6.749622395833326	82.56713743510296
6.849622395833325	84.53232106902973
6.949622395833325	86.51413759276676
7.049622395833325	88.51199238780232
7.149622395833324	90.52522230933597
7.249622395833324	92.55319140608314
7.3496223958333236	94.59519959726825
7.449622395833323	96.65062615648274
7.549622395833323	98.71886492925654
7.6496223958333225	100.79930678981985
7.749622395833322	102.89133675209055
7.849622395833322	104.99432002351301
7.949622395833321	107.10769258086472
8.049622395833321	109.23089187748884
8.14962239583332	111.36338839835483
8.24962239583332	113.50465698802265
8.34962239583332	115.65415111599253
8.44962239583332	117.81129931153968
8.54962239583332	119.97570840857425
8.649622395833319	122.14711175452227
8.749622395833319	124.32508259958865
8.849622395833318	126.50911665673988
8.949622395833318	128.6988236938973
9.049622395833318	130.89382219075307
9.149622395833317	133.09362616091235
9.249622395833317	135.2977910961989
9.349622395833316	137.5058986243848
9.449622395833316	139.71760755576074
9.549622395833316	141.93257395260872
9.649622395833315	144.15043148125773
9.65	145.2684265330803
179769313486231570000000000000000000000000000000000000000000000000000000000000000000000000000000000000000000000000000000000000000000000000000000000000000000000000000000000000000000000000000000000000000000000000000000000000000000000000000000000000000000000000000000000000000000000000000000000000000000000000000	145.27681084862854
