-179769313486231570000000000000000000000000000000000000000000000000000000000000000000000000000000000000000000000000000000000000000000000000000000000000000000000000000000000000000000000000000000000000000000000000000000000000000000000000000000000000000000000000000000000000000000000000000000000000000000000000000	0
5.868662315462854	0
5.871995648796187	0.0000771310686287908
5.87532898212952	0.0002227677756371686
5.8803289821295195	0.0005649371597372624
5.88782898212952	0.0013565484639594194
5.89907898212952	0.0031702691834549867
5.91595398212952	0.007300642854736316
5.94126648212952	0.016670377823332336
5.97923523212952	0.03748294195076445
6.03618835712952	0.08328093342494045
6.121618044629519	0.18244930410981391
6.221618044629519	0.3408198943609223
6.321618044629519	0.5405128630555027
6.421618044629518	0.7779293261087196
6.521618044629518	1.0500393960675118
6.621618044629518	1.3545044047124573
6.721618044629517	1.689408686691293
6.821618044629517	2.0528279380820043
6.921618044629517	2.4431126696548477
7.021618044629516	2.858823544024791
7.121618044629516	3.298590806235925
7.2216180446295155	3.761246713410057
7.321618044629515	4.245694880891564
7.421618044629515	4.750960319801898
7.521618044629514	5.27604633161814
7.621618044629514	5.820012863717843
7.721618044629514	6.382027096939464
7.821618044629513	6.961314136539282
7.921618044629513	7.557038063278885
8.021618044629513	8.168667806185464
8.121618044629512	8.79533153736341
8.221618044629512	9.436586430934335
8.321618044629512	10.091638254598339
8.421618044629511	10.760140209014223
8.521618044629511	11.441425620097645
8.62161804462951	12.134891825418359
8.72161804462951	12.840039916041297
8.82161804462951	13.556519957923388
8.92161804462951	14.283910514273206
9.02161804462951	15.021715164876877
9.121618044629509	15.769719409149067
9.221618044629508	16.527391509735573
9.321618044629508	17.294614821226737
9.421618044629508	18.07090111701058
9.521618044629507	18.85622258109192
9.621618044629507	19.650233147394314
9.721618044629507	20.45269940128407
9.821618044629506	21.26340239561786
9.921618044629506	22.082120890400546
10.021618044629506	22.908624782177768
10.121618044629505	23.74276875679101
10.221618044629505	24.58428690260613
10.321618044629504	25.43296733831849
10.421618044629504	26.288608542281956
10.521618044629504	27.150997260419683
10.621618044629503	28.019959496269614
10.721618044629503	28.89525952717925
10.821618044629503	29.77665535381618
10.921618044629502	30.6639698010984
11.021618044629502	31.55695603606723
11.121618044629502	32.4553741776066
11.221618044629501	33.35903361719974
11.321618044629501	34.26765685954419
11.4216180446295	35.181012534366545
11.5216180446295	36.098871757985265
11.6216180446295	37.02093443668824
11.7216180446295	37.946982065964164
11.8216180446295	38.87673457486793
11.921618044629499	39.80987960065955
12.021618044629498	40.74621471713191
12.121618044629498	41.685402028222384
12.221618044629498	42.62713859528845
12.321618044629497	43.57111993002652
12.421618044629497	44.51704478782902
12.521618044629497	45.464592485360505
12.621618044629496	46.41343745907577
12.721618044629496	47.36322157287558
12.821618044629496	47.74426516828421
12.921618044629495	48.059265168221344
13.021618044629495	48.37426516815848
13.121618044629495	48.689265168095616
13.221618044629494	49.00426516803275
13.321618044629494	49.31926516796989
13.421618044629493	49.634265167907024
13.521618044629493	49.94926516784416
13.621618044629493	50.264265167781296
13.721618044629492	50.57926516771843
13.821618044629492	50.89426516765557
13.921618044629492	51.209265167592704
14.021618044629491	51.52426516752984
14.121618044629491	51.839265167466976
14.22161804462949	52.15426516740411
14.32161804462949	52.46926516734125
14.42161804462949	52.784265167278384
14.52161804462949	53.09926516721552
14.62161804462949	53.41426516715266
14.721618044629489	53.72926516708979
14.821618044629489	54.04426516702693
14.921618044629488	54.359265166964065
15.021618044629488	54.6742651669012
15.121618044629487	54.98926516683834
15.221618044629487	55.30426516677547
15.321618044629487	55.61926516671261
15.421618044629486	55.934265166649745
15.521618044629486	56.24926516658688
15.621618044629486	56.56426516652402
15.721618044629485	56.87926516646115
15.821618044629485	57.19426516639829
15.921618044629485	57.509265166335425
16.021618044629484	57.82426516627256
16.121618044629486	58.139265166209704
16.221618044629487	58.45426516614685
16.32161804462949	58.76926516608399
16.42161804462949	59.08426516602113
16.52161804462949	59.399265165958276
16.621618044629493	59.71426516589542
16.721618044629494	60.02926516583256
16.821618044629496	60.344265165769706
16.921618044629497	60.65926516570685
17.0216180446295	60.97426516564399
17.1216180446295	61.289265165581135
17.2216180446295	61.60426516551828
17.321618044629503	61.91926516545542
17.421618044629504	62.234265165392564
17.521618044629506	62.54926516532971
17.621618044629507	62.86426516526685
17.72161804462951	63.179265165203994
17.82161804462951	63.49426516514114
17.92161804462951	63.80926516507828
18.021618044629513	64.12426516501542
18.121618044629514	64.43926516495256
18.221618044629516	64.7542651648897
18.321618044629517	65.06926516482685
18.42161804462952	65.38426516476399
18.52161804462952	65.69926516470113
18.62161804462952	66.01426516463827
18.721618044629523	66.32926516457542
18.821618044629524	66.64426516451256
18.921618044629525	66.9592651644497
19.021618044629527	67.27426516438685
19.12161804462953	67.58926516432399
19.22161804462953	67.90426516426113
19.32161804462953	68.21926516419828
19.421618044629533	68.53426516413542
19.521618044629534	68.84926516407256
19.621618044629535	69.1642651640097
19.721618044629537	69.47926516394685
19.82161804462954	69.79426516388399
19.92161804462954	70.10926516382114
20.02161804462954	70.42426516375828
20.121618044629543	70.73926516369542
20.221618044629544	71.05426516363256
20.321618044629545	71.36926516356971
20.421618044629547	71.68426516350685
20.521618044629548	71.999265163444
20.62161804462955	72.31426516338114
20.72161804462955	72.62926516331828
20.821618044629552	72.94426516325542
20.921618044629554	73.25926516319257
21.021618044629555	73.57426516312971
21.121618044629557	73.88926516306685
21.221618044629558	74.204265163004
21.32161804462956	74.51926516294114
21.42161804462956	74.83426516287828
21.521618044629562	75.14926516281542
21.621618044629564	75.46426516275257
21.721618044629565	75.77926516268971
21.821618044629567	76.09426516262685
21.921618044629568	76.409265162564
22.02161804462957	76.72426516250114
22.12161804462957	77.03926516243828
22.221618044629572	77.35426516237543
22.321618044629574	77.66926516231257
22.421618044629575	77.98426516224971
22.521618044629577	78.29926516218686
22.621618044629578	78.614265162124
22.72161804462958	78.92926516206114
22.82161804462958	79.24426516199829
22.921618044629582	79.55926516193543
23.021618044629584	79.87426516187257
23.121618044629585	80.18926516180971
23.221618044629587	80.50426516174686
23.321618044629588	80.819265161684
23.42161804462959	81.13426516162114
23.45	81.31307148041904
179769313486231570000000000000000000000000000000000000000000000000000000000000000000000000000000000000000000000000000000000000000000000000000000000000000000000000000000000000000000000000000000000000000000000000000000000000000000000000000000000000000000000000000000000000000000000000000000000000000000000000000	81.31307148041904
