-100000	0
-0.002999218463898501	0
0.00033411486943483266	0.005866964844197612
0.005334114869434832	0.01538686374178155
0.012834114869434832	0.030663431082435022
0.024084114869434833	0.05517992809052237
0.040959114869434834	0.09465364852290473
0.06627161486943484	0.1584987392207771
0.10424036486943483	0.2622926673337041
0.16119348986943483	0.4318716590324086
0.24662317736943484	0.7101193232963394
0.3466231773694348	1.0639291105904656
0.4466231773694348	1.4418097996983703
0.5466231773694348	1.839544558893937
0.6466231773694348	2.2541901472058807
0.7466231773694347	2.683561819278936
0.8466231773694347	3.125973755009845
0.9466231773694347	3.580094371399551
1.0466231773694348	4.044858419909124
1.1466231773694349	4.519408968714324
1.246623177369435	5.0030684529449365
1.346623177369435	5.495314745031794
1.4466231773694351	5.995771199573285
1.5466231773694352	6.504226837945766
1.6466231773694353	7.020597591185319
1.7466231773694354	7.544604640724187
1.8466231773694355	8.075998143021938
1.9466231773694356	8.614877586615181
2.0466231773694354	9.161477994140428
2.1466231773694355	9.716092348620037
2.2466231773694356	10.279062154410509
2.3466231773694357	10.850769554585815
2.446623177369436	11.431645210500847
2.546623177369436	12.022148589241663
2.646623177369436	12.622771372326747
2.746623177369436	13.234027259599687
2.846623177369436	13.856445353062625
2.9466231773694362	14.490548315369512
3.0466231773694363	15.136850473250954
3.1466231773694364	15.795801077391332
3.2466231773694365	16.467790753416836
3.3466231773694366	17.153107576706315
3.4466231773694367	17.85189638048849
3.5466231773694368	18.56405663068933
3.646623177369437	19.289050766626378
3.746623177369437	20.026445952186656
3.846623177369437	20.776311770966117
3.946623177369437	21.53887425063343
4.046623177369437	22.314283634514457
4.146623177369436	23.10260989419492
4.246623177369436	23.903846867362557
4.346623177369436	24.71792411744961
4.446623177369435	25.544715407234335
4.546623177369435	26.384045393007423
4.646623177369435	27.235702609944862
4.746623177369434	28.099444195784777
4.846623177369434	28.97500433465935
4.946623177369434	29.862100462538585
5.046623177369433	30.760435896560267
5.146623177369433	31.669705237807754
5.2466231773694325	32.58959813757219
5.346623177369432	33.51979960057708
5.446623177369432	34.45999320101604
5.5466231773694314	35.40986302187388
5.646623177369431	36.369092231855745
5.746623177369431	37.33736619769796
5.84662317736943	38.31437279870348
5.94662317736943	39.29980113716519
6.04662317736943	40.29334348628707
6.146623177369429	41.29469462526698
6.246623177369429	42.303551721701645
6.346623177369429	43.31961483839765
6.446623177369428	44.34258655738991
6.546623177369428	45.372172347597385
6.6466231773694275	46.40808012485156
6.746623177369427	47.45002037493695
6.846623177369427	48.497706227317494
6.9466231773694265	49.550852975303826
7.046623177369426	50.60917904326514
7.146623177369426	51.672405738746725
7.246623177369425	52.74025655783665
7.346623177369425	53.812458362379374
7.446623177369425	54.88874151367637
7.546623177369424	55.96884009358279
7.646623177369424	57.05249166170283
7.746623177369424	58.13943888281235
7.846623177369423	59.229430260540646
7.946623177369423	60.32221602993118
8.046623177369423	61.417556564522194
8.146623177369422	62.51521800080348
8.246623177369422	63.6149744772186
8.346623177369421	64.71660843486816
8.446623177369421	65.81991194125631
8.54662317736942	66.92468778229045
8.64662317736942	68.03075042271054
8.74662317736942	69.13792644271543
8.84662317736942	70.24605560203567
8.94662317736942	71.35499237661169
9.046623177369419	72.4646060985898
9.146623177369419	73.574781980773
9.246623177369418	74.68542236627634
9.346623177369418	75.79644571977857
9.446623177369418	76.90778773928629
9.546623177369417	78.01940218474248
9.646623177369417	79.13125905499814
9.649666143218472	79.16438061325357
1000009.6496661432	79.16438061325357
