-179769313486231570000000000000000000000000000000000000000000000000000000000000000000000000000000000000000000000000000000000000000000000000000000000000000000000000000000000000000000000000000000000000000000000000000000000000000000000000000000000000000000000000000000000000000000000000000000000000000000000000000	0
5.868665531496502	0
5.871998864829835	0.00006611343810023805
5.875332198163168	0.00019094507796913964
5.880332198163168	0.000484233386558864
5.887832198163168	0.0011627577592128204
5.8990821981631685	0.0027173761151752787
5.915957198163168	0.006257696670836756
5.941269698163168	0.014288890317763937
5.979238448163168	0.03212820987457753
6.036191573163168	0.07138359009505013
6.121621260663169	0.15638495422471632
6.221621260663168	0.292131006528925
6.321621260663168	0.4632961939585588
6.4216212606631675	0.6667957610766103
6.521621260663167	0.9000326779726914
6.621621260663167	1.1610023654597046
6.7216212606631665	1.4480628268712505
6.821621260663166	1.759564677017701
6.921621260663166	2.09409406220396
7.021621260663165	2.450417258503098
7.121621260663165	2.8273602035357164
7.221621260663165	3.2239219692429666
7.321621260663164	3.6391627987409825
7.421621260663164	4.072246990501305
7.521621260663164	4.5223202313343815
7.621621260663163	4.988576761248022
7.721621260663163	5.470302746165672
7.8216212606631625	5.966833988411036
7.921621260663162	6.4774539757291265
8.021621260663162	7.0017075177352615
8.121621260663161	7.5388473260330855
8.221621260663161	8.0884938401581
8.32162126066316	8.649966289206914
8.42162126066316	9.222967419339541
8.52162126066316	9.80692579169294
8.62162126066316	10.401324836292721
8.72162126066316	11.00573693599554
8.821621260663159	11.619862121336046
8.921621260663159	12.243339184300554
9.021621260663158	12.875742604373292
9.121621260663158	13.516888536208933
9.221621260663158	14.166321200298675
9.321621260663157	14.823940614943066
9.421621260663157	15.489328305731677
9.521621260663157	16.16246042615653
9.621621260663156	16.843040351612387
9.721621260663156	17.53086801047531
9.821621260663155	18.225755728032723
9.921621260663155	18.927513886207475
10.021621260663155	19.635945238785034
10.121621260663154	20.350925240134565
10.221621260663154	21.072225960633027
10.321621260663154	21.799665785903954
10.421621260663153	22.533071985296566
10.521621260663153	23.27226176478603
10.621621260663153	24.0170859859345
10.721621260663152	24.76734260436783
10.821621260663152	25.522824193233042
10.921621260663152	26.283378887877504
11.021621260663151	27.04879511650072
11.12162126066315	27.81886726837081
11.22162126066315	28.593431963628618
11.32162126066315	29.372251361388862
11.42162126066315	30.155127142603675
11.52162126066315	30.941863109818062
11.621621260663149	31.732202040007333
11.721621260663149	32.52595664411245
11.821621260663148	33.322886860021185
11.921621260663148	34.122724948205175
12.021621260663148	34.925297401521604
12.121621260663147	35.73031459320988
12.221621260663147	36.5375168604281
12.321621260663147	37.346643212583054
12.421621260663146	38.15743543958489
12.521621260663146	38.96961866925618
12.621621260663145	39.78291384561211
12.721621260663145	40.59701398896574
12.732786834599251	40.678803888276775
179769313486231570000000000000000000000000000000000000000000000000000000000000000000000000000000000000000000000000000000000000000000000000000000000000000000000000000000000000000000000000000000000000000000000000000000000000000000000000000000000000000000000000000000000000000000000000000000000000000000000000000	40.678803888276775
