-179769313486231570000000000000000000000000000000000000000000000000000000000000000000000000000000000000000000000000000000000000000000000000000000000000000000000000000000000000000000000000000000000000000000000000000000000000000000000000000000000000000000000000000000000000000000000000000000000000000000000000000	0
-0.0000000000000003944131307999569	0
0.0033333333333329393	0.01046771542974539
0.00833333333333294	0.036941480917089285
0.01583333333333294	0.07765978682780604
0.02708333333333294	0.14061222848561983
0.04395833333333294	0.23848204672426845
0.06927083333333295	0.3915695085509673
0.10723958333333294	0.6324097475767524
0.16419270833333294	1.013215983219429
0.24962239583333296	1.6174020270883633
0.349622395833333	2.445651001689566
0.44962239583333297	3.3801375690590993
0.5496223958333329	4.349703562508445
0.6496223958333329	5.347594207966086
0.7496223958333329	6.368816657735583
0.8496223958333329	7.4095181354795345
0.9496223958333329	8.466756902446862
1.0496223958333328	9.538104166955165
1.149622395833333	10.621558031966611
1.249622395833333	11.717096635142752
1.349622395833333	12.826419126601404
1.4496223958333332	13.95096355066658
1.5496223958333333	15.091875583461112
1.6496223958333334	16.250158822499202
1.7496223958333335	17.426675145800708
1.8496223958333335	18.622264239758227
1.9496223958333336	19.837668876414767
2.0496223958333335	21.073543496979468
2.1496223958333336	22.33046826509111
2.2496223958333337	23.608932012486612
2.3496223958333338	24.90929511642241
2.449622395833334	26.23186648025849
2.549622395833334	27.57683038885456
2.649622395833334	28.9443269536188
2.749622395833334	30.334515539465816
2.849622395833334	31.74739449146036
2.9496223958333343	33.18289233461784
3.0496223958333344	34.64094790130224
3.1496223958333345	36.12148120071491
3.2496223958333346	37.62426789650322
3.3496223958333347	39.14909529693014
3.4496223958333347	40.69588616922665
3.549622395833335	42.26432587922124
3.649622395833335	43.85404642943818
3.749622395833335	45.46487887560124
3.849622395833335	47.09653538125329
3.949622395833335	48.748621790531324
4.049622395833335	50.4207793203151
4.149622395833335	52.112572202556755
4.249622395833335	53.823655752887426
4.349622395833334	55.553653214817
4.449622395833334	57.302195132465755
4.5496223958333335	59.0688889381582
4.649622395833333	60.85336486475582
4.749622395833333	62.65527041548996
4.849622395833332	64.47409739014854
4.949622395833332	66.3095656404481
5.049622395833332	68.16133637975452
5.149622395833331	70.02892697612711
5.249622395833331	71.91193433928197
5.349622395833331	73.80993259460568
5.44962239583333	75.72249202911625
5.54962239583333	77.64918798587598
5.64962239583333	79.58972765666428
5.749622395833329	81.54373705682347
5.849622395833329	83.51082388037693
5.9496223958333285	85.49061797051132
6.049622395833328	87.48273178531363
6.149622395833328	89.48681324869654
6.2496223958333275	91.50246525960918
6.349622395833327	93.52935549189141
6.449622395833327	95.56708920563608
6.549622395833326	97.61532598937718
6.649622395833326	99.67369108810342
6.749622395833326	101.74182063483919
6.849622395833325	103.81930041484604
6.949622395833325	105.90586517069985
7.049622395833325	108.00119153433585
7.149622395833324	110.10489649079798
7.249622395833324	112.21671678315576
7.3496223958333236	114.3362433322513
7.449622395833323	116.46323105162648
7.549622395833323	118.59733110115943
7.6496223958333225	120.7382149324396
7.749622395833322	122.88556469052949
7.849622395833322	125.0390358191147
7.949622395833321	127.19841099821406
8.049622395833321	129.36335955221406
8.14962239583332	131.53357102746648
8.24962239583332	133.70876411067073
8.34962239583332	135.88866379609794
8.44962239583332	138.072932900214
8.54962239583332	140.26125662724772
8.649622395833319	142.45351874165368
8.749622395833319	144.649574767801
8.849622395833318	146.8491863590617
8.949622395833318	149.05209491659394
9.049622395833318	151.25800768082303
9.149622395833317	153.4666690537474
9.249622395833317	155.67785692898005
9.349622395833316	157.89131675287567
9.449622395833316	160.10682615410775
9.549622395833316	162.32418550146124
9.649622395833315	164.54316130897843
9.749622395833315	165.65721786859243
9.849622395833315	165.6614100253019
9.949622395833314	165.6614100253019
10.049622395833314	165.6614100253019
10.149622395833314	165.6614100253019
10.249622395833313	165.6614100253019
10.349622395833313	165.6614100253019
10.449622395833313	165.6614100253019
10.549622395833312	165.6614100253019
10.649622395833312	165.6614100253019
10.749622395833311	165.6614100253019
10.849622395833311	165.6614100253019
10.94962239583331	165.6614100253019
11.04962239583331	165.6614100253019
11.14962239583331	165.6614100253019
11.24962239583331	165.6614100253019
11.34962239583331	165.6614100253019
11.449622395833309	165.6614100253019
11.549622395833309	165.6614100253019
11.649622395833308	165.6614100253019
11.749622395833308	165.6614100253019
11.849622395833308	165.6614100253019
11.949622395833307	165.6614100253019
12.049622395833307	165.6614100253019
12.149622395833306	165.6614100253019
12.249622395833306	165.6614100253019
12.349622395833306	165.6614100253019
12.449622395833305	165.6614100253019
12.549622395833305	165.6614100253019
12.649622395833305	165.6614100253019
12.749622395833304	165.6614100253019
12.849622395833304	165.6614100253019
12.949622395833304	165.6614100253019
13.049622395833303	165.6614100253019
13.149622395833303	165.6614100253019
13.249622395833303	165.6614100253019
13.349622395833302	165.6614100253019
13.449622395833302	165.6614100253019
13.549622395833302	165.6614100253019
13.649622395833301	165.6614100253019
13.7496223958333	165.6614100253019
13.8496223958333	165.6614100253019
13.9496223958333	165.6614100253019
14.0496223958333	165.6614100253019
14.1496223958333	165.6614100253019
14.249622395833299	165.6614100253019
14.349622395833299	165.6614100253019
14.449622395833298	165.6614100253019
14.549622395833298	165.6614100253019
14.649622395833298	165.6614100253019
14.749622395833297	165.6614100253019
14.849622395833297	165.6614100253019
14.949622395833297	165.6614100253019
15.049622395833296	165.6614100253019
15.149622395833296	165.6614100253019
15.249622395833295	165.6614100253019
15.349622395833295	165.6614100253019
15.449622395833295	165.6614100253019
15.549622395833294	165.6614100253019
15.649622395833294	165.6614100253019
15.749622395833294	165.6614100253019
15.849622395833293	165.6614100253019
15.949622395833293	165.6614100253019
16.049622395833293	165.6614100253019
16.149622395833294	165.6614100253019
16.249622395833295	165.6614100253019
16.349622395833297	165.6614100253019
16.4496223958333	165.6614100253019
16.5496223958333	165.6614100253019
16.6496223958333	165.6614100253019
16.749622395833303	165.6614100253019
16.849622395833304	165.6614100253019
16.949622395833305	165.6614100253019
17.049622395833307	165.6614100253019
17.14962239583331	165.6614100253019
17.24962239583331	165.6614100253019
17.34962239583331	165.6614100253019
17.449622395833313	165.6614100253019
17.549622395833314	165.6614100253019
17.649622395833315	165.6614100253019
17.749622395833317	165.6614100253019
17.849622395833318	165.6614100253019
17.94962239583332	165.6614100253019
18.04962239583332	165.6614100253019
18.149622395833322	165.6614100253019
18.249622395833324	165.6614100253019
18.349622395833325	165.6614100253019
18.449622395833327	165.6614100253019
18.549622395833328	165.6614100253019
18.64962239583333	165.6614100253019
18.74962239583333	165.6614100253019
18.849622395833332	165.6614100253019
18.949622395833334	165.6614100253019
19.049622395833335	165.6614100253019
19.149622395833337	165.6614100253019
19.249622395833338	165.6614100253019
19.34962239583334	165.6614100253019
19.44962239583334	165.6614100253019
19.549622395833342	165.6614100253019
19.649622395833344	165.6614100253019
19.749622395833345	165.6614100253019
19.849622395833347	165.6614100253019
19.949622395833348	165.6614100253019
20.04962239583335	165.6614100253019
20.14962239583335	165.6614100253019
20.249622395833352	165.6614100253019
20.349622395833354	165.6614100253019
20.449622395833355	165.6614100253019
20.549622395833357	165.6614100253019
20.649622395833358	165.6614100253019
20.74962239583336	165.6614100253019
20.84962239583336	165.6614100253019
20.949622395833362	165.6614100253019
21.049622395833364	165.6614100253019
21.149622395833365	165.6614100253019
21.249622395833367	165.6614100253019
21.349622395833368	165.6614100253019
21.44962239583337	165.6614100253019
21.54962239583337	165.6614100253019
21.649622395833372	165.6614100253019
21.749622395833374	165.6614100253019
21.849622395833375	165.6614100253019
21.949622395833376	165.6614100253019
22.049622395833378	165.6614100253019
22.14962239583338	165.6614100253019
22.24962239583338	165.6614100253019
22.349622395833382	165.6614100253019
22.449622395833384	165.6614100253019
22.549622395833385	165.6614100253019
22.649622395833386	165.6614100253019
22.749622395833388	165.6614100253019
22.84962239583339	165.6614100253019
22.94962239583339	165.6614100253019
23.049622395833392	165.6614100253019
23.149622395833394	165.6614100253019
23.249622395833395	165.6614100253019
23.349622395833396	165.6614100253019
23.449622395833398	165.6614100253019
23.5496223958334	165.6614100253019
23.6496223958334	165.6614100253019
23.749622395833402	165.6614100253019
23.849622395833403	165.6614100253019
23.949622395833405	165.6614100253019
24.049622395833406	165.6614100253019
24.149622395833408	165.6614100253019
24.24962239583341	165.6614100253019
24.34962239583341	165.6614100253019
24.449622395833412	165.6614100253019
24.549622395833413	165.7254755961384
24.649622395833415	165.8826411669749
24.749622395833416	166.0688411669749
24.849622395833418	166.25504116697488
24.94962239583342	166.44124116697486
25.04962239583342	166.62744116697485
25.149622395833422	166.81364116697483
25.20859842519685	166.9606215510996
179769313486231570000000000000000000000000000000000000000000000000000000000000000000000000000000000000000000000000000000000000000000000000000000000000000000000000000000000000000000000000000000000000000000000000000000000000000000000000000000000000000000000000000000000000000000000000000000000000000000000000000	167.01450193522436
