-179769313486231570000000000000000000000000000000000000000000000000000000000000000000000000000000000000000000000000000000000000000000000000000000000000000000000000000000000000000000000000000000000000000000000000000000000000000000000000000000000000000000000000000000000000000000000000000000000000000000000000000	0
-0.00000000000000039853523685424737	0
0.003333333333332935	0.011317012080517075
0.008333333333332936	0.03992268838815869
0.015833333333332936	0.08385050837820868
0.027083333333332935	0.15163375427718487
0.04395833333333293	0.2568449090979172
0.06927083333333293	0.42113379691530206
0.10723958333333294	0.6791575006934624
0.16419270833333294	1.0862481966249498
0.24962239583333296	1.7304698484992487
0.349622395833333	2.6118306448933755
0.44962239583333297	3.604762056853189
0.5496223958333329	4.633898382026531
0.6496223958333329	5.692400319762516
0.7496223958333329	6.775088119690524
0.8496223958333329	7.878130134406718
0.9496223958333329	8.998664437834746
1.0496223958333328	10.134177193948956
1.149622395833333	11.282648741589977
1.249622395833333	12.444146410749022
1.349622395833333	13.620625485101472
1.4496223958333332	14.81367475648102
1.5496223958333333	16.02437949957949
1.6496223958333334	17.253770418369353
1.7496223958333335	18.502721180087722
1.8496223958333335	19.772056779697298
1.9496223958333336	21.062500971372113
2.0496223958333335	22.37466814701611
2.1496223958333336	23.70903077722156
2.2496223958333337	25.06595417751127
2.3496223958333338	26.44577708586468
2.449622395833334	27.848705389120678
2.549622395833334	29.274839154126752
2.649622395833334	30.724218686546433
2.749622395833334	32.196824039004696
2.849622395833334	33.69255881401388
2.9496223958333343	35.21133435516005
3.0496223958333344	36.75297889076869
3.1496223958333345	38.31722590276616
3.2496223958333346	39.903772289900864
3.3496223958333347	41.51229233582862
3.4496223958333347	43.142451587667566
3.549622395833335	44.79385902075425
3.649622395833335	46.466146177147046
3.749622395833335	48.158885457373316
3.849622395833335	49.871663545742855
3.949622395833335	51.6040310425057
4.049622395833335	53.35549429703093
4.149622395833335	55.125617671715034
4.249622395833335	56.91397503633961
4.349622395833334	58.72015691467853
4.449622395833334	60.543646145933074
4.5496223958333335	62.38396184606434
4.649622395833333	64.24061774246842
4.749622395833333	66.11316275654431
4.849622395833332	68.0011768715173
4.949622395833332	69.90419173285586
5.049622395833332	71.82166122288791
5.149622395833331	73.75309749013107
5.249622395833331	75.6982318124039
5.349622395833331	77.65658030331336
5.44962239583333	79.62773095467068
5.54962239583333	81.61125177979083
5.64962239583333	83.60670769895185
5.749622395833329	85.61373962164627
5.849622395833329	87.63187875126059
5.9496223958333285	89.66085822492943
6.049622395833328	91.70023991872358
6.149622395833328	93.74964834152193
6.2496223958333275	95.80874623609041
6.349622395833327	97.87712957187162
6.449622395833327	99.95450749531679
6.549622395833326	102.04048609058727
6.649622395833326	104.1347344976451
6.749622395833326	106.23689046416615
6.849622395833325	108.34664894130304
6.949622395833325	110.46372605084807
7.049622395833325	112.58777542926498
7.149622395833324	114.71853721763722
7.249622395833324	116.85567499543664
7.3496223958333236	118.99893395011841
7.449622395833323	121.14801329230984
7.549622395833323	123.30263602260182
7.6496223958333225	125.4625492847122
7.749622395833322	127.62745694950823
7.849622395833322	129.79715777622303
7.949622395833321	131.9713813347614
8.049622395833321	134.1498631914225
8.14962239583332	136.3323684399331
8.24962239583332	138.51866461195803
8.34962239583332	140.7085281672324
8.44962239583332	142.9017556941635
8.54962239583332	145.098143262488
8.649622395833319	147.29746366645833
8.749622395833319	149.49958472115352
8.849622395833318	151.70438938046715
8.949622395833318	153.91165721614556
9.049622395833318	156.1211929430812
9.149622395833317	158.33280927549959
9.249622395833317	160.54635405229658
9.349622395833316	162.7616110743354
9.449622395833316	164.97837064308084
9.549622395833316	167.19649205880458
9.649622395833315	169.41581116681127
9.749622395833315	170.52994352747754
9.849622395833315	170.53413568533216
9.949622395833314	170.53413568533216
10.049622395833314	170.53413568533216
10.149622395833314	170.53413568533216
10.249622395833313	170.53413568533216
10.349622395833313	170.53413568533216
10.449622395833313	170.53413568533216
10.549622395833312	170.53413568533216
10.649622395833312	170.53413568533216
10.749622395833311	170.53413568533216
10.849622395833311	170.53413568533216
10.94962239583331	170.53413568533216
11.04962239583331	170.53413568533216
11.14962239583331	170.53413568533216
11.24962239583331	170.53413568533216
11.34962239583331	170.53413568533216
11.449622395833309	170.53413568533216
11.549622395833309	170.53413568533216
11.649622395833308	170.53413568533216
11.749622395833308	170.53413568533216
11.849622395833308	170.53413568533216
11.949622395833307	170.53413568533216
12.049622395833307	170.53413568533216
12.149622395833306	170.53413568533216
12.249622395833306	170.53413568533216
12.349622395833306	170.53413568533216
12.449622395833305	170.53413568533216
12.549622395833305	170.53413568533216
12.649622395833305	170.53413568533216
12.749622395833304	170.53413568533216
12.849622395833304	170.53413568533216
12.949622395833304	170.53413568533216
13.049622395833303	170.53413568533216
13.149622395833303	170.53413568533216
13.249622395833303	170.53413568533216
13.349622395833302	170.53413568533216
13.449622395833302	170.53413568533216
13.549622395833302	170.53413568533216
13.649622395833301	170.53413568533216
13.7496223958333	170.53413568533216
13.8496223958333	170.53413568533216
13.9496223958333	170.53413568533216
14.0496223958333	170.53413568533216
14.1496223958333	170.53413568533216
14.249622395833299	170.53413568533216
14.349622395833299	170.53413568533216
14.449622395833298	170.53413568533216
14.549622395833298	170.53413568533216
14.649622395833298	170.53413568533216
14.749622395833297	170.53413568533216
14.849622395833297	170.53413568533216
14.949622395833297	170.53413568533216
15.049622395833296	170.53413568533216
15.149622395833296	170.53413568533216
15.249622395833295	170.53413568533216
15.349622395833295	170.53413568533216
15.449622395833295	170.53413568533216
15.549622395833294	170.53413568533216
15.649622395833294	170.53413568533216
15.749622395833294	170.53413568533216
15.849622395833293	170.53413568533216
15.949622395833293	170.53413568533216
16.049622395833293	170.53413568533216
16.149622395833294	170.53413568533216
16.249622395833295	170.53413568533216
16.349622395833297	170.53413568533216
16.4496223958333	170.53413568533216
16.5496223958333	170.53413568533216
16.6496223958333	170.53413568533216
16.749622395833303	170.53413568533216
16.849622395833304	170.53413568533216
16.949622395833305	170.53413568533216
17.049622395833307	170.53413568533216
17.14962239583331	170.53413568533216
17.24962239583331	170.53413568533216
17.34962239583331	170.53413568533216
17.449622395833313	170.53413568533216
17.549622395833314	170.53413568533216
17.649622395833315	170.53413568533216
17.749622395833317	170.53413568533216
17.849622395833318	170.53413568533216
17.94962239583332	170.53413568533216
18.04962239583332	170.53413568533216
18.149622395833322	170.53413568533216
18.249622395833324	170.53413568533216
18.349622395833325	170.53413568533216
18.449622395833327	170.53413568533216
18.549622395833328	170.53413568533216
18.64962239583333	170.53413568533216
18.74962239583333	170.53413568533216
18.849622395833332	170.53413568533216
18.949622395833334	170.53413568533216
19.049622395833335	170.53413568533216
19.149622395833337	170.53413568533216
19.249622395833338	170.53413568533216
19.34962239583334	170.53413568533216
19.44962239583334	170.53413568533216
19.549622395833342	170.53413568533216
19.649622395833344	170.53413568533216
19.749622395833345	170.53413568533216
19.849622395833347	170.53413568533216
19.949622395833348	170.53413568533216
20.04962239583335	170.53413568533216
20.14962239583335	170.53413568533216
20.249622395833352	170.53413568533216
20.349622395833354	170.53413568533216
20.449622395833355	170.53413568533216
20.549622395833357	170.53413568533216
20.649622395833358	170.53413568533216
20.74962239583336	170.53413568533216
20.84962239583336	170.53413568533216
20.949622395833362	170.53413568533216
21.049622395833364	170.53413568533216
21.149622395833365	170.53413568533216
21.249622395833367	170.53413568533216
21.349622395833368	170.53413568533216
21.44962239583337	170.53413568533216
21.54962239583337	170.53413568533216
21.649622395833372	170.53413568533216
21.749622395833374	170.53413568533216
21.849622395833375	170.53413568533216
21.949622395833376	170.53413568533216
22.049622395833378	170.53413568533216
22.14962239583338	170.53413568533216
22.24962239583338	170.53413568533216
22.349622395833382	170.53413568533216
22.449622395833384	170.53413568533216
22.549622395833385	170.53413568533216
22.649622395833386	170.53413568533216
22.749622395833388	170.53413568533216
22.84962239583339	170.53413568533216
22.94962239583339	170.53413568533216
23.049622395833392	170.53413568533216
23.149622395833394	170.53413568533216
23.249622395833395	170.53413568533216
23.349622395833396	170.53413568533216
23.449622395833398	170.53413568533216
23.5496223958334	170.53413568533216
23.6496223958334	170.53413568533216
23.749622395833402	170.53413568533216
23.849622395833403	170.53413568533216
23.949622395833405	170.53413568533216
24.049622395833406	170.53413568533216
24.149622395833408	170.53413568533216
24.24962239583341	170.53413568533216
24.34962239583341	170.53413568533216
24.449622395833412	170.53531806643977
24.549622395833413	170.623806319722
24.649622395833415	170.80421219189662
24.749622395833416	170.9904121918966
24.849622395833418	171.1766121918966
24.94962239583342	171.36281219189658
25.04962239583342	171.54901219189657
25.149622395833422	171.73521219189655
25.2108031496063	171.8842451744465
179769313486231570000000000000000000000000000000000000000000000000000000000000000000000000000000000000000000000000000000000000000000000000000000000000000000000000000000000000000000000000000000000000000000000000000000000000000000000000000000000000000000000000000000000000000000000000000000000000000000000000000	171.94017815699647
