-179769313486231570000000000000000000000000000000000000000000000000000000000000000000000000000000000000000000000000000000000000000000000000000000000000000000000000000000000000000000000000000000000000000000000000000000000000000000000000000000000000000000000000000000000000000000000000000000000000000000000000000	0
-0.00000000000000040677944896282824	0
0.0033333333333329268	0.012992966780370013
0.008333333333332927	0.04578849387014387
0.01583333333333293	0.09605610769192341
0.02708333333333293	0.17348528736601507
0.04395833333333293	0.2934419657722656
0.06927083333333293	0.48036906264570944
0.10723958333333294	0.7729257201197649
0.16419270833333294	1.2325080187072912
0.24962239583333296	1.956984075802455
0.349622395833333	2.944961851221546
0.44962239583333297	4.05505412531502
0.5496223958333329	5.203438531657583
0.6496223958333329	6.383122412652914
0.7496223958333329	7.589117628145041
0.8496223958333329	8.817485007462228
0.9496223958333329	10.064908158335376
1.0496223958333328	11.3288126671728
1.149622395833333	12.60711729260938
1.249622395833333	13.900283670725065
1.349622395833333	15.210798678322217
1.4496223958333332	16.540150748769342
1.5496223958333333	17.889108601248417
1.6496223958333334	19.258411995982286
1.7496223958333335	20.64871474096751
1.8496223958333335	22.06063206469333
1.9496223958333336	23.494605902427903
2.0496223958333335	24.950897375309168
2.1496223958333336	26.429811193258217
2.2496223958333337	27.9315428946664
2.3496223958333338	29.456169160577332
2.449622395833334	31.003719035378978
2.549622395833334	32.57410295231025
2.649622395833334	34.16718179802854
2.749622395833334	35.782824610930355
2.849622395833334	37.42082224805803
2.9496223958333343	39.08085253079147
3.0496223958333344	40.76256396986363
3.1496223958333345	42.46557749117054
3.2496223958333346	44.189472759726215
3.3496223958333347	45.933793633766264
3.4496223958333347	47.69812392274839
3.549622395833335	49.481907201751376
3.649622395833335	51.28473834260289
3.749622395833335	53.106135401343344
3.849622395833335	54.94555779644458
3.949622395833335	56.802557507059376
4.049622395833335	58.676487136477576
4.149622395833335	60.56696117138307
4.249622395833335	62.47340870587449
4.349622395833334	64.39531951373091
4.449622395833334	66.33218243698916
4.5496223958333335	68.2834074120797
4.649622395833333	70.24862445994881
4.749622395833333	72.22720662253896
4.849622395833332	74.2187582123089
4.949622395833332	76.22281387049641
5.049622395833332	78.23884325065708
5.149622395833331	80.26641903705858
5.249622395833331	82.30506913319158
5.349622395833331	84.35437376081117
5.44962239583333	86.41382284317034
5.54962239583333	88.4830535035449
5.64962239583333	90.56162683818617
5.749622395833329	92.64916016925255
5.849622395833329	94.74524308117176
5.9496223958333285	96.84946662892438
6.049622395833328	98.96154616435655
6.149622395833328	101.08106782535334
6.2496223958333275	103.20768713253138
6.349622395833327	105.34102417923758
6.449622395833327	107.48069678252679
6.549622395833326	109.62648622986997
6.649622395833326	111.77800032942156
6.749622395833326	113.93491225420344
6.849622395833325	116.0971150517651
6.949622395833325	118.2642847183443
7.049622395833325	120.43605599087364
7.149622395833324	122.61217331152397
7.249622395833324	124.79235175037391
7.3496223958333236	126.97631727304835
7.449622395833323	129.16392819975394
7.549622395833323	131.3549460835547
7.6496223958333225	133.5490230324679
7.749622395833322	135.7460353032221
7.849622395833322	137.94585728748862
7.949622395833321	140.1481646136944
8.049622395833321	142.3527832663538
8.14962239583332	144.55964472517422
8.24962239583332	146.76844971367586
8.34962239583332	148.9789877394506
8.44962239583332	151.191219747425
8.54962239583332	153.4049024073041
8.649622395833319	155.61978979096935
8.749622395833319	157.83583947598703
8.849622395833318	160.05294813213993
8.949622395833318	162.27084164737286
9.049622395833318	164.48920688831825
9.149622395833317	166.70781960039545
9.249622395833317	168.92675572186877
9.349622395833316	171.146233819009
9.449622395833316	173.36616627039172
9.549622395833316	175.58628335124772
9.649622395833315	177.8064774680312
9.749622395833315	178.9207887841676
9.849622395833315	178.92498094397652
9.949622395833314	178.92498094397652
10.049622395833314	178.92498094397652
10.149622395833314	178.92498094397652
10.249622395833313	178.92498094397652
10.349622395833313	178.92498094397652
10.449622395833313	178.92498094397652
10.549622395833312	178.92498094397652
10.649622395833312	178.92498094397652
10.749622395833311	178.92498094397652
10.849622395833311	178.92498094397652
10.94962239583331	178.92498094397652
11.04962239583331	178.92498094397652
11.14962239583331	178.92498094397652
11.24962239583331	178.92498094397652
11.34962239583331	178.92498094397652
11.449622395833309	178.92498094397652
11.549622395833309	178.92498094397652
11.649622395833308	178.92498094397652
11.749622395833308	178.92498094397652
11.849622395833308	178.92498094397652
11.949622395833307	178.92498094397652
12.049622395833307	179.49402406897636
12.149622395833306	180.6342671939762
12.249622395833306	181.7766671939762
12.349622395833306	182.91906719397622
12.449622395833305	184.06146719397623
12.549622395833305	185.20386719397624
12.649622395833305	185.8343440689764
12.749622395833304	185.89362094397657
12.849622395833304	185.89362094397657
12.949622395833304	185.89362094397657
13.049622395833303	185.89362094397657
13.149622395833303	185.89362094397657
13.249622395833303	185.89362094397657
13.349622395833302	185.89362094397657
13.449622395833302	185.89362094397657
13.549622395833302	185.89362094397657
13.649622395833301	185.89362094397657
13.7496223958333	185.89362094397657
13.8496223958333	185.89362094397657
13.9496223958333	185.89362094397657
14.0496223958333	185.89362094397657
14.1496223958333	185.89362094397657
14.249622395833299	185.89362094397657
14.349622395833299	185.89362094397657
14.449622395833298	185.89362094397657
14.549622395833298	185.89362094397657
14.649622395833298	185.89362094397657
14.749622395833297	185.89362094397657
14.849622395833297	185.89362094397657
14.949622395833297	185.89362094397657
15.049622395833296	185.89362094397657
15.149622395833296	185.89362094397657
15.249622395833295	185.89362094397657
15.349622395833295	185.89362094397657
15.449622395833295	185.89362094397657
15.549622395833294	185.89362094397657
15.649622395833294	185.89362094397657
15.749622395833294	185.89362094397657
15.849622395833293	185.89362094397657
15.949622395833293	185.89362094397657
16.049622395833293	185.89362094397657
16.149622395833294	185.89362094397657
16.249622395833295	185.89362094397657
16.349622395833297	185.89362094397657
16.4496223958333	185.89362094397657
16.5496223958333	185.89362094397657
16.6496223958333	185.89362094397657
16.749622395833303	185.89362094397657
16.849622395833304	185.89362094397657
16.949622395833305	185.89362094397657
17.049622395833307	185.89362094397657
17.14962239583331	185.89362094397657
17.24962239583331	185.89362094397657
17.34962239583331	185.89362094397657
17.449622395833313	185.89362094397657
17.549622395833314	185.89362094397657
17.649622395833315	185.89362094397657
17.749622395833317	185.89362094397657
17.849622395833318	185.89362094397657
17.94962239583332	185.89362094397657
18.04962239583332	185.89362094397657
18.149622395833322	185.89362094397657
18.249622395833324	185.89362094397657
18.349622395833325	185.89362094397657
18.449622395833327	185.89362094397657
18.549622395833328	185.89362094397657
18.64962239583333	185.89362094397657
18.74962239583333	185.89362094397657
18.849622395833332	185.89362094397657
18.949622395833334	185.89362094397657
19.049622395833335	185.89362094397657
19.149622395833337	185.89362094397657
19.249622395833338	185.89362094397657
19.34962239583334	185.89362094397657
19.44962239583334	185.89362094397657
19.549622395833342	185.89362094397657
19.649622395833344	185.89362094397657
19.749622395833345	185.89362094397657
19.849622395833347	185.89362094397657
19.949622395833348	185.89362094397657
20.04962239583335	185.89362094397657
20.14962239583335	185.89362094397657
20.249622395833352	185.89362094397657
20.349622395833354	185.89362094397657
20.449622395833355	185.89362094397657
20.549622395833357	185.89362094397657
20.649622395833358	185.89362094397657
20.74962239583336	185.89362094397657
20.84962239583336	185.89362094397657
20.949622395833362	185.89362094397657
21.049622395833364	185.89362094397657
21.149622395833365	185.89362094397657
21.249622395833367	185.89362094397657
21.349622395833368	185.89362094397657
21.44962239583337	185.89362094397657
21.54962239583337	185.89362094397657
21.649622395833372	185.89362094397657
21.749622395833374	185.89362094397657
21.849622395833375	185.89362094397657
21.949622395833376	185.89362094397657
22.049622395833378	185.89362094397657
22.14962239583338	185.89362094397657
22.24962239583338	185.89362094397657
22.349622395833382	185.89362094397657
22.449622395833384	185.89362094397657
22.549622395833385	185.89362094397657
22.649622395833386	185.89362094397657
22.749622395833388	185.89362094397657
22.84962239583339	185.89362094397657
22.94962239583339	185.89362094397657
23.049622395833392	185.89362094397657
23.149622395833394	185.89362094397657
23.249622395833395	185.89362094397657
23.349622395833396	185.89362094397657
23.449622395833398	185.89362094397657
23.5496223958334	185.89362094397657
23.6496223958334	185.89362094397657
23.749622395833402	185.89362094397657
23.849622395833403	185.89362094397657
23.949622395833405	185.89362094397657
24.049622395833406	185.89362094397657
24.149622395833408	185.89362094397657
24.24962239583341	185.89362094397657
24.34962239583341	185.89362094397657
24.449622395833412	185.93785456215033
24.549622395833413	186.0751881803241
24.649622395833415	186.26138818032408
24.749622395833416	186.44758818032406
24.849622395833418	186.63378818032405
24.94962239583342	186.81998818032403
25.04962239583342	187.00618818032402
25.149622395833422	187.192388180324
25.215212598425197	187.34552635972435
179769313486231570000000000000000000000000000000000000000000000000000000000000000000000000000000000000000000000000000000000000000000000000000000000000000000000000000000000000000000000000000000000000000000000000000000000000000000000000000000000000000000000000000000000000000000000000000000000000000000000000000	187.4055645391247
