-100000	0
-0.007181103869966066	0
-0.003847770536632732	0.0008278732032374921
0.001152229463367268	0.016607417060180454
0.008652229463367267	0.04545786354105651
0.01990222946336727	0.09075586414219784
0.03677722946336727	0.1620163331790538
0.06208972946336727	0.27452277960247384
0.10005847946336727	0.4528905653121657
0.15701160446336726	0.7368879849844477
0.24244129196336728	1.1908694956768353
0.34244129196336726	1.7549282930991927
0.44244129196336723	2.346793738101976
0.5424412919633672	2.9615873981972074
0.6424412919633672	3.5960217068177704
0.7424412919633672	4.24777297743253
0.8424412919633671	4.915172748480834
0.9424412919633671	5.59704502563978
1.0424412919633672	6.292627743451875
1.1424412919633673	7.000783880664129
1.2424412919633674	7.718697439008356
1.3424412919633675	8.446626549470079
1.4424412919633676	9.185388668384475
1.5424412919633677	9.936011254063159
1.6424412919633677	10.699630736250372
1.7424412919633678	11.477376385698609
1.842441291963368	12.270122297570154
1.942441291963368	13.077791469724383
2.042441291963368	13.899239574344174
2.142441291963368	14.733238448687167
2.242441291963368	15.57914554211353
2.342441291963368	16.43706506624389
2.4424412919633682	17.307109711060303
2.5424412919633683	18.189337445218115
2.6424412919633684	19.08374628500962
2.7424412919633685	19.990273331352284
2.8424412919633686	20.908814991243826
2.9424412919633687	21.839209365602585
3.0424412919633688	22.78125528987653
3.142441291963369	23.73472498980704
3.242441291963369	24.69935956314192
3.342441291963369	25.67487133796836
3.442441291963369	26.660951159316262
3.542441291963369	27.65728056225869
3.6424412919633693	28.663533213762207
3.7424412919633694	29.67936581745521
3.8424412919633695	30.7044473085315
3.9424412919633696	31.738427795826105
4.042441291963369	32.78096528498417
4.142441291963369	33.831723419767734
4.2424412919633685	34.89036118682445
4.342441291963368	35.95654908183379
4.442441291963368	37.02995892644045
4.542441291963367	38.11026876553175
4.642441291963367	39.19716792801064
4.742441291963367	40.290348893136716
4.842441291963366	41.38950950844786
4.942441291963366	42.494364451755985
5.042441291963366	43.604637350755056
5.142441291963365	44.7200228414662
5.242441291963365	45.84027053303462
5.342441291963365	46.965117921788554
5.442441291963364	48.09431322100345
5.542441291963364	49.227606392373595
5.6424412919633635	50.36476214271504
5.742441291963363	51.50554492728116
5.842441291963363	52.64973427346828
5.9424412919633625	53.797107290059394
6.042441291963362	54.94745924851895
6.142441291963362	56.10058070477287
6.242441291963361	57.25627919822459
6.342441291963361	58.41435995619731
6.442441291963361	59.57464330524689
6.54244129196336	60.7369483945129
6.64244129196336	61.90110761567424
6.74244129196336	63.06695147591135
6.842441291963359	64.23432949227578
6.942441291963359	65.40308428579873
7.0424412919633586	66.5730764785756
7.142441291963358	67.74416357740363
7.242441291963358	68.91621908614748
7.3424412919633575	70.08911405900975
7.442441291963357	71.26273567203134
7.542441291963357	72.43697034797768
7.642441291963356	73.61171724290972
7.742441291963356	74.78687526220965
7.842441291963356	75.96236130265689
7.942441291963355	77.13808907806522
8.042441291963355	78.31399511021313
8.142441291963355	79.49000835804019
8.242441291963354	80.66607211995692
8.342441291963354	81.84213556913068
8.442441291963354	83.0181604953904
8.542441291963353	84.19411620862087
8.642441291963353	85.36997549287884
8.742441291963353	86.54573342500142
8.842441291963352	87.72137285559587
8.942441291963352	88.89691153752406
9.042441291963351	90.07235039973604
9.142441291963351	91.2477266473624
9.24244129196335	92.42305879225108
9.34244129196335	93.59839750257166
9.44244129196335	94.77378108311942
9.54244129196335	95.94928722123498
9.64244129196335	97.12498074620254
9.742441291963349	98.1167300162573
9.842441291963349	99.0941349749556
9.942441291963348	100.07154033652304
10.042441291963348	101.04894610091017
10.142441291963348	102.02635226806576
10.242441291963347	103.0037588379395
10.342441291963347	103.98116581048247
10.442441291963346	104.95857318564435
10.542441291963346	105.9359809633743
10.642441291963346	106.91339193276076
10.742441291963345	107.89080024215951
10.842441291963345	108.86820895271343
10.942441291963345	109.84561806445639
11.042441291963344	110.82302757742205
11.142441291963344	111.80043749164267
11.242441291963344	112.77784780715365
11.342441291963343	113.75525852398631
11.442441291963343	114.73266964217564
11.542441291963343	115.71008116175378
11.642441291963342	116.68749308275459
11.742441291963342	117.66490540521112
11.842441291963341	118.64231812915787
11.942441291963341	119.61973125462735
12.04244129196334	120.62393389884053
12.14244129196334	121.63033246978875
12.24244129196334	122.63673144317765
12.34244129196334	123.64312940644082
12.44244129196334	124.64952781257753
12.542441291963339	125.65592901365653
12.56	125.83259062856197
1000012.56	125.83259062856197
