-179769313486231570000000000000000000000000000000000000000000000000000000000000000000000000000000000000000000000000000000000000000000000000000000000000000000000000000000000000000000000000000000000000000000000000000000000000000000000000000000000000000000000000000000000000000000000000000000000000000000000000000	0
-0.0000000000000004154947589061852	0
0.003333333333332918	0.015582964047135646
0.008333333333332919	0.05487146839842537
0.01583333333333292	0.11506533696866897
0.027083333333332918	0.2077512164086312
0.04395833333333292	0.3510371637106011
0.06927083333333292	0.5736489844566762
0.10723958333333292	0.9209093151610128
0.16419270833333294	1.4646679030752443
0.24962239583333296	2.3189804246638555
0.349622395833333	3.480761258062938
0.44962239583333297	4.783373270920329
0.5496223958333329	6.12878668092893
0.6496223958333329	7.509291560251761
0.7496223958333329	8.919275294464295
0.8496223958333329	10.354422217032461
0.9496223958333329	11.811207023547716
1.0496223958333328	13.286781353491818
1.149622395833333	14.778823780729999
1.249622395833333	16.286868158145538
1.349622395833333	17.81205423283718
1.4496223958333332	19.355225787167615
1.5496223958333333	20.917060935975798
1.6496223958333334	22.498119118865663
1.7496223958333335	24.099019218825557
1.8496223958333335	25.720334533725772
1.9496223958333336	27.362295449316186
2.0496223958333335	29.025180925014794
2.1496223958333336	30.709207470657713
2.2496223958333337	32.41441890969216
2.3496223958333338	34.140787805658086
2.449622395833334	35.88842476167786
2.549622395833334	37.65718436351877
2.649622395833334	39.44689127038329
2.749622395833334	41.25768421760405
2.849622395833334	43.089276905976696
2.9496223958333343	44.94110907622025
3.0496223958333344	46.812912387379576
3.1496223958333345	48.70431724390812
3.2496223958333346	50.614989221935524
3.3496223958333347	52.54464999535464
3.4496223958333347	54.49278439473593
3.549622395833335	56.45888681035568
3.649622395833335	58.44249408518792
3.749622395833335	60.44319046310768
3.849622395833335	62.46046163971549
3.949622395833335	64.4937991278817
4.049622395833335	66.54272792136783
4.149622395833335	68.60673786576595
4.249622395833335	70.6853294865331
4.349622395833334	72.77797346322208
4.449622395833334	74.88419951345767
4.5496223958333335	77.00357346881218
4.649622395833333	79.1356058634453
4.749622395833333	81.27981573998463
4.849622395833332	83.43553571634108
4.949622395833332	85.6023490307757
5.049622395833332	87.78017105258813
5.149622395833331	89.96853165801218
5.249622395833331	92.16681570082906
5.349622395833331	94.3745956968847
5.44962239583333	96.59145860180614
5.54962239583333	98.81701452218267
5.64962239583333	101.05088620457194
5.749622395833329	103.29268171518508
5.849622395833329	105.54202602405262
5.9496223958333285	107.79856620272122
6.049622395833328	110.06191504267838
6.149622395833328	112.3317048167112
6.2496223958333275	114.60765618894443
6.349622395833327	116.88937324297837
6.449622395833327	119.17656156329292
6.549622395833326	121.46901421558702
6.649622395833326	123.76638223281266
6.749622395833326	126.06844548692978
6.849622395833325	128.37492588281012
6.949622395833325	130.68547598465724
7.049622395833325	132.999864843427
7.149622395833324	135.31782465306486
7.249622395833324	137.63914340180744
7.3496223958333236	139.9636133691613
7.449622395833323	142.29097220429256
7.549622395833323	144.62098558826023
7.6496223958333225	146.95338622072885
7.749622395833322	149.2879708583173
7.849622395833322	151.62463726849003
7.949622395833321	153.9630916281955
8.049622395833321	156.30300853529283
8.14962239583332	158.64442353124593
8.24962239583332	160.9873574040682
8.34962239583332	163.33148718213448
8.44962239583332	165.67656137889685
8.54962239583332	168.02239392206013
8.649622395833319	170.36875038212932
8.749622395833319	172.71559813166283
8.849622395833318	175.06285620027194
8.949622395833318	177.41024897271296
9.049622395833318	179.75762328028014
9.149622395833317	182.1049783831194
9.249622395833317	184.4523145531808
9.349622395833316	186.79963301511188
9.449622395833316	189.14693583221649
9.549622395833316	191.49422748368892
9.649622395833315	193.84151254906695
9.749622395833315	195.99269708624408
9.849622395833315	197.94704036230362
9.949622395833314	199.90064036230362
10.049622395833314	201.8542403623036
10.149622395833314	203.8078403623036
10.249622395833313	205.7614403623036
10.349622395833313	207.7150403623036
10.449622395833313	209.6686403623036
10.549622395833312	211.6222403623036
10.649622395833312	213.57584036230358
10.749622395833311	215.52944036230357
10.849622395833311	217.48304036230357
10.94962239583331	219.43664036230356
11.04962239583331	221.39024036230356
11.14962239583331	223.34384036230355
11.24962239583331	225.29744036230355
11.34962239583331	227.25104036230354
11.449622395833309	229.20464036230354
11.549622395833309	231.15824036230353
11.649622395833308	233.11184036230352
11.749622395833308	235.06544036230352
11.849622395833308	237.0190403623035
11.949622395833307	238.9726403623035
12.049622395833307	240.95572859147015
12.149622395833306	242.96841682063678
12.249622395833306	244.98121682063675
12.349622395833306	246.99401682063672
12.449622395833305	249.0068168206367
12.549622395833305	251.01961682063666
12.649622395833305	252.13045702897026
12.749622395833304	252.23489723730387
12.849622395833304	252.23489723730387
12.949622395833304	252.23489723730387
13.049622395833303	252.23489723730387
13.149622395833303	252.23489723730387
13.249622395833303	252.23489723730387
13.349622395833302	252.23489723730387
13.449622395833302	252.23489723730387
13.549622395833302	252.23489723730387
13.649622395833301	252.23489723730387
13.7496223958333	252.23489723730387
13.8496223958333	252.23489723730387
13.9496223958333	252.23489723730387
14.0496223958333	252.23489723730387
14.1496223958333	252.23489723730387
14.249622395833299	252.23489723730387
14.349622395833299	252.23489723730387
14.449622395833298	252.23489723730387
14.549622395833298	252.23489723730387
14.649622395833298	252.23489723730387
14.749622395833297	252.23489723730387
14.849622395833297	252.23489723730387
14.949622395833297	252.23489723730387
15.049622395833296	252.23489723730387
15.149622395833296	252.23489723730387
15.249622395833295	252.23489723730387
15.349622395833295	252.23489723730387
15.449622395833295	252.23489723730387
15.549622395833294	252.23489723730387
15.649622395833294	252.23489723730387
15.749622395833294	252.23489723730387
15.849622395833293	252.23489723730387
15.949622395833293	252.23489723730387
16.049622395833293	252.23489723730387
16.149622395833294	252.23489723730387
16.249622395833295	252.23489723730387
16.349622395833297	252.23489723730387
16.4496223958333	252.23489723730387
16.5496223958333	252.23489723730387
16.6496223958333	252.23489723730387
16.749622395833303	252.23489723730387
16.849622395833304	252.23489723730387
16.949622395833305	252.23489723730387
17.049622395833307	252.23489723730387
17.14962239583331	252.23489723730387
17.24962239583331	252.23489723730387
17.34962239583331	252.23489723730387
17.449622395833313	252.23489723730387
17.549622395833314	252.23489723730387
17.649622395833315	252.23489723730387
17.749622395833317	252.23489723730387
17.849622395833318	252.23489723730387
17.94962239583332	252.23489723730387
18.04962239583332	252.23489723730387
18.149622395833322	252.23489723730387
18.249622395833324	252.23489723730387
18.349622395833325	252.23489723730387
18.449622395833327	252.23489723730387
18.549622395833328	252.23489723730387
18.64962239583333	252.23489723730387
18.74962239583333	252.23489723730387
18.849622395833332	252.23489723730387
18.949622395833334	252.23489723730387
19.049622395833335	252.23489723730387
19.149622395833337	252.23489723730387
19.249622395833338	252.23489723730387
19.34962239583334	252.23489723730387
19.44962239583334	252.23489723730387
19.549622395833342	252.23489723730387
19.649622395833344	252.23489723730387
19.749622395833345	252.23489723730387
19.849622395833347	252.23489723730387
19.949622395833348	252.23489723730387
20.04962239583335	252.23489723730387
20.14962239583335	252.23489723730387
20.249622395833352	252.23489723730387
20.349622395833354	252.23489723730387
20.449622395833355	252.23489723730387
20.549622395833357	252.23489723730387
20.649622395833358	252.23489723730387
20.74962239583336	252.23489723730387
20.84962239583336	252.23489723730387
20.949622395833362	252.23489723730387
21.049622395833364	252.23489723730387
21.149622395833365	252.23489723730387
21.249622395833367	252.23489723730387
21.349622395833368	252.23489723730387
21.44962239583337	252.23489723730387
21.54962239583337	252.23489723730387
21.649622395833372	252.23489723730387
21.749622395833374	252.23489723730387
21.849622395833375	252.23489723730387
21.949622395833376	252.23489723730387
22.049622395833378	252.23489723730387
22.14962239583338	252.23489723730387
22.24962239583338	252.23489723730387
22.349622395833382	252.23489723730387
22.449622395833384	252.23489723730387
22.549622395833385	252.23489723730387
22.649622395833386	252.23489723730387
22.749622395833388	252.23489723730387
22.84962239583339	252.23489723730387
22.94962239583339	252.23489723730387
23.049622395833392	252.23489723730387
23.149622395833394	252.23489723730387
23.249622395833395	252.23489723730387
23.349622395833396	252.23489723730387
23.449622395833398	252.23489723730387
23.5496223958334	252.23489723730387
23.6496223958334	252.23489723730387
23.749622395833402	252.23489723730387
23.849622395833403	252.23489723730387
23.949622395833405	252.23489723730387
24.049622395833406	252.23489723730387
24.149622395833408	252.23489723730387
24.24962239583341	252.23489723730387
24.34962239583341	252.23926828532092
24.449622395833412	252.3395489982274
24.549622395833413	252.53387866311684
24.649622395833415	252.73071866311685
24.749622395833416	252.92755866311686
24.849622395833418	253.12439866311686
24.94962239583342	253.32123866311687
25.04962239583342	253.51807866311688
25.149622395833422	253.7149186631169
25.21987401574803	253.88133336570456
179769313486231570000000000000000000000000000000000000000000000000000000000000000000000000000000000000000000000000000000000000000000000000000000000000000000000000000000000000000000000000000000000000000000000000000000000000000000000000000000000000000000000000000000000000000000000000000000000000000000000000000	253.94932806829223
