-179769313486231570000000000000000000000000000000000000000000000000000000000000000000000000000000000000000000000000000000000000000000000000000000000000000000000000000000000000000000000000000000000000000000000000000000000000000000000000000000000000000000000000000000000000000000000000000000000000000000000000000	0
5.868660991941314	0
5.871994325274647	0.0000815380088374345
5.87532765860798	0.00023549672758425388
5.88032765860798	0.0005972185192092598
5.88782765860798	0.0014340645620324547
5.899077658607981	0.003351426175885025
5.9159526586079805	0.007717821084605945
5.9412651586079805	0.01762297344522417
5.979233908607981	0.03962483771669373
6.03618703360798	0.08803987817105566
6.12161672110798	0.19287506194724197
6.22161672110798	0.3602954855446395
6.321616721107979	0.5713995899017468
6.421616721107979	0.8223828392225643
6.5216167211079785	1.1100422012647455
6.621616721107978	1.4319053728872073
6.721616721107978	1.785947221025288
6.8216167211079775	2.170133472310652
6.921616721107977	2.5827203839217905
7.021616721107977	3.0221863737527093
7.121616721107976	3.4870834083875115
7.221616721107976	3.976177019622559
7.321616721107976	4.488308171543222
7.421616721107975	5.0224461599841534
7.521616721107975	5.577537332307323
7.621616721107975	6.152587918902763
7.721616721107974	6.746717505400097
7.821616721107974	7.359106918463817
7.9216167211079735	7.988872477143527
8.021616721107973	8.635452756799648
8.121616721107973	9.297926114526827
8.221616721107972	9.975824417788926
8.321616721107972	10.668308049766308
8.421616721107972	11.37501039262259
8.521616721107971	12.095226678608133
8.621616721107971	12.828319808544755
8.72161672110797	13.573762354728169
8.82161672110797	14.33118440008016
8.92161672110797	15.100140413767422
9.02161672110797	15.880105617578627
9.12161672110797	16.670853247507587
9.221616721107969	17.471821183562085
9.321616721107969	18.28288611483778
9.421616721107968	19.103531913247636
9.521616721107968	19.933729175454463
9.621616721107968	20.773112058421674
9.721616721107967	21.62143381052044
9.821616721107967	22.47846297625143
9.921616721107966	23.343965665109405
10.021616721107966	24.217698632323604
10.121616721107966	25.09950825531652
10.221616721107965	25.989113430227636
10.321616721107965	26.88629016917766
10.421616721107965	27.790825433886948
10.521616721107964	28.70249378677584
10.621616721107964	29.62111128802347
10.721616721107964	30.54642874327702
10.821616721107963	31.47819032408894
10.921616721107963	32.41620873123718
11.021616721107963	33.36022302737461
11.121616721107962	34.309979623053486
11.221616721107962	35.265277018415546
11.321616721107961	36.22582185503789
11.421616721107961	37.19136954241154
11.52161672110796	38.1616781235581
11.62161672110796	39.13643035647374
11.72161672110796	40.115395250409684
11.82161672110796	41.09827673102815
11.92161672110796	42.0847445863084
12.021616721107959	43.07458482230618
12.121616721107959	44.06744023540641
12.221616721107958	45.062990576769884
12.321616721107958	46.06091395907541
12.421616721107958	47.06089192395418
12.521616721107957	48.06258546368798
12.621616721107957	49.06565041187072
12.721616721107956	50.0697081704714
12.821616721107956	50.47253416828165
12.921616721107956	50.80553416822716
13.021616721107955	51.138534168172676
13.121616721107955	51.47153416811819
13.221616721107955	51.804534168063704
13.321616721107954	52.13753416800922
13.421616721107954	52.47053416795473
13.521616721107954	52.803534167900246
13.621616721107953	53.13653416784576
13.721616721107953	53.469534167791274
13.821616721107953	53.80253416773679
13.921616721107952	54.1355341676823
14.021616721107952	54.468534167627816
14.121616721107952	54.80153416757333
14.221616721107951	55.134534167518844
14.32161672110795	55.46753416746436
14.42161672110795	55.80053416740987
14.52161672110795	56.133534167355386
14.62161672110795	56.4665341673009
14.72161672110795	56.799534167246414
14.821616721107949	57.13253416719193
14.921616721107949	57.46553416713744
15.021616721107948	57.798534167082956
15.121616721107948	58.13153416702847
15.221616721107948	58.46453416697398
15.321616721107947	58.7975341669195
15.421616721107947	59.13053416686501
15.521616721107947	59.463534166810526
15.621616721107946	59.79653416675604
15.721616721107946	60.12953416670155
15.821616721107945	60.46253416664707
15.921616721107945	60.79553416659258
16.021616721107947	61.1285341665381
16.121616721107948	61.461534166483624
16.22161672110795	61.794534166429145
16.32161672110795	62.127534166374666
16.421616721107952	62.46053416632019
16.521616721107954	62.79353416626571
16.621616721107955	63.12653416621123
16.721616721107956	63.45953416615675
16.821616721107958	63.79253416610227
16.92161672110796	64.1255341660478
17.02161672110796	64.45853416599333
17.121616721107962	64.79153416593886
17.221616721107964	65.12453416588438
17.321616721107965	65.45753416582991
17.421616721107966	65.79053416577544
17.521616721107968	66.12353416572097
17.62161672110797	66.4565341656665
17.72161672110797	66.78953416561203
17.821616721107972	67.12253416555755
17.921616721107974	67.45553416550308
18.021616721107975	67.78853416544861
18.121616721107976	68.12153416539414
18.221616721107978	68.45453416533967
18.32161672110798	68.7875341652852
18.42161672110798	69.12053416523072
18.521616721107982	69.45353416517625
18.621616721107983	69.78653416512178
18.721616721107985	70.11953416506731
18.821616721107986	70.45253416501284
18.921616721107988	70.78553416495836
19.02161672110799	71.11853416490389
19.12161672110799	71.45153416484942
19.221616721107992	71.78453416479495
19.321616721107993	72.11753416474048
19.421616721107995	72.450534164686
19.521616721107996	72.78353416463153
19.621616721107998	73.11653416457706
19.721616721108	73.44953416452259
19.821616721108	73.78253416446812
19.921616721108002	74.11553416441365
20.021616721108003	74.44853416435917
20.121616721108005	74.7815341643047
20.221616721108006	75.11453416425023
20.321616721108008	75.44753416419576
20.42161672110801	75.78053416414129
20.52161672110801	76.11353416408681
20.621616721108012	76.44653416403234
20.721616721108013	76.77953416397787
20.821616721108015	77.1125341639234
20.921616721108016	77.44553416386893
21.021616721108018	77.77853416381446
21.12161672110802	78.11153416375998
21.22161672110802	78.44453416370551
21.321616721108022	78.77753416365104
21.421616721108023	79.11053416359657
21.521616721108025	79.4435341635421
21.621616721108026	79.77653416348763
21.721616721108028	80.10953416343315
21.82161672110803	80.44253416337868
21.92161672110803	80.77553416332421
22.021616721108032	81.10853416326974
22.121616721108033	81.44153416321527
22.221616721108035	81.7745341631608
22.321616721108036	82.10753416310632
22.421616721108037	82.44053416305185
22.52161672110804	82.77353416299738
22.62161672110804	83.1065341629429
22.72161672110804	83.43953416288844
22.821616721108043	83.77253416283396
22.921616721108045	84.10553416277949
23.021616721108046	84.43853416272502
23.121616721108047	84.77153416267055
23.22161672110805	85.10453416261608
23.32161672110805	85.4375341625616
23.42161672110805	85.77053416250713
23.45	85.95956679989658
179769313486231570000000000000000000000000000000000000000000000000000000000000000000000000000000000000000000000000000000000000000000000000000000000000000000000000000000000000000000000000000000000000000000000000000000000000000000000000000000000000000000000000000000000000000000000000000000000000000000000000000	85.95956679989658
