-179769313486231570000000000000000000000000000000000000000000000000000000000000000000000000000000000000000000000000000000000000000000000000000000000000000000000000000000000000000000000000000000000000000000000000000000000000000000000000000000000000000000000000000000000000000000000000000000000000000000000000000	0
-0.00000000000000042421006884954215	0
0.0033333333333329094	0.01745581486413309
0.006666666666666243	0.03509310339375604
0.011666666666666242	0.06204825105470563
0.019166666666666242	0.10335874081340742
0.03041666666666624	0.16679916255827995
0.047291666666666246	0.26461686578188276
0.07260416666666625	0.41615450938732323
0.11057291666666624	0.6518938860657559
0.16752604166666624	1.0200453630906834
0.25295572916666625	1.5971796375859744
0.3529557291666663	2.3017085278530995
0.45295572916666627	3.0306785990639695
0.5529557291666662	3.779531677406373
0.6529557291666662	4.544928498600507
0.7529557291666662	5.3244358259584725
0.8529557291666662	6.1160517977109885
0.9529557291666662	6.918150842528815
1.0529557291666662	7.729370434525488
1.1529557291666663	8.548565940595358
1.2529557291666664	9.375187952365707
1.3529557291666665	10.20942114984106
1.4529557291666666	11.051504366735099
1.5529557291666667	11.90170743390825
1.6529557291666668	12.760341729366528
1.7529557291666669	13.627511261229532
1.852955729166667	14.503396196349671
1.952955729166667	15.388154706358964
2.052955729166667	16.28193432747255
2.152955729166667	17.184775641452106
2.252955729166667	18.096525680869263
2.352955729166667	19.017288149130923
2.4529557291666673	19.947074346640335
2.5529557291666674	20.885677034842832
2.6529557291666674	21.833221039338934
2.7529557291666675	22.789741971523142
2.8529557291666676	23.754961815172422
2.9529557291666677	24.72861791332319
3.052955729166668	25.710758801255405
3.152955729166668	26.700990800071317
3.252955729166668	27.699440957178474
3.352955729166668	28.705951675278218
3.452955729166668	29.720166904995146
3.5529557291666682	30.74191163972084
3.6529557291666683	31.770968105216383
3.7529557291666684	32.80715936978143
3.8529557291666685	33.85025534721808
3.9529557291666686	34.90004430405158
4.052955729166668	35.95631325445991
4.152955729166668	37.01884563301909
4.2529557291666675	38.08742975454255
4.352955729166667	39.16187844768393
4.452955729166667	40.24193758704309
4.5529557291666665	41.327412858513156
4.652955729166666	42.418054509701435
4.752955729166666	43.51372451659153
4.852955729166665	44.6140819034632
4.952955729166665	45.71904208676166
5.052955729166665	46.82853158777955
5.152955729166664	47.942261228363904
5.252955729166664	49.05997376451094
5.352955729166664	50.18152781819866
5.452955729166663	51.30681090067093
5.552955729166663	52.43557803782689
5.652955729166663	53.56769044270763
5.752955729166662	54.70294832442839
5.852955729166662	55.841199225570215
5.9529557291666615	56.98230654319954
6.052955729166661	58.12610282194741
6.152955729166661	59.27243699309247
6.25295572916666	60.421175294467986
6.35295572916666	61.57215474112863
6.45295572916666	62.725236756418475
6.552955729166659	63.88033966158219
6.652955729166659	65.03734167257613
6.752955729166659	66.19603087125328
6.852955729166658	67.3563526419551
6.952955729166658	68.51826072243209
7.052955729166658	69.68157943863329
7.152955729166657	70.84615470670707
7.252955729166657	72.01195663828005
7.3529557291666565	73.17885032851798
7.452955729166656	74.34675042928697
7.552955729166656	75.51557286968519
7.6529557291666555	76.68515130001335
7.752955729166655	77.85544205177581
7.852955729166655	79.0264616725069
7.952955729166654	80.19802546142856
8.052955729166655	81.370048134506
8.152955729166655	82.54256230417464
8.252955729166654	83.71543916570461
8.352955729166654	84.88855410567294
8.452955729166653	86.0619312179806
8.552955729166653	87.23550775780981
8.652955729166653	88.40916750724199
8.752955729166652	89.58286944791533
8.852955729166652	90.75654686798273
8.952955729166652	91.93021602108942
9.052955729166651	93.10387718549538
9.152955729166651	94.2775318471918
9.25295572916665	95.45118304209272
9.35295572916665	96.62483172975553
9.45295572916665	97.79847791408848
9.55295572916665	98.9721215950916
9.65295572916665	100.13994471656673
9.752955729166649	101.11674471656673
9.852955729166649	102.09354471656673
9.952955729166648	103.07034471656672
10.052955729166648	104.04714471656672
10.152955729166647	105.02394471656672
10.252955729166647	106.00074471656671
10.352955729166647	106.97754471656671
10.452955729166646	107.95434471656671
10.552955729166646	108.9311447165667
10.652955729166646	109.9079447165667
10.752955729166645	110.8847447165667
10.852955729166645	111.8615447165667
10.952955729166645	112.8383447165667
11.052955729166644	113.81514471656669
11.152955729166644	114.79194471656669
11.252955729166644	115.76874471656669
11.352955729166643	116.74554471656668
11.452955729166643	117.72234471656668
11.552955729166642	118.69914471656668
11.652955729166642	119.67594471656668
11.752955729166642	120.65274471656667
11.852955729166641	121.62954471656667
11.952955729166641	122.60721961239999
12.05295572916664	123.61361961239999
12.15295572916664	124.62001961239999
12.25295572916664	125.62641961239999
12.35295572916664	126.63281961239998
12.45295572916664	127.63921961239998
12.552955729166639	128.64561961239997
12.652955729166639	128.71651315406692
12.752955729166638	128.71651315406692
12.852955729166638	128.71651315406692
12.952955729166638	128.71651315406692
13.052955729166637	128.71651315406692
13.152955729166637	128.71651315406692
13.252955729166636	128.71651315406692
13.352955729166636	128.71651315406692
13.452955729166636	128.71651315406692
13.552955729166635	128.71651315406692
13.652955729166635	128.71651315406692
13.752955729166635	128.71651315406692
13.852955729166634	128.71651315406692
13.952955729166634	128.71651315406692
14.052955729166634	128.71651315406692
14.152955729166633	128.71651315406692
14.252955729166633	128.71651315406692
14.352955729166633	128.71651315406692
14.452955729166632	128.71651315406692
14.552955729166632	128.71651315406692
14.652955729166631	128.71651315406692
14.752955729166631	128.71651315406692
14.85295572916663	128.71651315406692
14.95295572916663	128.71651315406692
15.05295572916663	128.71651315406692
15.15295572916663	128.71651315406692
15.25295572916663	128.71651315406692
15.352955729166629	128.71651315406692
15.452955729166629	128.71651315406692
15.552955729166628	128.71651315406692
15.652955729166628	128.71651315406692
15.752955729166628	128.71651315406692
15.852955729166627	128.71651315406692
15.952955729166627	128.71651315406692
16.052955729166626	128.71651315406692
16.152955729166628	128.71651315406692
16.25295572916663	128.71651315406692
16.35295572916663	128.71651315406692
16.452955729166632	128.71651315406692
16.552955729166634	128.71651315406692
16.652955729166635	128.71651315406692
16.752955729166636	128.71651315406692
16.852955729166638	128.71651315406692
16.95295572916664	128.71651315406692
17.05295572916664	128.71651315406692
17.152955729166642	128.71651315406692
17.252955729166644	128.71651315406692
17.352955729166645	128.71651315406692
17.452955729166646	128.71651315406692
17.552955729166648	128.71651315406692
17.65295572916665	128.71651315406692
17.75295572916665	128.71651315406692
17.852955729166652	128.71651315406692
17.952955729166653	128.71651315406692
18.052955729166655	128.71651315406692
18.152955729166656	128.71651315406692
18.252955729166658	128.71651315406692
18.35295572916666	128.71651315406692
18.45295572916666	128.71651315406692
18.552955729166662	128.71651315406692
18.652955729166663	128.71651315406692
18.752955729166665	128.71651315406692
18.852955729166666	128.71651315406692
18.952955729166668	128.71651315406692
19.05295572916667	128.71651315406692
19.15295572916667	128.71651315406692
19.252955729166672	128.71651315406692
19.352955729166673	128.71651315406692
19.452955729166675	128.71651315406692
19.552955729166676	128.71651315406692
19.652955729166678	128.71651315406692
19.75295572916668	128.71651315406692
19.85295572916668	128.71651315406692
19.952955729166682	128.71651315406692
20.052955729166683	128.71651315406692
20.152955729166685	128.71651315406692
20.252955729166686	128.71651315406692
20.352955729166688	128.71651315406692
20.45295572916669	128.71651315406692
20.55295572916669	128.71651315406692
20.652955729166692	128.71651315406692
20.752955729166693	128.71651315406692
20.852955729166695	128.71651315406692
20.952955729166696	128.71651315406692
21.052955729166698	128.71651315406692
21.1529557291667	128.71651315406692
21.2529557291667	128.71651315406692
21.352955729166702	128.71651315406692
21.452955729166703	128.71651315406692
21.552955729166705	128.71651315406692
21.652955729166706	128.71651315406692
21.752955729166707	128.71651315406692
21.85295572916671	128.71651315406692
21.95295572916671	128.71651315406692
22.05295572916671	128.71651315406692
22.152955729166713	128.71651315406692
22.252955729166715	128.71651315406692
22.352955729166716	128.71651315406692
22.452955729166717	128.71651315406692
22.55295572916672	128.71651315406692
22.65295572916672	128.71651315406692
22.75295572916672	128.71651315406692
22.852955729166723	128.71651315406692
22.952955729166725	128.71651315406692
23.052955729166726	128.71651315406692
23.152955729166727	128.71651315406692
23.25295572916673	128.71651315406692
23.35295572916673	128.71651315406692
23.45295572916673	128.71651315406692
23.552955729166733	128.71651315406692
23.652955729166734	128.71651315406692
23.752955729166736	128.71651315406692
23.852955729166737	128.71651315406692
23.95295572916674	128.71651315406692
24.05295572916674	128.71651315406692
24.15295572916674	128.71651315406692
24.252955729166743	128.71651315406692
24.352955729166744	128.77568023406803
24.452955729166746	128.87410023406804
24.552955729166747	128.97252023406804
24.65295572916675	129.07094023406805
24.75295572916675	129.16936023406805
24.85295572916675	129.26778023406806
24.952955729166753	129.36620023406806
25.052955729166754	129.46462023406806
25.152955729166756	129.56304023406807
25.222356792144026	129.63074876352363
179769313486231570000000000000000000000000000000000000000000000000000000000000000000000000000000000000000000000000000000000000000000000000000000000000000000000000000000000000000000000000000000000000000000000000000000000000000000000000000000000000000000000000000000000000000000000000000000000000000000000000000	129.63074876352363
