-179769313486231570000000000000000000000000000000000000000000000000000000000000000000000000000000000000000000000000000000000000000000000000000000000000000000000000000000000000000000000000000000000000000000000000000000000000000000000000000000000000000000000000000000000000000000000000000000000000000000000000000	0
-0.0000000000000004329253787928992	0
0.0033333333333329007	0.019330290328787653
0.008333333333332901	0.06813474343514575
0.0158333333333329	0.14288650907590528
0.0270833333333329	0.257698966275204
0.043958333333332905	0.43450591810657196
0.0692708333333329	0.7077898128694483
0.10723958333333292	1.1317163854460786
0.16419270833333294	1.7916995357724708
0.24962239583333296	2.8228204747921284
0.349622395833333	4.218274068466675
0.44962239583333297	5.776392937699411
0.5496223958333329	7.380363587592777
0.6496223958333329	9.021929463996493
0.7496223958333329	10.695037383789273
0.8496223958333329	12.395046096649065
0.9496223958333329	14.118228290374677
1.0496223958333328	15.861465743171935
1.149622395833333	17.622093272892442
1.249622395833333	19.39743095379136
1.349622395833333	21.18575693152501
1.4496223958333332	22.98709139489205
1.5496223958333333	24.801827874718764
1.6496223958333334	26.63027972404332
1.7496223958333335	28.47277544953953
1.8496223958333335	30.32960420995587
1.9496223958333336	32.2010806499123
2.0496223958333335	34.08735850624161
2.1496223958333336	35.988548241644786
2.2496223958333337	37.90466888202235
2.3496223958333338	39.83567052477497
2.449622395833334	41.78162361952787
2.549622395833334	43.74241631085799
2.649622395833334	45.71792169828794
2.749622395833334	47.70814519359667
2.849622395833334	49.71289552536443
2.9496223958333343	51.73174140636152
3.0496223958333344	53.76450433192927
3.1496223958333345	55.811107764866215
3.2496223958333346	57.87126544640731
3.3496223958333347	59.944759124161884
3.4496223958333347	62.0312420148236
3.549622395833335	64.13029849179313
3.649622395833335	66.24161417259718
3.749622395833335	68.364813207506
3.849622395833335	70.49953502715533
3.949622395833335	72.64544204067433
4.049622395833335	74.80217608661957
4.149622395833335	76.9693764904676
4.249622395833335	79.14669210282734
4.349622395833334	81.33376743871567
4.449622395833334	83.53017949376601
4.5496223958333335	85.7355405539984
4.649622395833333	87.94949741759521
4.749622395833333	90.17184509674613
4.849622395833332	92.40222669024645
4.949622395833332	94.64018205152267
5.049622395833332	96.88552633710488
5.149622395833331	99.13795673684345
5.249622395833331	101.39707721963805
5.349622395833331	103.6625492646992
5.44962239583333	105.93403312782293
5.54962239583333	108.21125859096057
5.64962239583333	110.49394424785095
5.749622395833329	112.78179632621597
5.849622395833329	115.07453497184679
5.9496223958333285	117.37188101237733
6.049622395833328	119.67358398211286
6.149622395833328	121.97940551750106
6.2496223958333275	124.28910268306925
6.349622395833327	126.60235561626601
6.449622395833327	128.918908136061
6.549622395833326	131.2386860107435
6.649622395833326	133.5615195331054
6.749622395833326	135.8871204024531
6.849622395833325	138.21528057265212
6.949622395833325	140.5458060736712
7.049622395833325	142.87851324194452
7.149622395833324	145.21322159212377
7.249622395833324	147.54974453664752
7.3496223958333236	149.8878985801837
7.449622395833323	152.22755645187019
7.549622395833323	154.56859537979562
7.6496223958333225	156.9108336108287
7.749622395833322	159.25412205123962
7.849622395833322	161.59835891657866
7.949622395833321	163.9433719413864
8.049622395833321	166.2889742088607
8.14962239583332	168.63512708018422
8.24962239583332	170.98183375435988
8.34962239583332	173.3289495630312
8.44962239583332	175.67629750890146
8.54962239583332	178.02380428747483
8.649622395833319	180.3713575718639
8.749622395833319	182.7188291037904
8.849622395833318	185.0661993299788
8.949622395833318	187.41352143749899
9.049622395833318	189.76083607099548
9.149622395833317	192.10814561522508
9.249622395833317	194.45545006297618
9.349622395833316	196.80274940701256
9.449622395833316	199.150043640098
9.549622395833316	201.4973327549963
9.649622395833315	203.84461682982976
9.749622395833315	206.16609098901841
9.849622395833315	208.409752798467
9.949622395833314	210.54940441064224
10.049622395833314	212.58620557723538
10.149622395833314	214.5559835797488
10.249622395833313	216.5095835797488
10.349622395833313	218.4631835797488
10.449622395833313	220.4167835797488
10.549622395833312	222.3703835797488
10.649622395833312	224.32398357974878
10.749622395833311	226.27758357974878
10.849622395833311	228.23118357974877
10.94962239583331	230.18478357974877
11.04962239583331	232.13838357974876
11.14962239583331	234.09198357974876
11.24962239583331	236.04558357974875
11.34962239583331	237.99918357974875
11.449622395833309	239.95278357974874
11.549622395833309	241.90638357974873
11.649622395833308	243.85998357974873
11.749622395833308	245.81358357974872
11.849622395833308	247.76718357974872
11.949622395833307	249.7207835797487
12.049622395833307	251.70387180891535
12.149622395833306	253.71656003808198
12.249622395833306	255.72936003808195
12.349622395833306	257.7421600380819
12.449622395833305	259.7549600380819
12.549622395833305	261.76776003808186
12.649622395833305	262.8786002464155
12.749622395833304	262.98304045474913
12.849622395833304	262.98304045474913
12.949622395833304	262.98304045474913
13.049622395833303	262.98304045474913
13.149622395833303	262.98304045474913
13.249622395833303	262.98304045474913
13.349622395833302	262.98304045474913
13.449622395833302	262.98304045474913
13.549622395833302	262.98304045474913
13.649622395833301	262.98304045474913
13.7496223958333	262.98304045474913
13.8496223958333	262.98304045474913
13.9496223958333	262.98304045474913
14.0496223958333	262.98304045474913
14.1496223958333	262.98304045474913
14.249622395833299	262.98304045474913
14.349622395833299	262.98304045474913
14.449622395833298	262.98304045474913
14.549622395833298	262.98304045474913
14.649622395833298	262.98304045474913
14.749622395833297	262.98304045474913
14.849622395833297	262.98304045474913
14.949622395833297	262.98304045474913
15.049622395833296	262.98304045474913
15.149622395833296	262.98304045474913
15.249622395833295	262.98304045474913
15.349622395833295	262.98304045474913
15.449622395833295	262.98304045474913
15.549622395833294	262.98304045474913
15.649622395833294	262.98304045474913
15.749622395833294	262.98304045474913
15.849622395833293	262.98304045474913
15.949622395833293	262.98304045474913
16.049622395833293	262.98304045474913
16.149622395833294	262.98304045474913
16.249622395833295	262.98304045474913
16.349622395833297	262.98304045474913
16.4496223958333	262.98304045474913
16.5496223958333	262.98304045474913
16.6496223958333	262.98304045474913
16.749622395833303	262.98304045474913
16.849622395833304	262.98304045474913
16.949622395833305	262.98304045474913
17.049622395833307	262.98304045474913
17.14962239583331	262.98304045474913
17.24962239583331	262.98304045474913
17.34962239583331	262.98304045474913
17.449622395833313	262.98304045474913
17.549622395833314	262.98304045474913
17.649622395833315	262.98304045474913
17.749622395833317	262.98304045474913
17.849622395833318	262.98304045474913
17.94962239583332	262.98304045474913
18.04962239583332	262.98304045474913
18.149622395833322	262.98304045474913
18.249622395833324	262.98304045474913
18.349622395833325	262.98304045474913
18.449622395833327	262.98304045474913
18.549622395833328	262.98304045474913
18.64962239583333	262.98304045474913
18.74962239583333	262.98304045474913
18.849622395833332	262.98304045474913
18.949622395833334	262.98304045474913
19.049622395833335	262.98304045474913
19.149622395833337	262.98304045474913
19.249622395833338	262.98304045474913
19.34962239583334	262.98304045474913
19.44962239583334	262.98304045474913
19.549622395833342	262.98304045474913
19.649622395833344	262.98304045474913
19.749622395833345	262.98304045474913
19.849622395833347	262.98304045474913
19.949622395833348	262.98304045474913
20.04962239583335	262.98304045474913
20.14962239583335	262.98304045474913
20.249622395833352	262.98304045474913
20.349622395833354	262.98304045474913
20.449622395833355	262.98304045474913
20.549622395833357	262.98304045474913
20.649622395833358	262.98304045474913
20.74962239583336	262.98304045474913
20.84962239583336	262.98304045474913
20.949622395833362	262.98304045474913
21.049622395833364	262.98304045474913
21.149622395833365	262.98304045474913
21.249622395833367	262.98304045474913
21.349622395833368	262.98304045474913
21.44962239583337	262.98304045474913
21.54962239583337	262.98304045474913
21.649622395833372	262.98304045474913
21.749622395833374	262.98304045474913
21.849622395833375	262.98304045474913
21.949622395833376	262.98304045474913
22.049622395833378	262.98304045474913
22.14962239583338	262.98304045474913
22.24962239583338	262.98304045474913
22.349622395833382	262.98304045474913
22.449622395833384	262.98304045474913
22.549622395833385	262.98304045474913
22.649622395833386	262.98304045474913
22.749622395833388	262.98304045474913
22.84962239583339	262.98304045474913
22.94962239583339	262.98304045474913
23.049622395833392	262.98304045474913
23.149622395833394	262.98304045474913
23.249622395833395	262.98304045474913
23.349622395833396	262.98304045474913
23.449622395833398	262.98304045474913
23.5496223958334	262.98304045474913
23.6496223958334	262.98304045474913
23.749622395833402	262.98304045474913
23.849622395833403	262.98304045474913
23.949622395833405	262.98304045474913
24.049622395833406	262.98304045474913
24.149622395833408	262.98304045474913
24.24962239583341	262.9946076707344
24.34962239583341	263.10451978449686
24.449622395833412	263.301284682274
24.549622395833413	263.49812468227395
24.649622395833415	263.6949646822739
24.749622395833416	263.89180468227386
24.849622395833418	264.0886446822738
24.94962239583342	264.28548468227376
25.04962239583342	264.4823246822737
25.149622395833422	264.67916468227367
25.224779050736498	264.8509578653026
179769313486231570000000000000000000000000000000000000000000000000000000000000000000000000000000000000000000000000000000000000000000000000000000000000000000000000000000000000000000000000000000000000000000000000000000000000000000000000000000000000000000000000000000000000000000000000000000000000000000000000000	264.9243310483315
