-179769313486231570000000000000000000000000000000000000000000000000000000000000000000000000000000000000000000000000000000000000000000000000000000000000000000000000000000000000000000000000000000000000000000000000000000000000000000000000000000000000000000000000000000000000000000000000000000000000000000000000000	0
5.999938890418145	0
6.003272223751478	0.0000007075031008860746
6.006605557084811	0.000003863908591648894
6.011605557084811	0.000016121335816527916
6.019105557084811	0.00006034150669479169
6.030355557084811	0.00021513987101522223
6.047230557084811	0.0007491262691890794
6.072543057084811	0.002567979562866621
6.110511807084811	0.00867282739566642
6.167464932084811	0.02868917297743446
6.252894619584811	0.08504999176467212
6.352894619584811	0.18712664705281928
6.452894619584811	0.3239270237441341
6.55289461958481	0.4923837593897953
6.65289461958481	0.6898795203920627
6.75289461958481	0.9143670857712263
6.852894619584809	1.1641719628778344
6.952894619584809	1.4377765281352868
7.052894619584809	1.7337608986137782
7.152894619584808	2.051037849521811
7.252894619584808	2.388642892138679
7.3528946195848075	2.7454986254874916
7.452894619584807	3.1207010709299157
7.552894619584807	3.513484772982832
7.652894619584806	3.923010486485598
7.752894619584806	4.348588299847155
7.852894619584806	4.789556089339586
7.952894619584805	5.245170296483302
8.052894619584805	5.714961238695329
8.152894619584805	6.198226881925928
8.252894619584804	6.694531128383676
8.352894619584804	7.20326067150964
8.452894619584804	7.724062006105537
8.552894619584803	8.256370963896318
8.652894619584803	8.799713915252742
8.752894619584803	9.353702637333761
8.852894619584802	9.917933432057998
8.952894619584802	10.49205230383235
9.052894619584801	11.075632548369352
9.152894619584801	11.668470830271152
9.2528946195848	12.270168829853391
9.3528946195848	12.880526278913184
9.4528946195848	13.499223246698861
9.5528946195848	14.126113214703139
9.6528946195848	14.760934006852665
9.752894619584799	15.403453240854057
9.852894619584799	16.053455497865947
9.952894619584798	16.710733058524184
10.052894619584798	17.375055786273887
10.152894619584798	18.04626629035493
10.252894619584797	18.724145664038122
10.352894619584797	19.40852729485166
10.452894619584796	20.09922845538072
10.552894619584796	20.79605088659052
10.652894619584796	21.498862809992293
10.752894619584795	22.207469813974203
10.852894619584795	22.921697239443002
10.952894619584795	23.64138227747674
11.052894619584794	24.366341797975736
11.152894619584794	25.096401502819685
11.252894619584794	25.83138091091191
11.352894619584793	26.57108523493032
11.452894619584793	27.315323552488515
11.552894619584793	28.06388919579535
11.652894619584792	28.816560566869207
11.752894619584792	29.57311841935946
11.852894619584792	30.333317878940342
11.952894619584791	31.096900391542302
12.05289461958479	31.86362434365186
12.15289461958479	32.633200739480124
12.25289461958479	33.40532335831453
12.35289461958479	34.179682361250705
12.45289461958479	34.95596452465705
12.552894619584789	35.73382925427991
12.652894619584789	36.512927842439446
12.74818496540836	37.2190641661952
179769313486231570000000000000000000000000000000000000000000000000000000000000000000000000000000000000000000000000000000000000000000000000000000000000000000000000000000000000000000000000000000000000000000000000000000000000000000000000000000000000000000000000000000000000000000000000000000000000000000000000000	37.2190641661952
