-100000	0
-0.003909264933634304	0
-0.0005759316003009708	0.014567448053309456
0.004424068399699029	0.04543795030537414
0.011924068399699029	0.09315760797246485
0.02317406839969903	0.16703392486318636
0.04004906839969903	0.281496761474514
0.06536156839969903	0.45943655481833046
0.10333031839969903	0.7370099300027048
0.16028344339969902	1.1715561839398922
0.24571313089969904	1.8541297993871753
0.345713130899699	2.688657915925667
0.445713130899699	3.5530552798033495
0.545713130899699	4.4416578695072015
0.645713130899699	5.350547817376278
0.7457131308996989	6.276825984279053
0.8457131308996989	7.218269148857257
0.9457131308996989	8.173116157487069
1.045713130899699	9.13994510277521
1.145713130899699	10.117537675320905
1.2457131308996992	11.104252879850447
1.3457131308996992	12.09966193773498
1.4457131308996993	13.103655762716414
1.5457131308996994	14.116031021949423
1.6457131308996995	15.136568386592772
1.7457131308996996	16.165011067322276
1.8457131308996997	17.201105673396377
1.9457131308996998	18.24457268555773
2.0457131308996996	19.29512949060588
2.1457131308996997	20.352496118882808
2.2457131308997	21.4164069002234
2.3457131308997	22.4865873471632
2.4457131308997	23.562772689838784
2.5457131308997	24.644706045291553
2.6457131308997	25.73213958141815
2.7457131308997003	26.824827658130967
2.8457131308997003	27.922535699802687
2.9457131308997004	29.025035219048494
3.0457131308997005	30.132105350912212
3.1457131308997006	31.243528103756823
3.2457131308997007	32.35910055873237
3.345713130899701	33.47863001057911
3.445713130899701	34.60191884257819
3.545713130899701	35.728787410654384
3.645713130899701	36.859057163341596
3.745713130899701	37.99256189578449
3.8457131308997012	39.12913538839735
3.9457131308997013	40.268619526944995
4.045713130899701	41.41086056236821
4.145713130899701	42.555715916388564
4.2457131308997	43.70304470957765
4.3457131308997	44.852708035408654
4.4457131308996996	46.00457824244145
4.545713130899699	47.15853031125301
4.645713130899699	48.31444593831903
4.7457131308996985	49.47220667673355
4.845713130899698	50.6317047805364
4.945713130899698	51.79282785726872
5.045713130899697	52.955482013697065
5.145713130899697	54.11956122405235
5.245713130899697	55.284977922544286
5.345713130899696	56.45163340873506
5.445713130899696	57.619451692049786
5.545713130899696	58.78834347314026
5.645713130899695	59.95823059565669
5.745713130899695	61.12903963182359
5.845713130899695	62.3006889922767
5.945713130899694	63.47311995509303
6.045713130899694	64.64625782808116
6.1457131308996935	65.82004422332827
6.245713130899693	66.99441739270611
6.345713130899693	68.16931851944581
6.4457131308996924	69.344691526645
6.545713130899692	70.52048948824273
6.645713130899692	71.69665781078078
6.745713130899691	72.8731518579376
6.845713130899691	74.04992748353366
6.945713130899691	75.2269403557631
7.04571313089969	76.40415311917917
7.14571313089969	77.5815276821753
7.24571313089969	78.7590321194514
7.345713130899689	79.93663027802484
7.445713130899689	81.11429366909695
7.5457131308996885	82.29199413130053
7.645713130899688	83.4697053939559
7.745713130899688	84.64740432719458
7.8457131308996875	85.82506994552418
7.945713130899687	87.00268266166029
8.045713130899687	88.18022524011567
8.145713130899686	89.35767921610173
8.245713130899686	90.53503851708803
8.345713130899686	91.71228775813742
8.445713130899685	92.88942027363906
8.545713130899685	94.06643018536421
8.645713130899685	95.24332315204651
8.745713130899684	96.42006924201668
8.845713130899684	97.59669913897662
8.945713130899684	98.77320746627362
9.045713130899683	99.94959680118438
9.145713130899683	101.12587932426088
9.245713130899682	102.30206438867975
9.345713130899682	103.47816827899607
9.445713130899682	104.65420888668511
9.545713130899681	105.83020293399721
9.645713130899681	107.00617887969997
9.74571313089968	108.18215507876943
9.84571313089968	109.35812956638583
9.94571313089968	110.53410718194398
10.04571313089968	111.7100833364734
10.14571313089968	112.88606109894225
10.245713130899679	114.06203991937998
10.345713130899679	115.23802178943899
10.445713130899678	116.40992806308502
10.545713130899678	117.53891851778796
10.645713130899678	118.61544630132606
10.745713130899677	119.63951321349809
10.845713130899677	120.62085441408948
10.945713130899676	121.59825307788337
11.045713130899676	122.57565279121957
11.145713130899676	123.55305355406347
11.245713130899675	124.53045536638254
11.345713130899675	125.50785822814157
11.445713130899675	126.48526425792781
11.545713130899674	127.46266880732146
11.645713130899674	128.44007440550504
11.745713130899674	129.41748105251202
11.845713130899673	130.39488874837653
11.945713130899673	131.37229749313227
12.045713130899673	132.377448891589
12.145713130899672	133.383844332098
12.245713130899672	134.3902408218033
12.345713130899671	135.3966382062831
12.445713130899671	136.40303578275243
12.54571313089967	137.40943563496123
12.56	137.55321096891046
1000012.56	137.55321096891046
