-179769313486231570000000000000000000000000000000000000000000000000000000000000000000000000000000000000000000000000000000000000000000000000000000000000000000000000000000000000000000000000000000000000000000000000000000000000000000000000000000000000000000000000000000000000000000000000000000000000000000000000000	0
-0.0000000000000004503559986796131	0
0.0033333333333328834	0.02314189478006928
0.008333333333332884	0.08158824565619044
0.015833333333332884	0.17090874565108774
0.027083333333332883	0.3076940152765053
0.043958333333332884	0.5175889357957805
0.06927083333333289	0.8405971054488097
0.10723958333333289	1.3392483275826046
0.16419270833333288	2.1115238724408796
0.2496223958333329	3.3113707851628567
0.3496223958333329	4.92690929977364
0.44962239583333286	6.72267660355602
0.5496223958333328	8.564150484374087
0.6496223958333328	10.44279646165125
0.7496223958333328	12.352427871876104
0.8496223958333328	14.288152010870512
0.9496223958333327	16.246022829804588
1.0496223958333328	18.2228322488742
1.149622395833333	20.215738151964363
1.249622395833333	22.22086416629084
1.349622395833333	24.234998756940975
1.4496223958333332	26.257552811369404
1.5496223958333333	28.288680030897538
1.6496223958333334	30.328518968295008
1.7496223958333335	32.37726775309408
1.8496223958333335	34.43508976569332
1.9496223958333336	36.50208902870318
2.0496223958333335	38.57832848181016
2.1496223958333336	40.66389442416039
2.2496223958333337	42.75869395220937
2.3496223958333338	44.862586158242586
2.449622395833334	46.9756359260401
2.549622395833334	49.097688974968456
2.649622395833334	51.22860511974617
2.749622395833334	53.36860006517479
2.849622395833334	55.51757239321708
2.9496223958333343	57.67518251202463
3.0496223958333344	59.84125728628998
3.1496223958333345	62.01579786251849
3.2496223958333346	64.19861555526232
3.3496223958333347	66.38949433411325
3.4496223958333347	68.58829839617889
3.549622395833335	70.7946502111495
3.649622395833335	73.00827287279311
3.749622395833335	75.22904981639158
3.849622395833335	77.45682979783284
3.949622395833335	79.69135017824502
4.049622395833335	81.93235904056937
4.149622395833335	84.17962812980264
4.249622395833335	86.43294315683619
4.349622395833334	88.69205833827131
4.449622395833334	90.95672456289843
4.5496223958333335	93.2266537591628
4.649622395833333	95.50169095041429
4.749622395833333	97.78170023924505
4.849622395833332	100.06638603707185
4.949622395833332	102.35553062992581
5.049622395833332	104.64894753732852
5.149622395833331	106.94637609107775
5.249622395833331	109.2476039812205
5.349622395833331	111.55248970936705
5.44962239583333	113.86086266364757
5.54962239583333	116.17250811638036
5.64962239583333	118.48720492139626
5.749622395833329	120.80479593919343
5.849622395833329	123.12511483177911
5.9496223958333285	125.44801038968158
6.049622395833328	127.77333574707838
6.149622395833328	130.1008826537428
6.2496223958333275	132.4304666574348
6.349622395833327	134.76192272615455
6.449622395833327	137.0950876520368
6.549622395833326	139.42992182872038
6.649622395833326	141.76619328628493
6.749622395833326	144.1038038501572
6.849622395833325	146.44273185848093
6.949622395833325	148.78288724753392
7.049622395833325	151.12423994455716
7.149622395833324	153.46659164949406
7.249622395833324	155.80980955449434
7.3496223958333236	158.15377313650254
7.449622395833323	160.49840012882373
7.549622395833323	162.8436198948075
7.6496223958333225	165.18932917550396
7.749622395833322	167.53535361531536
7.849622395833322	169.8816790357536
7.949622395833321	172.22842059710277
8.049622395833321	174.5754338988134
8.14962239583332	176.92259996751488
8.24962239583332	179.2699675645848
8.34962239583332	181.6175073855565
8.44962239583332	183.96511287868307
8.54962239583332	186.3127194102129
8.649622395833319	188.66029261690116
8.749622395833319	191.00777822142825
8.849622395833318	193.35515646196924
8.949622395833318	195.7024743285092
9.049622395833318	198.0497798496778
9.149622395833317	200.39708023454136
9.249622395833317	202.74437548309987
9.349622395833316	205.09166559535333
9.449622395833316	207.43895058743027
9.549622395833316	209.78623181446306
9.649622395833315	212.1335118214694
9.749622395833315	214.4807918214694
9.849622395833315	216.82807182146942
9.949622395833314	219.17535182146943
10.049622395833314	221.52263182146945
10.149622395833314	223.86991182146946
10.249622395833313	226.21719182146947
10.349622395833313	228.56447182146948
10.449622395833313	230.9117518214695
10.549622395833312	233.2590318214695
10.649622395833312	235.60631182146952
10.749622395833311	237.95359182146953
10.849622395833311	240.30087182146954
10.94962239583331	242.64815182146955
11.04962239583331	244.99543182146957
11.14962239583331	247.34271182146958
11.24962239583331	249.52145269751128
11.34962239583331	251.50335357355297
11.449622395833309	253.45695357355297
11.549622395833309	255.41055357355296
11.649622395833308	257.3641535735529
11.749622395833308	259.31775357355286
11.849622395833308	261.2713535735528
11.949622395833307	263.22495357355274
12.049622395833307	265.2080418027194
12.149622395833306	267.22073003188603
12.249622395833306	269.233530031886
12.349622395833306	271.246330031886
12.449622395833305	273.25913003188595
12.549622395833305	275.2719300318859
12.649622395833305	276.38277024021954
12.749622395833304	276.4872104485532
12.849622395833304	276.4872104485532
12.949622395833304	276.4872104485532
13.049622395833303	276.4872104485532
13.149622395833303	276.4872104485532
13.249622395833303	276.4872104485532
13.349622395833302	276.4872104485532
13.449622395833302	276.4872104485532
13.549622395833302	276.4872104485532
13.649622395833301	276.4872104485532
13.7496223958333	276.4872104485532
13.8496223958333	276.4872104485532
13.9496223958333	276.4872104485532
14.0496223958333	276.4872104485532
14.1496223958333	276.4872104485532
14.249622395833299	276.4872104485532
14.349622395833299	276.4872104485532
14.449622395833298	276.4872104485532
14.549622395833298	276.4872104485532
14.649622395833298	276.4872104485532
14.749622395833297	276.4872104485532
14.849622395833297	276.4872104485532
14.949622395833297	276.4872104485532
15.049622395833296	276.4872104485532
15.149622395833296	276.4872104485532
15.249622395833295	276.4872104485532
15.349622395833295	276.4872104485532
15.449622395833295	276.4872104485532
15.549622395833294	276.4872104485532
15.649622395833294	276.4872104485532
15.749622395833294	276.4872104485532
15.849622395833293	276.4872104485532
15.949622395833293	276.4872104485532
16.049622395833293	276.4872104485532
16.149622395833294	276.4872104485532
16.249622395833295	276.4872104485532
16.349622395833297	276.4872104485532
16.4496223958333	276.4872104485532
16.5496223958333	276.4872104485532
16.6496223958333	276.4872104485532
16.749622395833303	276.4872104485532
16.849622395833304	276.4872104485532
16.949622395833305	276.4872104485532
17.049622395833307	276.4872104485532
17.14962239583331	276.4872104485532
17.24962239583331	276.4872104485532
17.34962239583331	276.4872104485532
17.449622395833313	276.4872104485532
17.549622395833314	276.4872104485532
17.649622395833315	276.4872104485532
17.749622395833317	276.4872104485532
17.849622395833318	276.4872104485532
17.94962239583332	276.4872104485532
18.04962239583332	276.4872104485532
18.149622395833322	276.4872104485532
18.249622395833324	276.4872104485532
18.349622395833325	276.4872104485532
18.449622395833327	276.4872104485532
18.549622395833328	276.4872104485532
18.64962239583333	276.4872104485532
18.74962239583333	276.4872104485532
18.849622395833332	276.4872104485532
18.949622395833334	276.4872104485532
19.049622395833335	276.4872104485532
19.149622395833337	276.4872104485532
19.249622395833338	276.4872104485532
19.34962239583334	276.4872104485532
19.44962239583334	276.4872104485532
19.549622395833342	276.4872104485532
19.649622395833344	276.4872104485532
19.749622395833345	276.4872104485532
19.849622395833347	276.4872104485532
19.949622395833348	276.4872104485532
20.04962239583335	276.4872104485532
20.14962239583335	276.4872104485532
20.249622395833352	276.4872104485532
20.349622395833354	276.4872104485532
20.449622395833355	276.4872104485532
20.549622395833357	276.4872104485532
20.649622395833358	276.4872104485532
20.74962239583336	276.4872104485532
20.84962239583336	276.4872104485532
20.949622395833362	276.4872104485532
21.049622395833364	276.4872104485532
21.149622395833365	276.4872104485532
21.249622395833367	276.4872104485532
21.349622395833368	276.4872104485532
21.44962239583337	276.4872104485532
21.54962239583337	276.4872104485532
21.649622395833372	276.4872104485532
21.749622395833374	276.4872104485532
21.849622395833375	276.4872104485532
21.949622395833376	276.4872104485532
22.049622395833378	276.4872104485532
22.14962239583338	276.4872104485532
22.24962239583338	276.4872104485532
22.349622395833382	276.4872104485532
22.449622395833384	276.4872104485532
22.549622395833385	276.4872104485532
22.649622395833386	276.4872104485532
22.749622395833388	276.4872104485532
22.84962239583339	276.4872104485532
22.94962239583339	276.4872104485532
23.049622395833392	276.4872104485532
23.149622395833394	276.4872104485532
23.249622395833395	276.4872104485532
23.349622395833396	276.4872104485532
23.449622395833398	276.4872104485532
23.5496223958334	276.4872104485532
23.6496223958334	276.4872104485532
23.749622395833402	276.4872104485532
23.849622395833403	276.4872104485532
23.949622395833405	276.4872104485532
24.049622395833406	276.4872104485532
24.149622395833408	276.5083193184675
24.24962239583341	276.6278481883818
24.34962239583341	276.82468818838174
24.449622395833412	277.0215281883817
24.549622395833413	277.21836818838165
24.649622395833415	277.4152081883816
24.749622395833416	277.61204818838155
24.849622395833418	277.8088881883815
24.94962239583342	278.00572818838145
25.04962239583342	278.2025681883814
25.149622395833422	278.39940818838136
25.22962356792144	278.5759693452237
179769313486231570000000000000000000000000000000000000000000000000000000000000000000000000000000000000000000000000000000000000000000000000000000000000000000000000000000000000000000000000000000000000000000000000000000000000000000000000000000000000000000000000000000000000000000000000000000000000000000000000000	278.6541105020661
