-179769313486231570000000000000000000000000000000000000000000000000000000000000000000000000000000000000000000000000000000000000000000000000000000000000000000000000000000000000000000000000000000000000000000000000000000000000000000000000000000000000000000000000000000000000000000000000000000000000000000000000000	0
5.868659771497776	0
5.871993104831109	0.00008153764014369562
5.875326438164442	0.00023549636260152554
5.880326438164442	0.0005972181597931757
5.887826438164442	0.00143406421096671
5.8990764381644425	0.0033514258373456233
5.915951438164442	0.007717821061473907
5.941263938164442	0.017622977708497536
5.979232688164442	0.039624852828099674
6.036185813164442	0.08803991386439564
6.121615500664442	0.19287514476197204
6.221615500664441	0.36029564912862716
6.321615500664441	0.571399855877938
6.421615500664441	0.8223832281332082
6.52161550066444	1.1100427259607635
6.62161550066444	1.4319060492280258
6.72161550066444	1.7859480638485192
6.821615500664439	2.1701344879526516
6.921615500664439	2.58272158141986
7.0216155006644385	3.0221877650561444
7.121615500664438	3.487084999211093
7.221615500664438	3.976178818298288
7.3216155006644374	4.488310185764981
7.421615500664437	5.0224483959352355
7.521615500664437	5.577539796251096
7.621615500664436	6.152590617379796
7.721615500664436	6.746720439827092
7.821615500664436	7.359110091299197
7.921615500664435	7.988875895548669
8.021615500664435	8.635456421700837
8.121615500664435	9.297930030295918
8.221615500664434	9.975828586649104
8.321615500664434	10.668312474118004
8.421615500664434	11.375015073579597
8.521615500664433	12.095231619126467
8.621615500664433	12.828325012598823
8.721615500664432	13.573767817358597
8.821615500664432	14.331190128502376
8.921615500664432	15.100146404183231
9.021615500664431	15.88011187437373
9.121615500664431	16.670859769308723
9.22161550066443	17.47182797116623
9.32161550066443	18.2828931690048
9.42161550066443	19.10353923214183
9.52161550066443	19.933736759221496
9.62161550066443	20.773119905580913
9.721615500664429	21.621441920504157
9.821615500664429	22.478471351183043
9.921615500664428	23.34397429950431
10.021615500664428	24.217707527593657
10.121615500664428	25.099517408472792
10.221615500664427	25.989122840805216
10.321615500664427	26.886299837565755
10.421615500664426	27.790835359450444
10.521615500664426	28.702503971143287
10.621615500664426	29.62112173216579
10.721615500664425	30.546439446474597
10.821615500664425	31.47820128508043
10.921615500664425	32.416219948899716
11.021615500664424	33.36023450091503
11.121615500664424	34.309991350896276
11.221615500664424	35.26528899951915
11.321615500664423	36.22583408256606
11.421615500664423	37.191382010411665
11.521615500664423	38.161690831404364
11.621615500664422	39.136443303464645
11.721615500664422	40.11540843559279
11.821615500664421	41.098290154070085
11.921615500664421	42.08475824688721
12.02161550066442	43.07459871961721
12.12161550066442	44.06745436937634
12.22161550066442	45.06300494786548
12.32161550066442	46.06092856805351
12.42161550066442	47.06090677177083
12.521615500664419	48.06260055165147
12.621615500664419	49.06566574200004
12.721615500664418	50.0697237475409
12.821615500664418	50.47255756630969
12.921615500664418	50.80555756635998
13.021615500664417	51.13855756641027
13.121615500664417	51.47155756646056
13.221615500664416	51.80455756651085
13.321615500664416	52.13755756656114
13.421615500664416	52.47055756661143
13.521615500664415	52.80355756666172
13.621615500664415	53.136557566712014
13.721615500664415	53.469557566762305
13.821615500664414	53.802557566812595
13.921615500664414	54.135557566862886
14.021615500664414	54.46855756691318
14.121615500664413	54.80155756696347
14.221615500664413	55.13455756701376
14.321615500664413	55.46755756706405
14.421615500664412	55.80055756711434
14.521615500664412	56.13355756716463
14.621615500664412	56.46655756721492
14.721615500664411	56.79955756726521
14.82161550066441	57.1325575673155
14.92161550066441	57.46555756736579
15.02161550066441	57.79855756741608
15.12161550066441	58.13155756746637
15.22161550066441	58.464557567516664
15.321615500664409	58.797557567566955
15.421615500664409	59.130557567617245
15.521615500664408	59.463557567667536
15.621615500664408	59.79655756771783
15.721615500664408	60.12955756776812
15.821615500664407	60.46255756781841
15.921615500664407	60.7955575678687
16.021615500664407	61.12855756791899
16.121615500664408	61.46155756796929
16.22161550066441	61.794557568019584
16.32161550066441	62.12755756806988
16.421615500664412	62.46055756812018
16.521615500664414	62.79355756817048
16.621615500664415	63.126557568220775
16.721615500664416	63.45955756827107
16.821615500664418	63.79255756832137
16.92161550066442	64.12555756837166
17.02161550066442	64.45855756842195
17.121615500664422	64.79155756847224
17.221615500664424	65.12455756852253
17.321615500664425	65.45755756857282
17.421615500664426	65.79055756862311
17.521615500664428	66.1235575686734
17.62161550066443	66.4565575687237
17.72161550066443	66.78955756877399
17.821615500664432	67.12255756882428
17.921615500664434	67.45555756887457
18.021615500664435	67.78855756892486
18.121615500664436	68.12155756897515
18.221615500664438	68.45455756902544
18.32161550066444	68.78755756907573
18.42161550066444	69.12055756912602
18.521615500664442	69.45355756917631
18.621615500664443	69.7865575692266
18.721615500664445	70.11955756927689
18.821615500664446	70.45255756932718
18.921615500664448	70.78555756937747
19.02161550066445	71.11855756942776
19.12161550066445	71.45155756947806
19.221615500664452	71.78455756952835
19.321615500664453	72.11755756957864
19.421615500664455	72.45055756962893
19.521615500664456	72.78355756967922
19.621615500664458	73.11655756972951
19.72161550066446	73.4495575697798
19.82161550066446	73.78255756983009
19.921615500664462	74.11555756988038
20.021615500664463	74.44855756993067
20.121615500664465	74.78155756998096
20.221615500664466	75.11455757003125
20.321615500664468	75.44755757008154
20.42161550066447	75.78055757013183
20.52161550066447	76.11355757018212
20.621615500664472	76.44655757023241
20.721615500664473	76.7795575702827
20.821615500664475	77.112557570333
20.921615500664476	77.44555757038329
21.021615500664478	77.77855757043358
21.12161550066448	78.11155757048387
21.22161550066448	78.44455757053416
21.321615500664482	78.77755757058445
21.421615500664483	79.11055757063474
21.521615500664485	79.44355757068503
21.621615500664486	79.77655757073532
21.721615500664488	80.10955757078561
21.82161550066449	80.4425575708359
21.92161550066449	80.77555757088619
22.021615500664492	81.10855757093648
22.121615500664493	81.44155757098677
22.221615500664495	81.77455757103706
22.321615500664496	82.10755757108736
22.421615500664497	82.44055757113765
22.5216155006645	82.77355757118794
22.6216155006645	83.10655757123823
22.7216155006645	83.43955757128852
22.821615500664503	83.77255757133881
22.921615500664505	84.1055575713891
23.021615500664506	84.43855757143939
23.121615500664507	84.77155757148968
23.22161550066451	85.10455757153997
23.32161550066451	85.43755757159026
23.42161550066451	85.77055757164055
23.45	85.95959833724345
179769313486231570000000000000000000000000000000000000000000000000000000000000000000000000000000000000000000000000000000000000000000000000000000000000000000000000000000000000000000000000000000000000000000000000000000000000000000000000000000000000000000000000000000000000000000000000000000000000000000000000000	85.95959833724345
