-179769313486231570000000000000000000000000000000000000000000000000000000000000000000000000000000000000000000000000000000000000000000000000000000000000000000000000000000000000000000000000000000000000000000000000000000000000000000000000000000000000000000000000000000000000000000000000000000000000000000000000000	0
-0.0000000000000004634289635946485	0
0.00333333333333287	0.025930660699171354
0.006666666666666203	0.05222459930536838
0.011666666666666204	0.09220477297464802
0.019166666666666204	0.15303355835774488
0.030416666666666203	0.24586198223275743
0.047291666666666204	0.3878661086502119
0.0726041666666662	0.6057000295570878
0.11057291666666622	0.9408729483921592
0.16752604166666624	1.4582382317063323
0.25295572916666625	2.2590747410601084
0.3529557291666663	3.225191637348458
0.45295572916666627	4.215193775909849
0.5529557291666662	5.224163286622689
0.6529557291666662	6.248665758429869
0.7529557291666662	7.286049539406614
0.8529557291666662	8.334152770610945
0.9529557291666662	9.391239321764907
1.0529557291666662	10.455806152164469
1.1529557291666663	11.526516770116753
1.2529557291666664	12.600733226110833
1.3529557291666665	13.677705775919177
1.4529557291666666	14.7574574344699
1.5529557291666667	15.839919453236853
1.6529557291666668	16.925113337406874
1.7529557291666669	18.01305336235772
1.852955729166667	19.10379809925964
1.952955729166667	20.197385271231788
2.052955729166667	21.293707547278224
2.152955729166667	22.392804345385716
2.252955729166667	23.494758351475724
2.352955729166667	24.59954610641868
2.4529557291666673	25.707065700812436
2.5529557291666674	26.817338403737523
2.6529557291666674	27.930298770665857
2.7529557291666675	29.045880741597937
2.8529557291666676	30.164099861476878
2.9529557291666677	31.28482586792818
3.052955729166668	32.408043683933236
3.152955729166668	33.53374599184619
3.252955729166668	34.661845844318776
3.352955729166668	35.79222805386827
3.452955729166668	36.92482007912106
3.5529557291666682	38.05970046218059
3.6529557291666683	39.19675987075619
3.7529557291666684	40.33587003908632
3.8529557291666685	41.476992089581046
3.9529557291666686	42.62004679497899
4.052955729166668	43.76496426703072
4.152955729166668	44.91167556816504
4.2529557291666675	46.06011303534591
4.352955729166667	47.21018693935617
4.452955729166667	48.36181949567272
4.5529557291666665	49.51490381075317
4.652955729166666	50.66948617283176
4.752955729166666	51.8254740031551
4.852955729166665	52.982771458785095
4.952955729166665	54.14131392449046
5.052955729166665	55.30103111357703
5.152955729166664	56.461879675577514
5.252955729166664	57.623792470879174
5.352955729166664	58.78671297765025
5.452955729166663	59.95057309161421
5.552955729166663	61.11533848796384
5.652955729166663	62.28092806265559
5.752955729166662	63.44729420902956
5.852955729166662	64.61436995644252
5.9529557291666615	65.78209635433875
6.052955729166661	66.95046748348396
6.152955729166661	68.11943517170444
6.25295572916666	69.28893210405165
6.35295572916666	70.45892204165096
6.45295572916666	71.62938223489729
6.552955729166659	72.80024778389982
6.652955729166659	73.97150806308142
6.752955729166659	75.1431016675634
6.852955729166658	76.31502079663366
6.952955729166658	77.48721018021223
7.052955729166658	78.65965947276726
7.152955729166657	79.83233054082082
7.252955729166657	81.005203091223
7.3529557291666565	82.17815485818875
7.452955729166656	83.35126438431931
7.552955729166656	84.5244985677448
7.6529557291666555	85.69786470815981
7.752955729166655	86.87128405624892
7.852955729166655	88.04481281087799
7.952955729166654	89.21844950405966
8.052955729166655	90.3921447907994
8.152955729166655	91.56587395080689
8.252955729166654	92.73960566502892
8.352955729166654	93.91334392054935
8.452955729166653	95.08709421130833
8.552955729166653	96.26085710040196
8.652955729166653	97.43461866299975
8.752955729166652	98.60833817780969
8.852955729166652	99.78200357515176
8.952955729166652	100.95565405008672
9.052955729166651	102.12930195686916
9.152955729166651	103.30294729549907
9.25295572916665	104.47659006597645
9.35295572916665	105.650230518011
9.45295572916665	106.82387051801099
9.55295572916665	107.99751051801098
9.65295572916665	109.17115051801098
9.752955729166649	110.34479051801097
9.852955729166649	111.51843051801096
9.952955729166648	112.69207051801095
10.052955729166648	113.86571051801094
10.152955729166647	115.03935051801093
10.252955729166647	116.21299051801093
10.352955729166647	117.38663051801092
10.452955729166646	118.56027051801091
10.552955729166646	119.7339105180109
10.652955729166646	120.9075505180109
10.752955729166645	122.08119051801089
10.852955729166645	123.25483051801088
10.952955729166645	124.42847051801087
11.052955729166644	125.60211051801086
11.152955729166644	126.77575051801085
11.252955729166644	127.77429006071922
11.352955729166643	128.7510900607192
11.452955729166643	129.7278900607192
11.552955729166642	130.7046900607192
11.652955729166642	131.6814900607192
11.752955729166642	132.6582900607192
11.852955729166641	133.6350900607192
11.952955729166641	134.61276495655252
12.05295572916664	135.6191649565525
12.15295572916664	136.6255649565525
12.25295572916664	137.63196495655248
12.35295572916664	138.63836495655246
12.45295572916664	139.64476495655245
12.552955729166639	140.65116495655244
12.652955729166639	140.72205849821938
12.752955729166638	140.72205849821938
12.852955729166638	140.72205849821938
12.952955729166638	140.72205849821938
13.052955729166637	140.72205849821938
13.152955729166637	140.72205849821938
13.252955729166636	140.72205849821938
13.352955729166636	140.72205849821938
13.452955729166636	140.72205849821938
13.552955729166635	140.72205849821938
13.652955729166635	140.72205849821938
13.752955729166635	140.72205849821938
13.852955729166634	140.72205849821938
13.952955729166634	140.72205849821938
14.052955729166634	140.72205849821938
14.152955729166633	140.72205849821938
14.252955729166633	140.72205849821938
14.352955729166633	140.72205849821938
14.452955729166632	140.72205849821938
14.552955729166632	140.72205849821938
14.652955729166631	140.72205849821938
14.752955729166631	140.72205849821938
14.85295572916663	140.72205849821938
14.95295572916663	140.72205849821938
15.05295572916663	140.72205849821938
15.15295572916663	140.72205849821938
15.25295572916663	140.72205849821938
15.352955729166629	140.72205849821938
15.452955729166629	140.72205849821938
15.552955729166628	140.72205849821938
15.652955729166628	140.72205849821938
15.752955729166628	140.72205849821938
15.852955729166627	140.72205849821938
15.952955729166627	140.72205849821938
16.052955729166626	140.72205849821938
16.152955729166628	140.72205849821938
16.25295572916663	140.72205849821938
16.35295572916663	140.72205849821938
16.452955729166632	140.72205849821938
16.552955729166634	140.72205849821938
16.652955729166635	140.72205849821938
16.752955729166636	140.72205849821938
16.852955729166638	140.72205849821938
16.95295572916664	140.72205849821938
17.05295572916664	140.72205849821938
17.152955729166642	140.72205849821938
17.252955729166644	140.72205849821938
17.352955729166645	140.72205849821938
17.452955729166646	140.72205849821938
17.552955729166648	140.72205849821938
17.65295572916665	140.72205849821938
17.75295572916665	140.72205849821938
17.852955729166652	140.72205849821938
17.952955729166653	140.72205849821938
18.052955729166655	140.72205849821938
18.152955729166656	140.72205849821938
18.252955729166658	140.72205849821938
18.35295572916666	140.72205849821938
18.45295572916666	140.72205849821938
18.552955729166662	140.72205849821938
18.652955729166663	140.72205849821938
18.752955729166665	140.72205849821938
18.852955729166666	140.72205849821938
18.952955729166668	140.72205849821938
19.05295572916667	140.72205849821938
19.15295572916667	140.72205849821938
19.252955729166672	140.72205849821938
19.352955729166673	140.72205849821938
19.452955729166675	140.72205849821938
19.552955729166676	140.72205849821938
19.652955729166678	140.72205849821938
19.75295572916668	140.72205849821938
19.85295572916668	140.72205849821938
19.952955729166682	140.72205849821938
20.052955729166683	140.72205849821938
20.152955729166685	140.72205849821938
20.252955729166686	140.72205849821938
20.352955729166688	140.72205849821938
20.45295572916669	140.72205849821938
20.55295572916669	140.72205849821938
20.652955729166692	140.72205849821938
20.752955729166693	140.72205849821938
20.852955729166695	140.72205849821938
20.952955729166696	140.72205849821938
21.052955729166698	140.72205849821938
21.1529557291667	140.72205849821938
21.2529557291667	140.72205849821938
21.352955729166702	140.72205849821938
21.452955729166703	140.72205849821938
21.552955729166705	140.72205849821938
21.652955729166706	140.72205849821938
21.752955729166707	140.72205849821938
21.85295572916671	140.72205849821938
21.95295572916671	140.72205849821938
22.05295572916671	140.72205849821938
22.152955729166713	140.72205849821938
22.252955729166715	140.72205849821938
22.352955729166716	140.72205849821938
22.452955729166717	140.72205849821938
22.55295572916672	140.72205849821938
22.65295572916672	140.72205849821938
22.75295572916672	140.72205849821938
22.852955729166723	140.72205849821938
22.952955729166725	140.72205849821938
23.052955729166726	140.72205849821938
23.152955729166727	140.72205849821938
23.25295572916673	140.72205849821938
23.35295572916673	140.72205849821938
23.45295572916673	140.72205849821938
23.552955729166733	140.72205849821938
23.652955729166734	140.72205849821938
23.752955729166736	140.72205849821938
23.852955729166737	140.72205849821938
23.95295572916674	140.72205849821938
24.05295572916674	140.72838780768927
24.15295572916674	140.8255746379764
24.252955729166743	140.9239946379764
24.352955729166744	141.0224146379764
24.452955729166746	141.1208346379764
24.552955729166747	141.2192546379764
24.65295572916675	141.3176746379764
24.75295572916675	141.4160946379764
24.85295572916675	141.51451463797642
24.952955729166753	141.61293463797642
25.052955729166754	141.71135463797643
25.152955729166756	141.80977463797643
25.23	141.96142858068458
179769313486231570000000000000000000000000000000000000000000000000000000000000000000000000000000000000000000000000000000000000000000000000000000000000000000000000000000000000000000000000000000000000000000000000000000000000000000000000000000000000000000000000000000000000000000000000000000000000000000000000000	141.96142858068458
