-179769313486231570000000000000000000000000000000000000000000000000000000000000000000000000000000000000000000000000000000000000000000000000000000000000000000000000000000000000000000000000000000000000000000000000000000000000000000000000000000000000000000000000000000000000000000000000000000000000000000000000000	0
5.868659313831449	0
5.871992647164782	0.00008153749668857435
5.875325980498115	0.0002354962153445771
5.880325980498115	0.0005972180068382546
5.887825980498115	0.0014340640494757047
5.899075980498115	0.0033514256630751095
5.915950980498115	0.007717820979339057
5.941263480498115	0.017622979194576394
5.979232230498115	0.03962485832352132
6.036185355498115	0.08803992699012593
6.1216150429981155	0.19287517542615176
6.221615042998115	0.3602957099269025
6.321615042998115	0.571399954919086
6.4216150429981145	0.822383373121148
6.521615042998114	1.1100429217152659
6.621615042998114	1.4319063016974696
6.721615042998113	1.7859483785971146
6.821615042998113	2.1701348673564946
6.921615042998113	2.582722028868446
7.021615042998112	3.022188285030999
7.121615042998112	3.487085593855328
7.221615042998112	3.9761794907363743
7.321615042998111	4.48831093888194
7.421615042998111	5.022449232049592
7.521615042998111	5.577540717711473
7.62161504299811	6.152591626638722
7.72161504299811	6.746721537415845
7.8216150429981095	7.359111278139739
7.921615042998109	7.98887717432632
8.021615042998109	8.635457792763093
8.121615042998108	9.297931495282347
8.221615042998108	9.97583014639342
8.321615042998108	10.668314129520226
8.421615042998107	11.375016825057166
8.521615042998107	12.095233467787926
8.621615042998107	12.828326959934659
8.721615042998106	13.573769861509117
8.821615042998106	14.331192272173343
8.921615042998106	15.10014864595027
9.021615042998105	15.880114215881957
9.121615042998105	16.670862210043055
9.221615042998105	17.471830511425658
9.321615042998104	18.282895809074276
9.421615042998104	19.103541971333197
9.521615042998103	19.933739597589348
9.621615042998103	20.773122842570082
9.721615042998103	21.62144495590183
9.821615042998102	22.47847448578552
9.921615042998102	23.34397753125505
10.021615042998102	24.21771085702233
10.121615042998101	25.0995208344586
10.221615042998101	25.989126363174062
10.3216150429981	26.886303456463757
10.4216150429981	27.790839074639504
10.5216150429981	28.702507783234118
10.6216150429981	29.62112564152257
10.7216150429981	30.54644345282757
10.821615042998099	31.478205387956685
10.921615042998098	32.416224147878246
11.021615042998098	33.36023879569849
11.121615042998098	34.30999574089395
11.221615042998097	35.265293484340525
11.321615042998097	36.225838659642754
11.421615042998097	37.19138667751644
11.521615042998096	38.16169558830272
11.621615042998096	39.1364481498937
11.721615042998096	40.11541337119553
11.821615042998095	41.098295178721656
11.921615042998095	42.084763360467036
12.021615042998095	43.074603921823666
12.121615042998094	44.067459660182074
12.221615042998094	45.063010327445625
12.321615042998094	46.06093403669198
12.421615042998093	47.060912329826216
12.521615042998093	48.06260619961446
12.621615042998092	49.065671480627806
12.721615042998092	50.069729578623836
12.821615042998092	50.47256633010869
12.921615042998091	50.805566330054205
13.021615042998091	51.13856632999972
13.12161504299809	51.47156632994523
13.22161504299809	51.80456632989075
13.32161504299809	52.13756632983626
13.42161504299809	52.470566329781775
13.52161504299809	52.80356632972729
13.621615042998089	53.1365663296728
13.721615042998089	53.46956632961832
13.821615042998088	53.80256632956383
13.921615042998088	54.135566329509345
14.021615042998087	54.46856632945486
14.121615042998087	54.80156632940037
14.221615042998087	55.13456632934589
14.321615042998086	55.4675663292914
14.421615042998086	55.800566329236915
14.521615042998086	56.13356632918243
14.621615042998085	56.46656632912794
14.721615042998085	56.79956632907346
14.821615042998085	57.13256632901897
14.921615042998084	57.465566328964485
15.021615042998084	57.79856632891
15.121615042998084	58.13156632885551
15.221615042998083	58.46456632880103
15.321615042998083	58.79756632874654
15.421615042998083	59.130566328692055
15.521615042998082	59.46356632863757
15.621615042998082	59.79656632858308
15.721615042998081	60.1295663285286
15.821615042998081	60.46256632847411
15.92161504299808	60.795566328419625
16.021615042998082	61.128566328365146
16.121615042998084	61.46156632831067
16.221615042998085	61.79456632825619
16.321615042998086	62.12756632820171
16.421615042998088	62.46056632814723
16.52161504299809	62.79356632809275
16.62161504299809	63.12656632803827
16.721615042998092	63.459566327983794
16.821615042998094	63.792566327929315
16.921615042998095	64.12556632787484
17.021615042998096	64.45856632782036
17.121615042998098	64.79156632776589
17.2216150429981	65.12456632771142
17.3216150429981	65.45756632765695
17.421615042998102	65.79056632760248
17.521615042998103	66.123566327548
17.621615042998105	66.45656632749353
17.721615042998106	66.78956632743906
17.821615042998108	67.12256632738459
17.92161504299811	67.45556632733012
18.02161504299811	67.78856632727565
18.121615042998112	68.12156632722117
18.221615042998113	68.4545663271667
18.321615042998115	68.78756632711223
18.421615042998116	69.12056632705776
18.521615042998118	69.45356632700329
18.62161504299812	69.78656632694882
18.72161504299812	70.11956632689434
18.821615042998122	70.45256632683987
18.921615042998123	70.7855663267854
19.021615042998125	71.11856632673093
19.121615042998126	71.45156632667646
19.221615042998128	71.78456632662198
19.32161504299813	72.11756632656751
19.42161504299813	72.45056632651304
19.521615042998132	72.78356632645857
19.621615042998133	73.1165663264041
19.721615042998135	73.44956632634963
19.821615042998136	73.78256632629515
19.921615042998138	74.11556632624068
20.02161504299814	74.44856632618621
20.12161504299814	74.78156632613174
20.221615042998142	75.11456632607727
20.321615042998143	75.4475663260228
20.421615042998145	75.78056632596832
20.521615042998146	76.11356632591385
20.621615042998148	76.44656632585938
20.72161504299815	76.77956632580491
20.82161504299815	77.11256632575044
20.921615042998152	77.44556632569596
21.021615042998153	77.77856632564149
21.121615042998155	78.11156632558702
21.221615042998156	78.44456632553255
21.321615042998157	78.77756632547808
21.42161504299816	79.1105663254236
21.52161504299816	79.44356632536913
21.62161504299816	79.77656632531466
21.721615042998163	80.10956632526019
21.821615042998165	80.44256632520572
21.921615042998166	80.77556632515125
22.021615042998167	81.10856632509677
22.12161504299817	81.4415663250423
22.22161504299817	81.77456632498783
22.32161504299817	82.10756632493336
22.421615042998173	82.44056632487889
22.521615042998175	82.77356632482442
22.621615042998176	83.10656632476994
22.721615042998177	83.43956632471547
22.82161504299818	83.772566324661
22.92161504299818	84.10556632460653
23.02161504299818	84.43856632455206
23.121615042998183	84.77156632449758
23.221615042998184	85.10456632444311
23.321615042998186	85.43756632438864
23.421615042998187	85.77056632433417
23.45	85.95961013793531
179769313486231570000000000000000000000000000000000000000000000000000000000000000000000000000000000000000000000000000000000000000000000000000000000000000000000000000000000000000000000000000000000000000000000000000000000000000000000000000000000000000000000000000000000000000000000000000000000000000000000000000	85.95961013793531
