-100000	0
-0.010010966730060744	0
-0.00667763339672741	0.0009365808576078976
-0.00167763339672741	0.014948498799481355
0.00582236660327259	0.083707922900783
0.01707236660327259	0.1883113624361206
0.03394736660327259	0.3476556928375432
0.05925986660327259	0.5908244256894372
0.09722861660327259	0.9626902273448024
0.15418174160327258	1.532626897971638
0.2396114291032726	2.4079907196560373
0.3396114291032726	3.4560560670672604
0.43961142910327256	4.523413772276535
0.5396114291032725	5.605970205039151
0.6396114291032725	6.700784424513912
0.7396114291032725	7.805600862935078
0.8396114291032725	8.918604952543498
0.9396114291032724	10.038289063119864
1.0396114291032725	11.163366724325032
1.1396114291032726	12.292686646407676
1.2396114291032727	13.424421603269206
1.3396114291032728	14.557910683254129
1.4396114291032729	15.693137525154887
1.539611429103273	16.830075005396104
1.639611429103273	17.968691751856724
1.7396114291032732	19.108955619854378
1.8396114291032732	20.250826839597494
1.9396114291032733	21.39427025251664
2.039611429103273	22.53924212583816
2.1396114291032733	23.685701684530493
2.2396114291032734	24.833604829591206
2.3396114291032735	25.982908703695532
2.4396114291032736	27.133569483428968
2.5396114291032736	28.28554502353336
2.6396114291032737	29.438799021072864
2.739611429103274	30.593281153626172
2.839611429103274	31.748942402686477
2.939611429103274	32.90573724937197
3.039611429103274	34.06362291454149
3.139611429103274	35.22255572145148
3.2396114291032743	36.382493069954464
3.3396114291032744	37.5433933926859
3.4396114291032744	38.70521369041446
3.5396114291032745	39.867915749934895
3.6396114291032746	41.031459537006995
3.7396114291032747	42.195806610630335
3.839611429103275	43.36091838304999
3.939611429103275	44.526759069298514
4.0396114291032745	45.69329253611045
4.139611429103274	46.86048500366398
4.239611429103274	48.028301049883126
4.3396114291032735	49.19670897187143
4.439611429103273	50.36567685074938
4.539611429103273	51.53517534862932
4.639611429103272	52.70517137473882
4.739611429103272	53.87563948258964
4.839611429103272	55.046550697346824
4.939611429103271	56.2178801133249
5.039611429103271	57.38960049585121
5.139611429103271	58.561687418085015
5.23961142910327	59.73412039597917
5.33961142910327	60.9068721032664
5.43961142910327	62.07992390390774
5.539611429103269	63.25325572135237
5.639611429103269	64.42684569060401
5.7396114291032685	65.60067525154099
5.839611429103268	66.77472827653382
5.939611429103268	67.94898611501726
6.039611429103267	69.12343138014111
6.139611429103267	70.29805163744564
6.239611429103267	71.47282955214844
6.339611429103266	72.64775232425066
6.439611429103266	73.82280823799961
6.539611429103266	74.99798202148514
6.639611429103265	76.17326278084312
6.739611429103265	77.34863997034758
6.839611429103265	78.52410665437836
6.939611429103264	79.69964857441295
7.039611429103264	80.87525807992039
7.1396114291032635	82.05092876610308
7.239611429103263	83.22665127840015
7.339611429103263	84.40241911349453
7.4396114291032625	85.57822685628653
7.539611429103262	86.7540679070557
7.639611429103262	87.92993643843853
7.739611429103261	89.10582860313183
7.839611429103261	90.2817399303065
7.939611429103261	91.45766593827697
8.03961142910326	92.63360417963031
8.13961142910326	93.80955043481981
8.23961142910326	94.98550224107483
8.33961142910326	96.16145987677403
8.439611429103259	97.33742009945331
8.539611429103259	98.51338212303538
8.639611429103258	99.68934443993433
8.739611429103258	100.86530752597201
8.839611429103257	102.04127056292275
8.939611429103257	103.21723327279172
9.039611429103257	104.39319602939011
9.139611429103256	105.56915813514047
9.239611429103256	106.74512131891098
9.339611429103256	107.92108459622135
9.439611429103255	109.09705071350966
9.539611429103255	110.27301720528696
9.639611429103255	111.4489854152528
9.739611429103254	112.62495712723087
9.839611429103254	113.80092925356304
9.939611429103254	114.97690135628221
10.039611429103253	116.15287583831136
10.139611429103253	117.32885174045637
10.239611429103253	118.50482776176773
10.339611429103252	119.68080514903076
10.439611429103252	120.85678439039279
10.539611429103251	122.03276452407411
10.639611429103251	123.20874568912657
10.73961142910325	124.38472871021209
10.83961142910325	125.56071245255755
10.93961142910325	126.73669736872769
11.03961142910325	127.91268345871447
11.13961142910325	129.08867072251246
11.239611429103249	130.11412773914515
11.339611429103249	131.09152818224635
11.439611429103248	132.06893067546324
11.539611429103248	133.04633447874855
11.639611429103248	134.02373885665665
11.739611429103247	135.00114440821025
11.839611429103247	135.9785511334325
11.939611429103246	136.9559590323415
12.039611429103246	137.9593412084397
12.139611429103246	138.96573580052876
12.239611429103245	139.9721315664646
12.339611429103245	140.97852850622502
12.439611429103245	141.98492624802137
12.539611429103244	142.9913251510587
12.56	143.1965189487697
1000012.56	143.1965189487697
