-100000	0
-0.009651048625769931	0
-0.006317715292436597	0.000814526975139674
-0.0013177152924365972	0.018212495583682882
0.0061822847075634025	0.0889621082020413
0.017432284707563403	0.19649591838244618
0.034307284707563404	0.36013649093625205
0.059619784707563406	0.6095704519005781
0.0975885347075634	0.9905109938910437
0.1545416597075634	1.573475728265822
0.2399713472075634	2.4673175607667717
0.3399713472075634	3.535667076105267
0.43997134720756337	4.622062944940054
0.5399713472075633	5.722538643587936
0.6399713472075633	6.834229924397247
0.7399713472075633	7.9549402786165935
0.8399713472075633	9.082903485077772
0.9399713472075633	10.21662118246096
1.0399713472075633	11.354845595983088
1.1399713472075634	12.49642894295563
1.2399713472075635	13.63977133134789
1.3399713472075636	14.784388617781822
1.4399713472075637	15.930266548351472
1.5399713472075638	17.07738540318394
1.6399713472075639	18.225714482997795
1.739971347207564	19.37524054029817
1.839971347207564	20.525926267346907
1.9399713472075641	21.67774148003051
2.039971347207564	22.830661023433773
2.139971347207564	23.984655581054408
2.239971347207564	25.139695390003247
2.3399713472075643	26.295744086705167
2.4399713472075644	27.452771264394244
2.5399713472075645	28.610746042720386
2.6399713472075645	29.769632505391506
2.7399713472075646	30.92940342694563
2.8399713472075647	32.09002470629175
2.939971347207565	33.25146279764161
3.039971347207565	34.41368629443551
3.139971347207565	35.57666502486273
3.239971347207565	36.740367996458886
3.339971347207565	37.904765885045954
3.4399713472075653	39.069829179068755
3.5399713472075653	40.23552558830109
3.6399713472075654	41.401827080703285
3.7399713472075655	42.568710991721325
3.8399713472075656	43.736145983652676
3.9399713472075657	44.904107482748294
4.039971347207565	46.07256567923683
4.139971347207565	47.24149996724434
4.239971347207565	48.41088625711076
4.339971347207564	49.580699704803635
4.439971347207564	50.75091482180348
4.539971347207564	51.92151446214233
4.639971347207563	53.09247598636475
4.739971347207563	54.263778626280406
4.8399713472075625	55.43539925943617
4.939971347207562	56.60732758742666
5.039971347207562	57.77953972866826
5.139971347207561	58.95201535914788
5.239971347207561	60.12474499812883
5.339971347207561	61.2977135843054
5.43997134720756	62.470897306898664
5.53997134720756	63.644288446116555
5.63997134720756	64.81787470112225
5.739971347207559	65.9916337661112
5.839971347207559	67.16556652137942
5.939971347207559	68.33965335016221
6.039971347207558	69.51387983326133
6.139971347207558	70.68824807146954
6.2399713472075575	71.86273795112238
6.339971347207557	73.03734084606886
6.439971347207557	74.21205425985715
6.5399713472075565	75.38686589767295
6.639971347207556	76.56176628077189
6.739971347207556	77.73675426965096
6.839971347207555	78.91182072709854
6.939971347207555	80.08695714925457
7.039971347207555	81.26216196002675
7.139971347207554	82.43742918276187
7.239971347207554	83.61275058789464
7.339971347207554	84.78812785339794
7.439971347207553	85.96355343265591
7.539971347207553	87.13902324605291
7.6399713472075526	88.3145380753096
7.739971347207552	89.49009132825991
7.839971347207552	90.6656811863486
7.9399713472075515	91.84130403004504
8.039971347207551	93.01696157256046
8.13997134720755	94.19264548447767
8.23997134720755	95.36835995640763
8.33997134720755	96.54410456400126
8.43997134720755	97.71987046657722
8.53997134720755	98.895663193935
8.639971347207549	100.07148197040506
8.739971347207549	101.24731964035895
8.839971347207548	102.4231803256255
8.939971347207548	103.59906134375639
9.039971347207548	104.77495723290167
9.139971347207547	105.95086847202997
9.239971347207547	107.12679588045815
9.339971347207547	108.30273610607296
9.439971347207546	109.47869251343376
9.539971347207546	110.65465523980603
9.639971347207545	111.83062232110217
9.739971347207545	113.00659688791691
9.839971347207545	114.18257081316438
9.939971347207544	115.35854155264538
10.039971347207544	116.53451837727584
10.139971347207544	117.71049677426485
10.239971347207543	118.88647664437283
10.339971347207543	120.06245541894957
10.439971347207543	121.23843591813099
10.539971347207542	122.4144179374419
10.639971347207542	123.59040233637467
10.739971347207542	124.76638906668471
10.839971347207541	125.94237475879031
10.93997134720754	127.11836174726972
11.03997134720754	128.2943495251369
11.13997134720754	129.47034036023388
11.23997134720754	130.49508477442876
11.33997134720754	131.47248897234405
11.439971347207539	132.44989413372187
11.539971347207539	133.42730040910098
11.639971347207538	134.4047042791252
11.739971347207538	135.38211224761676
11.839971347207538	136.3595211791353
11.939971347207537	137.33693107354821
12.039971347207537	138.34041839204082
12.139971347207537	139.3468132777288
12.239971347207536	140.35321045207922
12.339971347207536	141.3596086859884
12.439971347207536	142.36600671355086
12.539971347207535	143.37240528939958
12.56	143.57397379404543
1000012.56	143.57397379404543
