-179769313486231570000000000000000000000000000000000000000000000000000000000000000000000000000000000000000000000000000000000000000000000000000000000000000000000000000000000000000000000000000000000000000000000000000000000000000000000000000000000000000000000000000000000000000000000000000000000000000000000000000	0
5.868665284109298	0
5.871998617442631	0.0000007466378942980531
5.876998617442631	0.000007975442815014856
5.884498617442631	0.000045777379550257955
5.8957486174426315	0.00020519062647624865
5.912623617442631	0.0008181819212690754
5.937936117442631	0.003061724913707676
5.975904867442631	0.010976700571844668
6.032857992442631	0.03781570831469476
6.118287679942631	0.11723715783698732
6.21828767994263	0.282968417058587
6.31828767994263	0.533947121216712
6.41828767994263	0.8554048578616941
6.518287679942629	1.2410533433049626
6.618287679942629	1.6858712045281337
6.7182876799426285	2.185729319281777
6.818287679942628	2.7370820758591483
6.918287679942628	3.336850297831493
7.0182876799426275	3.9822488480031026
7.118287679942627	4.670842404088117
7.218287679942627	5.400496701133117
7.318287679942626	6.169142011000767
7.418287679942626	6.974849514020526
7.518287679942626	7.81598193662443
7.618287679942625	8.690947463293615
7.718287679942625	9.598191036093688
7.818287679942625	10.536314482650198
7.918287679942624	11.50389039460078
8.018287679942624	12.499716036628099
8.118287679942624	13.522569964529808
8.218287679942623	14.571333352729855
8.318287679942623	15.644919830945602
8.418287679942623	16.742337132631587
8.518287679942622	17.862719951296057
8.618287679942622	19.005010745793573
8.718287679942621	20.16826808254666
8.818287679942621	21.351725662446132
8.91828767994262	22.554664528366732
9.01828767994262	23.77626274632551
9.11828767994262	25.01590459414451
9.21828767994262	26.27297997689302
9.31828767994262	27.54692994348761
9.418287679942619	28.837222857131692
9.518287679942619	30.14339770265832
9.618287679942618	31.46507638339553
9.718287679942618	32.80179133994691
9.818287679942618	34.15313503839812
9.918287679942617	35.51870546098776
10.018287679942617	36.89813381164346
10.118287679942616	38.29105116995925
10.218287679942616	39.69710218523645
10.318287679942616	41.11593369418406
10.418287679942615	42.54720105348038
10.518287679942615	43.9905074767588
10.618287679942615	45.44550192224155
10.718287679942614	46.91185506544505
10.818287679942614	48.38919534742837
10.918287679942614	49.877165095535545
11.018287679942613	51.37539047351335
11.118287679942613	52.883490910226215
11.218287679942613	54.401091833940754
11.318287679942612	55.927787916159865
11.418287679942612	57.46317899501024
11.518287679942611	59.00685514089177
11.618287679942611	60.55836925544504
11.71828767994261	62.11728816381398
11.81828767994261	63.68315161660097
11.91828767994261	65.25546838075051
12.01828767994261	66.83377274795897
12.11828767994261	68.41757067896908
12.218287679942609	70.00631716461321
12.318287679942609	71.59945931789673
12.418287679942608	73.19644924243586
12.518287679942608	74.79671992353249
12.618287679942608	76.39968208749737
12.718287679942607	78.00473951333973
12.818287679942607	78.9457994717554
12.918287679942607	79.08388206023474
13.018287679942606	79.08388206023636
13.118287679942606	79.08388206023798
13.218287679942605	79.0838820602396
13.318287679942605	79.08388206024122
13.418287679942605	79.08388206024284
13.518287679942604	79.08388206024446
13.618287679942604	79.08388206024608
13.718287679942604	79.0838820602477
13.818287679942603	79.08388206024931
13.918287679942603	79.0838820602509
14.018287679942603	79.08388206025249
14.118287679942602	79.08388206025408
14.218287679942602	79.08388206025568
14.318287679942602	79.08388206025727
14.418287679942601	79.08388206025886
14.5182876799426	79.08388206026044
14.6182876799426	79.083882060262
14.7182876799426	79.08388206026356
14.8182876799426	79.08388206026513
14.9182876799426	79.08388206026669
15.018287679942599	79.08388206026825
15.118287679942599	79.0838820602698
15.218287679942598	79.08388206027134
15.318287679942598	79.08388206027287
15.418287679942598	79.0838820602744
15.518287679942597	79.08388206027593
15.618287679942597	79.08388206027743
15.718287679942597	79.08388206027894
15.818287679942596	79.08388206028043
15.918287679942596	79.08388206028191
16.018287679942596	79.08388206028339
16.118287679942597	79.08388206028485
16.2182876799426	79.0838820602863
16.3182876799426	79.08388206028775
16.4182876799426	79.08388206028918
16.518287679942603	79.0838820602906
16.618287679942604	79.08388206029203
16.718287679942605	79.08388206029343
16.818287679942607	79.08388206029483
16.91828767994261	79.08388206029622
17.01828767994261	79.0838820602976
17.11828767994261	79.08388206029896
17.218287679942613	79.08388206030031
17.318287679942614	79.08388206030165
17.418287679942615	79.08388206030297
17.518287679942617	79.08388206030428
17.61828767994262	79.08388206030557
17.71828767994262	79.08388206030685
17.81828767994262	79.08388206030811
17.918287679942623	79.08388206030936
18.018287679942624	79.0838820603106
18.118287679942625	79.08388206031182
18.218287679942627	79.08388206031303
18.318287679942628	79.08388206031422
18.41828767994263	79.0838820603154
18.51828767994263	79.08388206031657
18.618287679942632	79.08388206031772
18.718287679942634	79.08388206031886
18.818287679942635	79.08388206031998
18.918287679942637	79.08388206032107
19.018287679942638	79.08388206032215
19.11828767994264	79.08388206032322
19.21828767994264	79.08388206032426
19.318287679942642	79.08388206032528
19.418287679942644	79.08388206032629
19.518287679942645	79.08388206032727
19.618287679942647	79.08388206032824
19.718287679942648	79.08388206032919
19.81828767994265	79.08388206033011
19.91828767994265	79.08388206033102
20.018287679942652	79.08388206033192
20.118287679942654	79.08388206033278
20.218287679942655	79.08388206033364
20.318287679942657	79.08388206033447
20.418287679942658	79.08388206033528
20.51828767994266	79.08388206033607
20.61828767994266	79.08388206033683
20.718287679942662	79.08388206033759
20.818287679942664	79.08388206033831
20.918287679942665	79.08388206033901
21.018287679942667	79.08388206033968
21.118287679942668	79.08388206034033
21.21828767994267	79.08388206034097
21.31828767994267	79.08388206034158
21.418287679942672	79.08388206034216
21.518287679942674	79.08388206034272
21.618287679942675	79.08388206034324
21.718287679942677	79.08388206034374
21.818287679942678	79.08388206034421
21.91828767994268	79.08388206034466
22.01828767994268	79.0838820603451
22.118287679942682	79.08388206034552
22.218287679942684	79.0838820603459
22.318287679942685	79.08388206034626
22.418287679942686	79.08388206034658
22.518287679942688	79.08388206034688
22.61828767994269	79.08388206034715
22.71828767994269	79.08388206034739
22.818287679942692	79.0838820603476
22.918287679942694	79.08388206034779
23.018287679942695	79.08388206034795
23.118287679942696	79.08388206034807
23.218287679942698	79.08388206034817
23.3182876799427	79.08388206034824
23.4182876799427	79.08388206034829
23.45	79.0838820603483
179769313486231570000000000000000000000000000000000000000000000000000000000000000000000000000000000000000000000000000000000000000000000000000000000000000000000000000000000000000000000000000000000000000000000000000000000000000000000000000000000000000000000000000000000000000000000000000000000000000000000000000	79.0838820603483
