-179769313486231570000000000000000000000000000000000000000000000000000000000000000000000000000000000000000000000000000000000000000000000000000000000000000000000000000000000000000000000000000000000000000000000000000000000000000000000000000000000000000000000000000000000000000000000000000000000000000000000000000	0
5.868658856165123	0
5.871992189498456	0.0000815373606567243
5.875325522831789	0.00023549608292880388
5.8803255228317886	0.0005972178798418885
5.887825522831789	0.001434063930597604
5.899075522831789	0.0033514255563496247
5.915950522831789	0.007717821002043034
5.941263022831789	0.01762298084125069
5.979231772831789	0.03962486406317484
6.036184897831789	0.08803994048568078
6.121614585331789	0.19287520664960087
6.221614585331789	0.360295771506255
6.321614585331789	0.5714000549633729
6.421614585331788	0.8223835193337514
6.521614585331788	1.1100431189156588
6.621614585331788	1.4319065558331943
6.721614585331787	1.7859486952322963
6.821614585331787	2.17013524886748
6.9216145853317865	2.5827224786444556
7.021614585331786	3.022188807552798
7.121614585331786	3.4870861912659423
7.2216145853317855	3.9761801661604275
7.321614585331785	4.488311695204825
7.421614585331785	5.022450071590285
7.521614585331784	5.57754164281892
7.621614585331784	6.152592639765957
7.721614585331784	6.746722639094587
7.821614585331783	7.359112469292089
7.921614585331783	7.988878457637941
8.021614585331783	8.635459168581184
8.121614585331782	9.297932965246444
8.221614585331782	9.975831711337234
8.321614585331782	10.668315790343717
8.421614585331781	11.375018582177972
8.52161458533178	12.095235322314533
8.62161458533178	12.82832891335756
8.72161458533178	13.573771911968809
8.82161458533178	14.33119442237567
8.92161458533178	15.100150894470817
9.021614585331779	15.880116564365748
9.121614585331779	16.67086465797513
9.221614585331778	17.471833059105176
9.321614585331778	18.282898456786125
9.421614585331778	19.10354471838918
9.521614585331777	19.933742444043816
9.621614585331777	20.773125787867777
9.721614585331777	21.621447999829922
9.821614585331776	22.478477629140084
9.921614585331776	23.343980771979435
10.021614585331776	24.21771419564609
10.121614585331775	25.09952426986088
10.221614585331775	25.989129895180643
10.321614585331774	26.886307085220672
10.421614585331774	27.79084279990866
10.521614585331774	28.702511605626224
10.621614585331773	29.621129561401688
10.721614585331773	30.546447469923677
10.821614585331773	31.47820950179664
10.921614585331772	32.416228358040804
11.021614585331772	33.36024310188606
11.121614585331772	34.3100001425156
11.221614585331771	35.2652979810055
11.321614585331771	36.22584324877994
11.42161458533177	37.191391356900944
11.52161458533177	38.16170035769966
11.62161458533177	39.13645300903986
11.72161458533177	40.11541831973355
11.82161458533177	41.09830021652636
11.921614585331769	42.08476848741758
12.021614585331768	43.07460913761814
12.121614585331768	44.06746496479289
12.221614585331768	45.063015721047705
12.321614585331767	46.06093951956905
12.421614585331767	47.0609179023367
12.521614585331767	48.06261186224889
12.621614585331766	49.065677234143266
12.721614585331766	50.06973542481063
12.821614585331766	50.47257510922237
12.921614585331765	50.80557510927266
13.021614585331765	51.13857510932295
13.121614585331765	51.47157510937324
13.221614585331764	51.80457510942353
13.321614585331764	52.13757510947382
13.421614585331763	52.47057510952411
13.521614585331763	52.8035751095744
13.621614585331763	53.136575109624694
13.721614585331762	53.469575109674985
13.821614585331762	53.802575109725275
13.921614585331762	54.135575109775566
14.021614585331761	54.468575109825856
14.121614585331761	54.80157510987615
14.22161458533176	55.13457510992644
14.32161458533176	55.46757510997673
14.42161458533176	55.80057511002702
14.52161458533176	56.13357511007731
14.62161458533176	56.4665751101276
14.721614585331759	56.79957511017789
14.821614585331758	57.13257511022818
14.921614585331758	57.46557511027847
15.021614585331758	57.79857511032876
15.121614585331757	58.13157511037905
15.221614585331757	58.464575110429344
15.321614585331757	58.797575110479634
15.421614585331756	59.130575110529925
15.521614585331756	59.463575110580216
15.621614585331756	59.796575110630506
15.721614585331755	60.1295751106808
15.821614585331755	60.46257511073109
15.921614585331755	60.79557511078138
16.021614585331754	61.12857511083167
16.121614585331756	61.46157511088197
16.221614585331757	61.794575110932264
16.32161458533176	62.12757511098256
16.42161458533176	62.46057511103286
16.52161458533176	62.79357511108316
16.621614585331763	63.126575111133455
16.721614585331764	63.45957511118375
16.821614585331766	63.79257511123405
16.921614585331767	64.12557511128435
17.02161458533177	64.45857511133464
17.12161458533177	64.79157511138493
17.22161458533177	65.12457511143522
17.321614585331773	65.45757511148551
17.421614585331774	65.7905751115358
17.521614585331776	66.12357511158609
17.621614585331777	66.45657511163638
17.72161458533178	66.78957511168667
17.82161458533178	67.12257511173696
17.92161458533178	67.45557511178725
18.021614585331783	67.78857511183755
18.121614585331784	68.12157511188784
18.221614585331785	68.45457511193813
18.321614585331787	68.78757511198842
18.42161458533179	69.12057511203871
18.52161458533179	69.453575112089
18.62161458533179	69.78657511213929
18.721614585331793	70.11957511218958
18.821614585331794	70.45257511223987
18.921614585331795	70.78557511229016
19.021614585331797	71.11857511234045
19.1216145853318	71.45157511239074
19.2216145853318	71.78457511244103
19.3216145853318	72.11757511249132
19.421614585331803	72.45057511254161
19.521614585331804	72.7835751125919
19.621614585331805	73.1165751126422
19.721614585331807	73.44957511269249
19.821614585331808	73.78257511274278
19.92161458533181	74.11557511279307
20.02161458533181	74.44857511284336
20.121614585331812	74.78157511289365
20.221614585331814	75.11457511294394
20.321614585331815	75.44757511299423
20.421614585331817	75.78057511304452
20.521614585331818	76.11357511309481
20.62161458533182	76.4465751131451
20.72161458533182	76.77957511319539
20.821614585331822	77.11257511324568
20.921614585331824	77.44557511329597
21.021614585331825	77.77857511334626
21.121614585331827	78.11157511339655
21.221614585331828	78.44457511344685
21.32161458533183	78.77757511349714
21.42161458533183	79.11057511354743
21.521614585331832	79.44357511359772
21.621614585331834	79.77657511364801
21.721614585331835	80.1095751136983
21.821614585331837	80.44257511374859
21.921614585331838	80.77557511379888
22.02161458533184	81.10857511384917
22.12161458533184	81.44157511389946
22.221614585331842	81.77457511394975
22.321614585331844	82.10757511400004
22.421614585331845	82.44057511405033
22.521614585331847	82.77357511410062
22.621614585331848	83.10657511415091
22.72161458533185	83.4395751142012
22.82161458533185	83.7725751142515
22.921614585331852	84.10557511430179
23.021614585331854	84.43857511435208
23.121614585331855	84.77157511440237
23.221614585331857	85.10457511445266
23.321614585331858	85.43757511450295
23.42161458533186	85.77057511455324
23.45	85.9596219762716
179769313486231570000000000000000000000000000000000000000000000000000000000000000000000000000000000000000000000000000000000000000000000000000000000000000000000000000000000000000000000000000000000000000000000000000000000000000000000000000000000000000000000000000000000000000000000000000000000000000000000000000	85.9596219762716
