-179769313486231570000000000000000000000000000000000000000000000000000000000000000000000000000000000000000000000000000000000000000000000000000000000000000000000000000000000000000000000000000000000000000000000000000000000000000000000000000000000000000000000000000000000000000000000000000000000000000000000000000	0
-0.0000000000000004895748934247195	0
0.003333333333332844	0.03086755508355767
0.008333333333332844	0.10879510157028549
0.015833333333332845	0.22739444483972931
0.027083333333332845	0.4077305663164403
0.04395833333333285	0.6822545595305599
0.06927083333333285	1.100852623988515
0.10723958333333286	1.7403130510166505
0.16419270833333288	2.719100902837141
0.2496223958333329	4.220165931568159
0.3496223958333329	6.216052764511877
0.44962239583333286	8.408759563732852
0.5496223958333328	10.634503430829849
0.6496223958333328	12.885793535558873
0.7496223958333328	15.157084747134952
0.8496223958333328	17.444133172494745
0.9496223958333327	19.74350492590574
1.0496223958333328	22.05229849600287
1.149622395833333	24.36794617517843
1.249622395833333	26.687625420673726
1.349622395833333	29.009219899996246
1.4496223958333332	31.33207066035835
1.5496223958333333	33.65582047504668
1.6496223958333334	35.980268822907036
1.7496223958333335	38.305431979324474
1.8496223958333335	40.63134524850603
1.9496223958333336	42.958040624281125
2.0496223958333335	45.28547743319016
2.1496223958333336	47.61362377900109
2.2496223958333337	49.942509275730984
2.3496223958333338	52.27217288999199
2.449622395833334	54.60259722455312
2.549622395833334	56.93371116232228
2.649622395833334	59.26550709088755
2.749622395833334	61.59799715927012
2.849622395833334	63.93117884367095
2.9496223958333343	66.26502546516144
3.0496223958333344	68.59953515100032
3.1496223958333345	70.93467640342404
3.2496223958333346	73.27040900594066
3.3496223958333347	75.60673241385962
3.4496223958333347	77.94364605364642
3.549622395833335	80.28114048264027
3.649622395833335	82.61919833782429
3.749622395833335	84.9578008256201
3.849622395833335	87.296903596855
3.949622395833335	89.63649490476732
4.049622395833335	91.9765724649958
4.149622395833335	94.31711424851733
4.249622395833335	96.65810913774854
4.349622395833334	98.99954807118922
4.449622395833334	101.34140925370731
4.5496223958333335	103.68366617296131
4.649622395833333	106.0262886931221
4.749622395833333	108.36925178034619
4.849622395833332	110.71255028187512
4.949622395833332	113.05617197343787
5.049622395833332	115.40008194495293
5.149622395833331	117.74424045214802
5.249622395833331	120.08864227993986
5.349622395833331	122.43331794320059
5.44962239583333	124.7782567792926
5.54962239583333	127.1234297616978
5.64962239583333	129.46881485607855
5.749622395833329	131.81438456669048
5.849622395833329	134.1601210987262
5.9496223958333285	136.5060158240473
6.049622395833328	138.85206655071005
6.149622395833328	141.19826460443247
6.2496223958333275	143.54458490138893
6.349622395833327	145.89101655338254
6.449622395833327	148.23758015879045
6.549622395833326	150.58426025027876
6.649622395833326	152.93102739034452
6.749622395833326	155.27787350593846
6.849622395833325	157.6247839809358
6.949622395833325	159.9717498211108
7.049622395833325	162.3187574446038
7.149622395833324	164.66579013017423
7.249622395833324	167.01284107500516
7.3496223958333236	169.35990907040159
7.449622395833323	171.70699411455604
7.549622395833323	174.05409620746852
7.6496223958333225	176.40121534913902
7.749622395833322	178.74835154842845
7.849622395833322	181.09550510277413
7.949622395833321	183.44267691912358
8.049622395833321	185.7898682400064
8.14962239583332	188.13708000886857
8.24962239583332	190.48431255837912
8.34962239583332	192.8315659019244
8.44962239583332	195.17884034534342
8.54962239583332	197.52613753988402
8.649622395833319	199.87345944262296
8.749622395833319	202.22080666970382
8.849622395833318	204.5681609337052
8.949622395833318	206.9154790815887
9.049622395833318	209.26276396855653
9.149622395833317	211.6100450277403
9.249622395833317	213.95732502958438
9.349622395833316	216.30460502958434
9.449622395833316	218.6518850295843
9.549622395833316	220.99916502958425
9.649622395833315	223.3464450295842
9.749622395833315	225.69372502958416
9.849622395833315	228.0410050295841
9.949622395833314	230.38828502958407
10.049622395833314	232.73556502958402
10.149622395833314	235.08284502958398
10.249622395833313	237.43012502958393
10.349622395833313	239.7774050295839
10.449622395833313	242.12468502958384
10.549622395833312	244.4719650295838
10.649622395833312	246.81924502958375
10.749622395833311	249.1665250295837
10.849622395833311	251.51380502958366
10.94962239583331	253.86108502958362
11.04962239583331	256.2083650295836
11.14962239583331	258.55564502958356
11.24962239583331	260.73438590562523
11.34962239583331	262.7162867816669
11.449622395833309	264.66988678166683
11.549622395833309	266.62348678166677
11.649622395833308	268.5770867816667
11.749622395833308	270.53068678166665
11.849622395833308	272.4842867816666
11.949622395833307	274.4378867816665
12.049622395833307	276.42097501083316
12.149622395833306	278.4336632399998
12.249622395833306	280.4464632399998
12.349622395833306	282.45926323999976
12.449622395833305	284.4720632399997
12.549622395833305	286.4848632399997
12.649622395833305	287.5957034483333
12.749622395833304	287.70014365666697
12.849622395833304	287.70014365666697
12.949622395833304	287.70014365666697
13.049622395833303	287.70014365666697
13.149622395833303	287.70014365666697
13.249622395833303	287.70014365666697
13.349622395833302	287.70014365666697
13.449622395833302	287.70014365666697
13.549622395833302	287.70014365666697
13.649622395833301	287.70014365666697
13.7496223958333	287.70014365666697
13.8496223958333	287.70014365666697
13.9496223958333	287.70014365666697
14.0496223958333	287.70014365666697
14.1496223958333	287.70014365666697
14.249622395833299	287.70014365666697
14.349622395833299	287.70014365666697
14.449622395833298	287.70014365666697
14.549622395833298	287.70014365666697
14.649622395833298	287.70014365666697
14.749622395833297	287.70014365666697
14.849622395833297	287.70014365666697
14.949622395833297	287.70014365666697
15.049622395833296	287.70014365666697
15.149622395833296	287.70014365666697
15.249622395833295	287.70014365666697
15.349622395833295	287.70014365666697
15.449622395833295	287.70014365666697
15.549622395833294	287.70014365666697
15.649622395833294	287.70014365666697
15.749622395833294	287.70014365666697
15.849622395833293	287.70014365666697
15.949622395833293	287.70014365666697
16.049622395833293	287.70014365666697
16.149622395833294	287.70014365666697
16.249622395833295	287.70014365666697
16.349622395833297	287.70014365666697
16.4496223958333	287.70014365666697
16.5496223958333	287.70014365666697
16.6496223958333	287.70014365666697
16.749622395833303	287.70014365666697
16.849622395833304	287.70014365666697
16.949622395833305	287.70014365666697
17.049622395833307	287.70014365666697
17.14962239583331	287.70014365666697
17.24962239583331	287.70014365666697
17.34962239583331	287.70014365666697
17.449622395833313	287.70014365666697
17.549622395833314	287.70014365666697
17.649622395833315	287.70014365666697
17.749622395833317	287.70014365666697
17.849622395833318	287.70014365666697
17.94962239583332	287.70014365666697
18.04962239583332	287.70014365666697
18.149622395833322	287.70014365666697
18.249622395833324	287.70014365666697
18.349622395833325	287.70014365666697
18.449622395833327	287.70014365666697
18.549622395833328	287.70014365666697
18.64962239583333	287.70014365666697
18.74962239583333	287.70014365666697
18.849622395833332	287.70014365666697
18.949622395833334	287.70014365666697
19.049622395833335	287.70014365666697
19.149622395833337	287.70014365666697
19.249622395833338	287.70014365666697
19.34962239583334	287.70014365666697
19.44962239583334	287.70014365666697
19.549622395833342	287.70014365666697
19.649622395833344	287.70014365666697
19.749622395833345	287.70014365666697
19.849622395833347	287.70014365666697
19.949622395833348	287.70014365666697
20.04962239583335	287.70014365666697
20.14962239583335	287.70014365666697
20.249622395833352	287.70014365666697
20.349622395833354	287.70014365666697
20.449622395833355	287.70014365666697
20.549622395833357	287.70014365666697
20.649622395833358	287.70014365666697
20.74962239583336	287.70014365666697
20.84962239583336	287.70014365666697
20.949622395833362	287.70014365666697
21.049622395833364	287.70014365666697
21.149622395833365	287.70014365666697
21.249622395833367	287.70014365666697
21.349622395833368	287.70014365666697
21.44962239583337	287.70014365666697
21.54962239583337	287.70014365666697
21.649622395833372	287.70014365666697
21.749622395833374	287.70014365666697
21.849622395833375	287.70014365666697
21.949622395833376	287.70014365666697
22.049622395833378	287.70014365666697
22.14962239583338	287.70014365666697
22.24962239583338	287.70014365666697
22.349622395833382	287.70014365666697
22.449622395833384	287.70014365666697
22.549622395833385	287.70014365666697
22.649622395833386	287.70014365666697
22.749622395833388	287.70014365666697
22.84962239583339	287.70014365666697
22.94962239583339	287.70014365666697
23.049622395833392	287.70014365666697
23.149622395833394	287.70014365666697
23.249622395833395	287.70014365666697
23.349622395833396	287.70014365666697
23.449622395833398	287.70014365666697
23.5496223958334	287.70014365666697
23.6496223958334	287.70014365666697
23.749622395833402	287.70014365666697
23.849622395833403	287.70014365666697
23.949622395833405	287.75879835502167
24.049622395833406	287.91587305337634
24.149622395833408	288.1127130533763
24.24962239583341	288.30955305337625
24.34962239583341	288.5063930533762
24.449622395833412	288.70323305337615
24.549622395833413	288.9000730533761
24.649622395833415	289.09691305337606
24.749622395833416	289.293753053376
24.849622395833418	289.49059305337596
24.94962239583342	289.6874330533759
25.04962239583342	289.88427305337586
25.149622395833422	290.0811130533758
25.230131332082554	290.25864680490497
179769313486231570000000000000000000000000000000000000000000000000000000000000000000000000000000000000000000000000000000000000000000000000000000000000000000000000000000000000000000000000000000000000000000000000000000000000000000000000000000000000000000000000000000000000000000000000000000000000000000000000000	290.33776055643415
