-179769313486231570000000000000000000000000000000000000000000000000000000000000000000000000000000000000000000000000000000000000000000000000000000000000000000000000000000000000000000000000000000000000000000000000000000000000000000000000000000000000000000000000000000000000000000000000000000000000000000000000000	0
-0.0000000000000004939325483963979	0
0.0033333333333328396	0.03154482552128457
0.0066666666666661736	0.06352446499765366
0.011666666666666173	0.11192690105670974
0.019166666666666173	0.18532691065992163
0.030416666666666172	0.29672371138336995
0.04729166666666618	0.46607003617096393
0.07260416666666618	0.7240266230536627
0.11057291666666619	1.1177317479151128
0.16752604166666618	1.7197812166440967
0.2529557291666662	2.6421581747625336
0.3529557291666662	3.743490136639183
0.45295572916666615	4.86216593144306
0.5529557291666661	5.99411678289375
0.6529557291666661	7.136263154382929
0.7529557291666661	8.28637426910048
0.8529557291666661	9.442626899179146
0.952955729166666	10.60350939824546
1.052955729166666	11.767711106440437
1.152955729166666	12.934092607347496
1.2529557291666662	14.101284546934668
1.3529557291666663	15.268957864417178
1.4529557291666664	16.436973006684884
1.5529557291666665	17.605149724309598
1.6529557291666666	18.773486895167697
1.7529557291666666	19.94196843015524
1.8529557291666667	21.110615278201113
1.9529557291666668	22.279445115704718
2.052955729166667	23.44842978775147
2.152955729166667	24.61758037081094
2.252955729166667	25.786892809125998
2.352955729166667	26.956372709525393
2.4529557291666673	28.126037080117335
2.5529557291666674	29.295876298847613
2.6529557291666674	30.465878452067987
2.7529557291666675	31.636045070826167
2.8529557291666676	32.806379323972386
2.9529557291666677	33.976870710471935
3.052955729166668	35.147505259821315
3.152955729166668	36.318272263971586
3.252955729166668	37.489193169263295
3.352955729166668	38.660259254641424
3.452955729166668	39.83146247848201
3.5529557291666682	41.00278173967312
3.6529557291666683	42.174236890286565
3.7529557291666684	43.34582899875738
3.8529557291666685	44.51754047081952
3.9529557291666686	45.689373276920705
4.052955729166668	46.86132317445491
4.152955729166668	48.03338124488258
4.2529557291666675	49.20553760103348
4.352955729166667	50.377793320602414
4.452955729166667	51.550152561562406
4.5529557291666665	52.722607657129714
4.652955729166666	53.8951430136349
4.752955729166666	55.06775519628697
4.852955729166665	56.240459401447765
4.952955729166665	57.413237933491345
5.052955729166665	58.58608716112373
5.152955729166664	59.75900460011103
5.252955729166664	60.931983942107415
5.352955729166664	62.10502215498055
5.452955729166663	63.27811523952418
5.552955729166663	64.45126317283875
5.652955729166663	65.62446103437183
5.752955729166662	66.79770753297295
5.852955729166662	67.97099735460056
5.9529557291666615	69.14432603934594
6.052955729166661	70.31768919900071
6.152955729166661	71.49109089564641
6.25295572916666	72.6645382912386
6.35295572916666	73.83801973595455
6.45295572916666	75.01152433527038
6.552955729166659	76.18504335325186
6.652955729166659	77.35856924297909
6.752955729166659	78.53209592654862
6.852955729166658	79.70562261011816
6.952955729166658	80.87914929368769
7.052955729166658	82.05267619543875
7.152955729166657	83.22620441787788
7.252955729166657	84.39973528753107
7.3529557291666565	85.57327013092431
7.452955729166656	86.7468102745836
7.552955729166656	87.92035704503492
7.6529557291666555	89.09391172796667
7.752955729166655	90.26747491763881
7.852955729166655	91.44104663168996
7.952955729166654	92.61462687012012
8.052955729166655	93.78821564892614
8.152955729166655	94.96181330207986
8.252955729166654	96.13542045602858
8.352955729166654	97.30903772586569
8.452955729166653	98.48266538559831
8.552955729166653	99.6563035497315
8.652955729166653	100.82995333096584
8.752955729166652	102.00361571562628
8.852955729166652	103.17728319072444
8.952955729166652	104.35092595279038
9.052955729166651	105.52456619394391
9.152955729166651	106.69820619394392
9.25295572916665	107.87184619394392
9.35295572916665	109.04548619394393
9.45295572916665	110.21912619394394
9.55295572916665	111.39276619394394
9.65295572916665	112.56640619394395
9.752955729166649	113.74004619394395
9.852955729166649	114.91368619394396
9.952955729166648	116.08732619394397
10.052955729166648	117.26096619394397
10.152955729166647	118.43460619394398
10.252955729166647	119.60824619394398
10.352955729166647	120.78188619394399
10.452955729166646	121.955526193944
10.552955729166646	123.129166193944
10.652955729166646	124.30280619394401
10.752955729166645	125.47644619394401
10.852955729166645	126.65008619394402
10.952955729166645	127.82372619394403
11.052955729166644	128.99736619394403
11.152955729166644	130.17100619394404
11.252955729166644	131.16954573665242
11.352955729166643	132.14634573665242
11.452955729166643	133.12314573665242
11.552955729166642	134.09994573665242
11.652955729166642	135.0767457366524
11.752955729166642	136.0535457366524
11.852955729166641	137.0303457366524
11.952955729166641	138.00802063248574
12.05295572916664	139.01442063248572
12.15295572916664	140.0208206324857
12.25295572916664	141.0272206324857
12.35295572916664	142.03362063248568
12.45295572916664	143.04002063248566
12.552955729166639	144.04642063248565
12.652955729166639	144.1173141741526
12.752955729166638	144.1173141741526
12.852955729166638	144.1173141741526
12.952955729166638	144.1173141741526
13.052955729166637	144.1173141741526
13.152955729166637	144.1173141741526
13.252955729166636	144.1173141741526
13.352955729166636	144.1173141741526
13.452955729166636	144.1173141741526
13.552955729166635	144.1173141741526
13.652955729166635	144.1173141741526
13.752955729166635	144.1173141741526
13.852955729166634	144.1173141741526
13.952955729166634	144.1173141741526
14.052955729166634	144.1173141741526
14.152955729166633	144.1173141741526
14.252955729166633	144.1173141741526
14.352955729166633	144.1173141741526
14.452955729166632	144.1173141741526
14.552955729166632	144.1173141741526
14.652955729166631	144.1173141741526
14.752955729166631	144.1173141741526
14.85295572916663	144.1173141741526
14.95295572916663	144.1173141741526
15.05295572916663	144.1173141741526
15.15295572916663	144.1173141741526
15.25295572916663	144.1173141741526
15.352955729166629	144.1173141741526
15.452955729166629	144.1173141741526
15.552955729166628	144.1173141741526
15.652955729166628	144.1173141741526
15.752955729166628	144.1173141741526
15.852955729166627	144.1173141741526
15.952955729166627	144.1173141741526
16.052955729166626	144.1173141741526
16.152955729166628	144.1173141741526
16.25295572916663	144.1173141741526
16.35295572916663	144.1173141741526
16.452955729166632	144.1173141741526
16.552955729166634	144.1173141741526
16.652955729166635	144.1173141741526
16.752955729166636	144.1173141741526
16.852955729166638	144.1173141741526
16.95295572916664	144.1173141741526
17.05295572916664	144.1173141741526
17.152955729166642	144.1173141741526
17.252955729166644	144.1173141741526
17.352955729166645	144.1173141741526
17.452955729166646	144.1173141741526
17.552955729166648	144.1173141741526
17.65295572916665	144.1173141741526
17.75295572916665	144.1173141741526
17.852955729166652	144.1173141741526
17.952955729166653	144.1173141741526
18.052955729166655	144.1173141741526
18.152955729166656	144.1173141741526
18.252955729166658	144.1173141741526
18.35295572916666	144.1173141741526
18.45295572916666	144.1173141741526
18.552955729166662	144.1173141741526
18.652955729166663	144.1173141741526
18.752955729166665	144.1173141741526
18.852955729166666	144.1173141741526
18.952955729166668	144.1173141741526
19.05295572916667	144.1173141741526
19.15295572916667	144.1173141741526
19.252955729166672	144.1173141741526
19.352955729166673	144.1173141741526
19.452955729166675	144.1173141741526
19.552955729166676	144.1173141741526
19.652955729166678	144.1173141741526
19.75295572916668	144.1173141741526
19.85295572916668	144.1173141741526
19.952955729166682	144.1173141741526
20.052955729166683	144.1173141741526
20.152955729166685	144.1173141741526
20.252955729166686	144.1173141741526
20.352955729166688	144.1173141741526
20.45295572916669	144.1173141741526
20.55295572916669	144.1173141741526
20.652955729166692	144.1173141741526
20.752955729166693	144.1173141741526
20.852955729166695	144.1173141741526
20.952955729166696	144.1173141741526
21.052955729166698	144.1173141741526
21.1529557291667	144.1173141741526
21.2529557291667	144.1173141741526
21.352955729166702	144.1173141741526
21.452955729166703	144.1173141741526
21.552955729166705	144.1173141741526
21.652955729166706	144.1173141741526
21.752955729166707	144.1173141741526
21.85295572916671	144.1173141741526
21.95295572916671	144.1173141741526
22.05295572916671	144.1173141741526
22.152955729166713	144.1173141741526
22.252955729166715	144.1173141741526
22.352955729166716	144.1173141741526
22.452955729166717	144.1173141741526
22.55295572916672	144.1173141741526
22.65295572916672	144.1173141741526
22.75295572916672	144.1173141741526
22.852955729166723	144.1173141741526
22.952955729166725	144.1173141741526
23.052955729166726	144.1173141741526
23.152955729166727	144.1173141741526
23.25295572916673	144.1173141741526
23.35295572916673	144.1173141741526
23.45295572916673	144.1173141741526
23.552955729166733	144.1173141741526
23.652955729166734	144.1173141741526
23.752955729166736	144.1173141741526
23.852955729166737	144.11739003807097
23.95295572916674	144.20488750006058
24.05295572916674	144.30330750006058
24.15295572916674	144.4017275000606
24.252955729166743	144.5001475000606
24.352955729166744	144.5985675000606
24.452955729166746	144.6969875000606
24.552955729166747	144.7954075000606
24.65295572916675	144.8938275000606
24.75295572916675	144.9922475000606
24.85295572916675	145.09066750006062
24.952955729166753	145.18908750006062
25.052955729166754	145.28750750006063
25.152955729166756	145.38592750006063
25.231519699812385	145.4625669442102
179769313486231570000000000000000000000000000000000000000000000000000000000000000000000000000000000000000000000000000000000000000000000000000000000000000000000000000000000000000000000000000000000000000000000000000000000000000000000000000000000000000000000000000000000000000000000000000000000000000000000000000	145.4625669442102
