-179769313486231570000000000000000000000000000000000000000000000000000000000000000000000000000000000000000000000000000000000000000000000000000000000000000000000000000000000000000000000000000000000000000000000000000000000000000000000000000000000000000000000000000000000000000000000000000000000000000000000000000	0
5.868658245943354	0
5.871991579276687	0.00008153717407703552
5.8753249126100195	0.0002354958959685762
5.880324912610019	0.0005972176923108152
5.88782491261002	0.001434063742210335
5.89907491261002	0.0033514253666791153
5.91594991261002	0.007717820958812328
5.94126241261002	0.01762298292422449
5.97923116261002	0.03962487154504886
6.03618428761002	0.08803995822139679
6.121613975110019	0.19287524789113275
6.221613975110019	0.3602958530697719
6.321613975110019	0.5714001876618625
6.421613975110018	0.8223837134399041
6.521613975110018	1.1100433808563948
6.621613975110018	1.4319068935394474
6.721613975110017	1.7859491161236902
6.821613975110017	2.1701357561132975
6.9216139751100165	2.5827230767644234
7.021613975110016	3.0221895025219587
7.121613975110016	3.487086985942243
7.2216139751100155	3.976181064710689
7.321613975110015	4.48831270147667
7.421613975110015	5.022451188675869
7.521613975110014	5.577542873850428
7.621613975110014	6.152593988014379
7.721613975110014	6.7467241052689575
7.821613975110013	7.359114054622091
7.921613975110013	7.9888801657046535
8.021613975110013	8.635460999848384
8.121613975110012	9.29793492190063
8.221613975110012	9.975833794490473
8.321613975110012	10.668318001196788
8.421613975110011	11.375020921288296
8.52161397511001	12.095237791160459
8.62161397511001	12.828331513926749
8.72161397511001	13.573774641782329
8.82161397511001	14.331197285041611
8.92161397511001	15.100153888090123
9.021613975110009	15.880119691131819
9.121613975110009	16.670867917201235
9.221613975110008	17.471836451190644
9.321613975110008	18.282901982110975
9.421613975110008	19.103548376036333
9.521613975110007	19.933746234086225
9.621613975110007	20.7731297095655
9.721613975110007	21.62145205289944
9.821613975110006	22.478481814643054
9.921613975110006	23.343985087173944
10.021613975110006	24.21771864123837
10.121613975110005	25.099528844356588
10.221613975110005	25.98913459834769
10.321613975110004	26.886311917253973
10.421613975110004	27.790847760490998
10.521613975110004	28.702516695572044
10.621613975110003	29.621134781196496
10.721613975110003	30.54645281920753
10.821613975110003	31.478214979938755
10.921613975110002	32.41623396447958
11.021613975110002	33.360248836224805
11.121613975110002	34.31000600396647
11.221613975110001	35.26530396904759
11.321613975110001	36.225849359981005
11.42161397511	37.191397588298784
11.52161397511	38.16170670898133
11.62161397511	39.13645947985465
11.72161397511	40.115424909605196
11.82161397511	41.098306925288185
11.921613975109999	42.08477531490865
12.021613975109998	43.07461608343609
12.121613975109998	44.06747202890109
12.221613975109998	45.06302290367954
12.321613975109997	46.06094682110294
12.421613975109997	47.060925323250665
12.521613975109997	48.06261940319709
12.621613975109996	49.06568489613518
12.721613975109996	50.06974321023339
12.821613975109996	50.4725868050764
12.921613975109995	50.805586805126694
13.021613975109995	51.138586805176985
13.121613975109994	51.471586805227275
13.221613975109994	51.804586805277566
13.321613975109994	52.13758680532786
13.421613975109993	52.47058680537815
13.521613975109993	52.80358680542844
13.621613975109993	53.13658680547873
13.721613975109992	53.46958680552902
13.821613975109992	53.80258680557931
13.921613975109992	54.1355868056296
14.021613975109991	54.46858680567989
14.121613975109991	54.80158680573018
14.22161397510999	55.13458680578047
14.32161397510999	55.46758680583076
14.42161397510999	55.80058680588105
14.52161397510999	56.133586805931344
14.62161397510999	56.466586805981635
14.721613975109989	56.799586806031925
14.821613975109988	57.132586806082216
14.921613975109988	57.46558680613251
15.021613975109988	57.7985868061828
15.121613975109987	58.13158680623309
15.221613975109987	58.46458680628338
15.321613975109987	58.79758680633367
15.421613975109986	59.13058680638396
15.521613975109986	59.46358680643425
15.621613975109986	59.79658680648454
15.721613975109985	60.12958680653483
15.821613975109985	60.46258680658512
15.921613975109985	60.79558680663541
16.021613975109986	61.12858680668571
16.121613975109987	61.46158680673601
16.22161397510999	61.794586806786306
16.32161397510999	62.127586806836604
16.42161397510999	62.4605868068869
16.521613975109993	62.7935868069372
16.621613975109994	63.1265868069875
16.721613975109996	63.459586807037795
16.821613975109997	63.79258680708809
16.92161397511	64.12558680713839
17.02161397511	64.45858680718868
17.12161397511	64.79158680723897
17.221613975110003	65.12458680728926
17.321613975110004	65.45758680733955
17.421613975110006	65.79058680738984
17.521613975110007	66.12358680744013
17.62161397511001	66.45658680749042
17.72161397511001	66.78958680754072
17.82161397511001	67.122586807591
17.921613975110013	67.4555868076413
18.021613975110014	67.78858680769159
18.121613975110016	68.12158680774188
18.221613975110017	68.45458680779217
18.32161397511002	68.78758680784246
18.42161397511002	69.12058680789275
18.52161397511002	69.45358680794304
18.621613975110023	69.78658680799333
18.721613975110024	70.11958680804362
18.821613975110026	70.45258680809391
18.921613975110027	70.7855868081442
19.02161397511003	71.1185868081945
19.12161397511003	71.45158680824478
19.22161397511003	71.78458680829507
19.321613975110033	72.11758680834537
19.421613975110034	72.45058680839566
19.521613975110036	72.78358680844595
19.621613975110037	73.11658680849624
19.72161397511004	73.44958680854653
19.82161397511004	73.78258680859682
19.92161397511004	74.11558680864711
20.021613975110043	74.4485868086974
20.121613975110044	74.78158680874769
20.221613975110046	75.11458680879798
20.321613975110047	75.44758680884827
20.42161397511005	75.78058680889856
20.52161397511005	76.11358680894885
20.62161397511005	76.44658680899914
20.721613975110053	76.77958680904943
20.821613975110054	77.11258680909972
20.921613975110056	77.44558680915002
21.021613975110057	77.7785868092003
21.12161397511006	78.1115868092506
21.22161397511006	78.44458680930089
21.32161397511006	78.77758680935118
21.421613975110063	79.11058680940147
21.521613975110064	79.44358680945176
21.621613975110066	79.77658680950205
21.721613975110067	80.10958680955234
21.82161397511007	80.44258680960263
21.92161397511007	80.77558680965292
22.02161397511007	81.10858680970321
22.121613975110073	81.4415868097535
22.221613975110074	81.7745868098038
22.321613975110076	82.10758680985408
22.421613975110077	82.44058680990437
22.52161397511008	82.77358680995467
22.62161397511008	83.10658681000496
22.72161397511008	83.43958681005525
22.821613975110083	83.77258681010554
22.921613975110084	84.10558681015583
23.021613975110085	84.43858681020612
23.121613975110087	84.77158681025641
23.22161397511009	85.1045868103067
23.32161397511009	85.43758681035699
23.42161397511009	85.77058681040728
23.45	85.95963773620262
179769313486231570000000000000000000000000000000000000000000000000000000000000000000000000000000000000000000000000000000000000000000000000000000000000000000000000000000000000000000000000000000000000000000000000000000000000000000000000000000000000000000000000000000000000000000000000000000000000000000000000000	85.95963773620262
