-179769313486231570000000000000000000000000000000000000000000000000000000000000000000000000000000000000000000000000000000000000000000000000000000000000000000000000000000000000000000000000000000000000000000000000000000000000000000000000000000000000000000000000000000000000000000000000000000000000000000000000000	0
-0.0000000000000005070055133114334	0
0.0033333333333328266	0.03294349202351602
0.008333333333332827	0.11596798452678891
0.015833333333332825	0.24199557468172425
0.027083333333332824	0.43317310942024706
0.04395833333333282	0.7234110353285288
0.06927083333333282	1.164567041365789
0.10723958333333283	1.8359907082825873
0.16419270833333283	2.8596688197865845
0.24962239583333284	4.422633300742356
0.3496223958333329	6.491537793807931
0.44962239583333286	8.754874304205925
0.5496223958333328	11.043701731033883
0.6496223958333328	13.351470305217255
0.7496223958333328	15.673332630845007
0.8496223958333328	18.005485808574235
0.9496223958333327	20.344842352512725
1.0496223958333328	22.688819881579953
1.149622395833333	25.035216273806405
1.249622395833333	27.38240665293855
1.349622395833333	29.729686652938533
1.4496223958333332	32.076966652938516
1.5496223958333333	34.4242466529385
1.6496223958333334	36.77152665293848
1.7496223958333335	39.11880665293847
1.8496223958333335	41.46608665293845
1.9496223958333336	43.813366652938434
2.0496223958333335	46.16064665293842
2.1496223958333336	48.5079266529384
2.2496223958333337	50.855206652938385
2.3496223958333338	53.20248665293837
2.449622395833334	55.54976665293835
2.549622395833334	57.897046652938336
2.649622395833334	60.24432665293832
2.749622395833334	62.5916066529383
2.849622395833334	64.9388866529383
2.9496223958333343	67.28616665293828
3.0496223958333344	69.63344665293826
3.1496223958333345	71.98072665293824
3.2496223958333346	74.32800665293823
3.3496223958333347	76.67528665293821
3.4496223958333347	79.0225666529382
3.549622395833335	81.36984665293818
3.649622395833335	83.71712665293816
3.749622395833335	86.06440665293815
3.849622395833335	88.41168665293813
3.949622395833335	90.75896665293811
4.049622395833335	93.1062466529381
4.149622395833335	95.45352665293808
4.249622395833335	97.80080665293806
4.349622395833334	100.14808665293805
4.449622395833334	102.49536665293803
4.5496223958333335	104.84264665293801
4.649622395833333	107.189926652938
4.749622395833333	109.53720665293798
4.849622395833332	111.88448665293797
4.949622395833332	114.23176665293795
5.049622395833332	116.57904665293793
5.149622395833331	118.92632665293792
5.249622395833331	121.2736066529379
5.349622395833331	123.62088665293788
5.44962239583333	125.96816665293787
5.54962239583333	128.31544665293785
5.64962239583333	130.6627266529378
5.749622395833329	133.01000665293776
5.849622395833329	135.35728665293772
5.9496223958333285	137.70456665293767
6.049622395833328	140.05184665293763
6.149622395833328	142.39912665293758
6.2496223958333275	144.74640665293754
6.349622395833327	147.0936866529375
6.449622395833327	149.44096665293745
6.549622395833326	151.7882466529374
6.649622395833326	154.13552665293736
6.749622395833326	156.4828066529373
6.849622395833325	158.83008665293727
6.949622395833325	161.17736665293722
7.049622395833325	163.52464665293718
7.149622395833324	165.87192665293713
7.249622395833324	168.2192066529371
7.3496223958333236	170.56648665293704
7.449622395833323	172.913766652937
7.549622395833323	175.26104665293695
7.6496223958333225	177.6083266529369
7.749622395833322	179.95560665293686
7.849622395833322	182.30288665293682
7.949622395833321	184.65016665293678
8.049622395833321	186.99744665293673
8.14962239583332	189.34472665293669
8.24962239583332	191.69200665293664
8.34962239583332	194.0392866529366
8.44962239583332	196.38656665293655
8.54962239583332	198.7338466529365
8.649622395833319	201.08112665293646
8.749622395833319	203.42840665293642
8.849622395833318	205.77568665293637
8.949622395833318	208.12296665293633
9.049622395833318	210.47024665293628
9.149622395833317	212.81752665293624
9.249622395833317	215.1648066529362
9.349622395833316	217.51208665293615
9.449622395833316	219.8593666529361
9.549622395833316	222.20664665293606
9.649622395833315	224.553926652936
9.749622395833315	226.90120665293597
9.849622395833315	229.24848665293592
9.949622395833314	231.59576665293588
10.049622395833314	233.94304665293583
10.149622395833314	236.2903266529358
10.249622395833313	238.63760665293574
10.349622395833313	240.9848866529357
10.449622395833313	243.33216665293565
10.549622395833312	245.6794466529356
10.649622395833312	248.02672665293557
10.749622395833311	250.37400665293552
10.849622395833311	252.72128665293548
10.94962239583331	255.06856665293543
11.04962239583331	257.4158466529354
11.14962239583331	259.76312665293534
11.24962239583331	261.941867528977
11.34962239583331	263.9237684050187
11.449622395833309	265.8773684050186
11.549622395833309	267.83096840501855
11.649622395833308	269.7845684050185
11.749622395833308	271.7381684050184
11.849622395833308	273.69176840501837
11.949622395833307	275.6453684050183
12.049622395833307	277.62845663418494
12.149622395833306	279.6411448633516
12.249622395833306	281.65394486335157
12.349622395833306	283.66674486335154
12.449622395833305	285.6795448633515
12.549622395833305	287.6923448633515
12.649622395833305	288.8031850716851
12.749622395833304	288.90762528001875
12.849622395833304	288.90762528001875
12.949622395833304	288.90762528001875
13.049622395833303	288.90762528001875
13.149622395833303	288.90762528001875
13.249622395833303	288.90762528001875
13.349622395833302	288.90762528001875
13.449622395833302	288.90762528001875
13.549622395833302	288.90762528001875
13.649622395833301	288.90762528001875
13.7496223958333	288.90762528001875
13.8496223958333	288.90762528001875
13.9496223958333	288.90762528001875
14.0496223958333	288.90762528001875
14.1496223958333	288.90762528001875
14.249622395833299	288.90762528001875
14.349622395833299	288.90762528001875
14.449622395833298	288.90762528001875
14.549622395833298	288.90762528001875
14.649622395833298	288.90762528001875
14.749622395833297	288.90762528001875
14.849622395833297	288.90762528001875
14.949622395833297	288.90762528001875
15.049622395833296	288.90762528001875
15.149622395833296	288.90762528001875
15.249622395833295	288.90762528001875
15.349622395833295	288.90762528001875
15.449622395833295	288.90762528001875
15.549622395833294	288.90762528001875
15.649622395833294	288.90762528001875
15.749622395833294	288.90762528001875
15.849622395833293	288.90762528001875
15.949622395833293	288.90762528001875
16.049622395833293	288.90762528001875
16.149622395833294	288.90762528001875
16.249622395833295	288.90762528001875
16.349622395833297	288.90762528001875
16.4496223958333	288.90762528001875
16.5496223958333	288.90762528001875
16.6496223958333	288.90762528001875
16.749622395833303	288.90762528001875
16.849622395833304	288.90762528001875
16.949622395833305	288.90762528001875
17.049622395833307	288.90762528001875
17.14962239583331	288.90762528001875
17.24962239583331	288.90762528001875
17.34962239583331	288.90762528001875
17.449622395833313	288.90762528001875
17.549622395833314	288.90762528001875
17.649622395833315	288.90762528001875
17.749622395833317	288.90762528001875
17.849622395833318	288.90762528001875
17.94962239583332	288.90762528001875
18.04962239583332	288.90762528001875
18.149622395833322	288.90762528001875
18.249622395833324	288.90762528001875
18.349622395833325	288.90762528001875
18.449622395833327	288.90762528001875
18.549622395833328	288.90762528001875
18.64962239583333	288.90762528001875
18.74962239583333	288.90762528001875
18.849622395833332	288.90762528001875
18.949622395833334	288.90762528001875
19.049622395833335	288.90762528001875
19.149622395833337	288.90762528001875
19.249622395833338	288.90762528001875
19.34962239583334	288.90762528001875
19.44962239583334	288.90762528001875
19.549622395833342	288.90762528001875
19.649622395833344	288.90762528001875
19.749622395833345	288.90762528001875
19.849622395833347	288.90762528001875
19.949622395833348	288.90762528001875
20.04962239583335	288.90762528001875
20.14962239583335	288.90762528001875
20.249622395833352	288.90762528001875
20.349622395833354	288.90762528001875
20.449622395833355	288.90762528001875
20.549622395833357	288.90762528001875
20.649622395833358	288.90762528001875
20.74962239583336	288.90762528001875
20.84962239583336	288.90762528001875
20.949622395833362	288.90762528001875
21.049622395833364	288.90762528001875
21.149622395833365	288.90762528001875
21.249622395833367	288.90762528001875
21.349622395833368	288.90762528001875
21.44962239583337	288.90762528001875
21.54962239583337	288.90762528001875
21.649622395833372	288.90762528001875
21.749622395833374	288.90762528001875
21.849622395833375	288.90762528001875
21.949622395833376	288.90762528001875
22.049622395833378	288.90762528001875
22.14962239583338	288.90762528001875
22.24962239583338	288.90762528001875
22.349622395833382	288.90762528001875
22.449622395833384	288.90762528001875
22.549622395833385	288.90762528001875
22.649622395833386	288.90762528001875
22.749622395833388	288.90762528001875
22.84962239583339	288.90762528001875
22.94962239583339	288.90762528001875
23.049622395833392	288.90762528001875
23.149622395833394	288.90762528001875
23.249622395833395	288.90762528001875
23.349622395833396	288.90762528001875
23.449622395833398	288.90762528001875
23.5496223958334	288.90762528001875
23.6496223958334	288.90762528001875
23.749622395833402	288.90762528001875
23.849622395833403	288.97041182191975
23.949622395833405	289.13161836382073
24.049622395833406	289.3284583638207
24.149622395833408	289.52529836382064
24.24962239583341	289.7221383638206
24.34962239583341	289.91897836382054
24.449622395833412	290.1158183638205
24.549622395833413	290.31265836382045
24.649622395833415	290.5094983638204
24.749622395833416	290.70633836382035
24.849622395833418	290.9031783638203
24.94962239583342	291.10001836382025
25.04962239583342	291.2968583638202
25.149622395833422	291.49369836382016
25.235684803001877	291.67613776919546
179769313486231570000000000000000000000000000000000000000000000000000000000000000000000000000000000000000000000000000000000000000000000000000000000000000000000000000000000000000000000000000000000000000000000000000000000000000000000000000000000000000000000000000000000000000000000000000000000000000000000000000	291.7601571745708
