-179769313486231570000000000000000000000000000000000000000000000000000000000000000000000000000000000000000000000000000000000000000000000000000000000000000000000000000000000000000000000000000000000000000000000000000000000000000000000000000000000000000000000000000000000000000000000000000000000000000000000000000	0
-0.0000000000000005113631682831119	0
0.0033333333333328222	0.0329433903859388
0.008333333333332821	0.11596763077720283
0.01583333333333282	0.24199484875455263
0.02708333333333282	0.4331718391268221
0.04395833333333282	0.723408976693995
0.06927083333333282	1.1645638623021561
0.10723958333333283	1.8359859793880382
0.16419270833333283	2.8596619898753795
0.24962239583333284	4.422623766658715
0.3496223958333329	6.491525406934821
0.44962239583333286	8.754859572116542
0.5496223958333328	11.043685304261976
0.6496223958333328	13.35145270372058
0.7496223958333328	15.673314266770827
0.8496223958333328	18.005466992132977
0.9496223958333327	20.34482331159352
1.0496223958333328	22.688800758999957
1.149622395833333	25.035197133254627
1.249622395833333	27.382387512092077
1.349622395833333	29.72966751209209
1.4496223958333332	32.0769475120921
1.5496223958333333	34.42422751209211
1.6496223958333334	36.77150751209212
1.7496223958333335	39.11878751209213
1.8496223958333335	41.466067512092145
1.9496223958333336	43.81334751209216
2.0496223958333335	46.16062751209216
2.1496223958333336	48.50790751209217
2.2496223958333337	50.85518751209218
2.3496223958333338	53.20246751209219
2.449622395833334	55.5497475120922
2.549622395833334	57.897027512092215
2.649622395833334	60.24430751209223
2.749622395833334	62.59158751209224
2.849622395833334	64.93886751209224
2.9496223958333343	67.28614751209226
3.0496223958333344	69.63342751209227
3.1496223958333345	71.98070751209228
3.2496223958333346	74.32798751209229
3.3496223958333347	76.6752675120923
3.4496223958333347	79.02254751209232
3.549622395833335	81.36982751209233
3.649622395833335	83.71710751209234
3.749622395833335	86.06438751209235
3.849622395833335	88.41166751209236
3.949622395833335	90.75894751209238
4.049622395833335	93.10622751209239
4.149622395833335	95.4535075120924
4.249622395833335	97.80078751209241
4.349622395833334	100.14806751209242
4.449622395833334	102.49534751209244
4.5496223958333335	104.84262751209245
4.649622395833333	107.18990751209246
4.749622395833333	109.53718751209247
4.849622395833332	111.88446751209248
4.949622395833332	114.2317475120925
5.049622395833332	116.57902751209251
5.149622395833331	118.92630751209252
5.249622395833331	121.27358751209253
5.349622395833331	123.62086751209254
5.44962239583333	125.96814751209256
5.54962239583333	128.31542751209255
5.64962239583333	130.66270751209257
5.749622395833329	133.00998751209258
5.849622395833329	135.3572675120926
5.9496223958333285	137.7045475120926
6.049622395833328	140.05182751209261
6.149622395833328	142.39910751209263
6.2496223958333275	144.74638751209264
6.349622395833327	147.09366751209265
6.449622395833327	149.44094751209266
6.549622395833326	151.78822751209267
6.649622395833326	154.1355075120927
6.749622395833326	156.4827875120927
6.849622395833325	158.8300675120927
6.949622395833325	161.17734751209272
7.049622395833325	163.52462751209274
7.149622395833324	165.87190751209275
7.249622395833324	168.21918751209276
7.3496223958333236	170.56646751209277
7.449622395833323	172.91374751209278
7.549622395833323	175.2610275120928
7.6496223958333225	177.6083075120928
7.749622395833322	179.95558751209282
7.849622395833322	182.30286751209283
7.949622395833321	184.65014751209284
8.049622395833321	186.99742751209286
8.14962239583332	189.34470751209287
8.24962239583332	191.69198751209288
8.34962239583332	194.0392675120929
8.44962239583332	196.3865475120929
8.54962239583332	198.73382751209292
8.649622395833319	201.08110751209293
8.749622395833319	203.42838751209294
8.849622395833318	205.77566751209295
8.949622395833318	208.12294751209296
9.049622395833318	210.47022751209298
9.149622395833317	212.817507512093
9.249622395833317	215.164787512093
9.349622395833316	217.512067512093
9.449622395833316	219.85934751209302
9.549622395833316	222.20662751209304
9.649622395833315	224.55390751209305
9.749622395833315	226.90118751209306
9.849622395833315	229.24846751209307
9.949622395833314	231.59574751209308
10.049622395833314	233.9430275120931
10.149622395833314	236.2903075120931
10.249622395833313	238.63758751209312
10.349622395833313	240.98486751209313
10.449622395833313	243.33214751209314
10.549622395833312	245.67942751209316
10.649622395833312	248.02670751209317
10.749622395833311	250.37398751209318
10.849622395833311	252.7212675120932
10.94962239583331	255.0685475120932
11.04962239583331	257.4158275120932
11.14962239583331	259.76310751209314
11.24962239583331	261.9418483881348
11.34962239583331	263.92374926417654
11.449622395833309	265.8773492641766
11.549622395833309	267.83094926417664
11.649622395833308	269.7845492641767
11.749622395833308	271.73814926417674
11.849622395833308	273.6917492641768
11.949622395833307	275.64534926417684
12.049622395833307	277.62843749334354
12.149622395833306	279.6411257225102
12.249622395833306	281.65392572251017
12.349622395833306	283.66672572251014
12.449622395833305	285.6795257225101
12.549622395833305	287.6923257225101
12.649622395833305	288.8031659308437
12.749622395833304	288.90760613917735
12.849622395833304	288.90760613917735
12.949622395833304	288.90760613917735
13.049622395833303	288.90760613917735
13.149622395833303	288.90760613917735
13.249622395833303	288.90760613917735
13.349622395833302	288.90760613917735
13.449622395833302	288.90760613917735
13.549622395833302	288.90760613917735
13.649622395833301	288.90760613917735
13.7496223958333	288.90760613917735
13.8496223958333	288.90760613917735
13.9496223958333	288.90760613917735
14.0496223958333	288.90760613917735
14.1496223958333	288.90760613917735
14.249622395833299	288.90760613917735
14.349622395833299	288.90760613917735
14.449622395833298	288.90760613917735
14.549622395833298	288.90760613917735
14.649622395833298	288.90760613917735
14.749622395833297	288.90760613917735
14.849622395833297	288.90760613917735
14.949622395833297	288.90760613917735
15.049622395833296	288.90760613917735
15.149622395833296	288.90760613917735
15.249622395833295	288.90760613917735
15.349622395833295	288.90760613917735
15.449622395833295	288.90760613917735
15.549622395833294	288.90760613917735
15.649622395833294	288.90760613917735
15.749622395833294	288.90760613917735
15.849622395833293	288.90760613917735
15.949622395833293	288.90760613917735
16.049622395833293	288.90760613917735
16.149622395833294	288.90760613917735
16.249622395833295	288.90760613917735
16.349622395833297	288.90760613917735
16.4496223958333	288.90760613917735
16.5496223958333	288.90760613917735
16.6496223958333	288.90760613917735
16.749622395833303	288.90760613917735
16.849622395833304	288.90760613917735
16.949622395833305	288.90760613917735
17.049622395833307	288.90760613917735
17.14962239583331	288.90760613917735
17.24962239583331	288.90760613917735
17.34962239583331	288.90760613917735
17.449622395833313	288.90760613917735
17.549622395833314	288.90760613917735
17.649622395833315	288.90760613917735
17.749622395833317	288.90760613917735
17.849622395833318	288.90760613917735
17.94962239583332	288.90760613917735
18.04962239583332	288.90760613917735
18.149622395833322	288.90760613917735
18.249622395833324	288.90760613917735
18.349622395833325	288.90760613917735
18.449622395833327	288.90760613917735
18.549622395833328	288.90760613917735
18.64962239583333	288.90760613917735
18.74962239583333	288.90760613917735
18.849622395833332	288.90760613917735
18.949622395833334	288.90760613917735
19.049622395833335	288.90760613917735
19.149622395833337	288.90760613917735
19.249622395833338	288.90760613917735
19.34962239583334	288.90760613917735
19.44962239583334	288.90760613917735
19.549622395833342	288.90760613917735
19.649622395833344	288.90760613917735
19.749622395833345	288.90760613917735
19.849622395833347	288.90760613917735
19.949622395833348	288.90760613917735
20.04962239583335	288.90760613917735
20.14962239583335	288.90760613917735
20.249622395833352	288.90760613917735
20.349622395833354	288.90760613917735
20.449622395833355	288.90760613917735
20.549622395833357	288.90760613917735
20.649622395833358	288.90760613917735
20.74962239583336	288.90760613917735
20.84962239583336	288.90760613917735
20.949622395833362	288.90760613917735
21.049622395833364	288.90760613917735
21.149622395833365	288.90760613917735
21.249622395833367	288.90760613917735
21.349622395833368	288.90760613917735
21.44962239583337	288.90760613917735
21.54962239583337	288.90760613917735
21.649622395833372	288.90760613917735
21.749622395833374	288.90760613917735
21.849622395833375	288.90760613917735
21.949622395833376	288.90760613917735
22.049622395833378	288.90760613917735
22.14962239583338	288.90760613917735
22.24962239583338	288.90760613917735
22.349622395833382	288.90760613917735
22.449622395833384	288.90760613917735
22.549622395833385	288.90760613917735
22.649622395833386	288.90760613917735
22.749622395833388	288.90760613917735
22.84962239583339	288.90760613917735
22.94962239583339	288.90760613917735
23.049622395833392	288.90760613917735
23.149622395833394	288.90760613917735
23.249622395833395	288.90760613917735
23.349622395833396	288.90760613917735
23.449622395833398	288.90760613917735
23.5496223958334	288.90760613917735
23.6496223958334	288.90760613917735
23.749622395833402	288.9077616128827
23.849622395833403	288.9961861156703
23.949622395833405	289.1828751447525
24.049622395833406	289.3797151447524
24.149622395833408	289.5765551447524
24.24962239583341	289.7733951447523
24.34962239583341	289.9702351447523
24.449622395833412	290.16707514475223
24.549622395833413	290.3639151447522
24.649622395833415	290.56075514475214
24.749622395833416	290.7575951447521
24.849622395833418	290.95443514475204
24.94962239583342	291.151275144752
25.04962239583342	291.34811514475194
25.149622395833422	291.5449551447519
25.23707317073171	291.72876098164693
179769313486231570000000000000000000000000000000000000000000000000000000000000000000000000000000000000000000000000000000000000000000000000000000000000000000000000000000000000000000000000000000000000000000000000000000000000000000000000000000000000000000000000000000000000000000000000000000000000000000000000000	291.814146818542
