-179769313486231570000000000000000000000000000000000000000000000000000000000000000000000000000000000000000000000000000000000000000000000000000000000000000000000000000000000000000000000000000000000000000000000000000000000000000000000000000000000000000000000000000000000000000000000000000000000000000000000000000	0
-0.0000000000000005157208232547905	0
0.003333333333332818	0.03294328871511808
0.008333333333332818	0.11596727688724781
0.015833333333332818	0.2419941226131292
0.027083333333332817	0.4331705684879177
0.04395833333333282	0.7234069173765255
0.06927083333333282	1.164560680990026
0.10723958333333283	1.8359812465487984
0.16419270833333283	2.8596551548601603
0.24962239583333284	4.422614225069617
0.3496223958333329	6.491513009046981
0.44962239583333286	8.754844825673183
0.5496223958333328	11.043668860304669
0.6496223958333328	13.351435082237932
0.7496223958333328	15.67329588011978
0.8496223958333328	18.00544815138271
0.9496223958333327	20.344804245095922
1.0496223958333328	22.68878160987127
1.149622395833333	25.03517796586023
1.249622395833333	27.3823683443293
1.349622395833333	29.729648344329313
1.4496223958333332	32.076928344329325
1.5496223958333333	34.42420834432934
1.6496223958333334	36.77148834432935
1.7496223958333335	39.11876834432936
1.8496223958333335	41.46604834432937
1.9496223958333336	43.813328344329385
2.0496223958333335	46.16060834432939
2.1496223958333336	48.507888344329395
2.2496223958333337	50.85516834432941
2.3496223958333338	53.20244834432942
2.449622395833334	55.54972834432943
2.549622395833334	57.89700834432944
2.649622395833334	60.244288344329455
2.749622395833334	62.59156834432947
2.849622395833334	64.93884834432947
2.9496223958333343	67.28612834432948
3.0496223958333344	69.6334083443295
3.1496223958333345	71.98068834432951
3.2496223958333346	74.32796834432952
3.3496223958333347	76.67524834432953
3.4496223958333347	79.02252834432954
3.549622395833335	81.36980834432956
3.649622395833335	83.71708834432957
3.749622395833335	86.06436834432958
3.849622395833335	88.41164834432959
3.949622395833335	90.7589283443296
4.049622395833335	93.10620834432962
4.149622395833335	95.45348834432963
4.249622395833335	97.80076834432964
4.349622395833334	100.14804834432965
4.449622395833334	102.49532834432966
4.5496223958333335	104.84260834432968
4.649622395833333	107.18988834432969
4.749622395833333	109.5371683443297
4.849622395833332	111.88444834432971
4.949622395833332	114.23172834432972
5.049622395833332	116.57900834432974
5.149622395833331	118.92628834432975
5.249622395833331	121.27356834432976
5.349622395833331	123.62084834432977
5.44962239583333	125.96812834432978
5.54962239583333	128.3154083443298
5.64962239583333	130.6626883443298
5.749622395833329	133.00996834432982
5.849622395833329	135.35724834432983
5.9496223958333285	137.70452834432984
6.049622395833328	140.05180834432986
6.149622395833328	142.39908834432987
6.2496223958333275	144.74636834432988
6.349622395833327	147.0936483443299
6.449622395833327	149.4409283443299
6.549622395833326	151.78820834432992
6.649622395833326	154.13548834432993
6.749622395833326	156.48276834432994
6.849622395833325	158.83004834432995
6.949622395833325	161.17732834432996
7.049622395833325	163.52460834432998
7.149622395833324	165.87188834433
7.249622395833324	168.21916834433
7.3496223958333236	170.56644834433
7.449622395833323	172.91372834433002
7.549622395833323	175.26100834433004
7.6496223958333225	177.60828834433005
7.749622395833322	179.95556834433006
7.849622395833322	182.30284834433007
7.949622395833321	184.65012834433008
8.049622395833321	186.9974083443301
8.14962239583332	189.3446883443301
8.24962239583332	191.69196834433012
8.34962239583332	194.03924834433013
8.44962239583332	196.38652834433015
8.54962239583332	198.73380834433016
8.649622395833319	201.08108834433017
8.749622395833319	203.42836834433018
8.849622395833318	205.7756483443302
8.949622395833318	208.1229283443302
9.049622395833318	210.47020834433022
9.149622395833317	212.81748834433023
9.249622395833317	215.16476834433024
9.349622395833316	217.51204834433025
9.449622395833316	219.85932834433027
9.549622395833316	222.20660834433028
9.649622395833315	224.5538883443303
9.749622395833315	226.9011683443303
9.849622395833315	229.2484483443303
9.949622395833314	231.59572834433033
10.049622395833314	233.94300834433034
10.149622395833314	236.29028834433035
10.249622395833313	238.63756834433036
10.349622395833313	240.98484834433037
10.449622395833313	243.33212834433039
10.549622395833312	245.6794083443304
10.649622395833312	248.0266883443304
10.749622395833311	250.37396834433042
10.849622395833311	252.72124834433043
10.94962239583331	255.06852834433045
11.04962239583331	257.4158083443304
11.14962239583331	259.76308834433036
11.24962239583331	261.94182922037203
11.34962239583331	263.92373009641375
11.449622395833309	265.8773300964138
11.549622395833309	267.83093009641385
11.649622395833308	269.7845300964139
11.749622395833308	271.73813009641395
11.849622395833308	273.691730096414
11.949622395833307	275.64533009641406
12.049622395833307	277.62841832558075
12.149622395833306	279.6411065547474
12.249622395833306	281.6539065547474
12.349622395833306	283.66670655474735
12.449622395833305	285.6795065547473
12.549622395833305	287.6923065547473
12.649622395833305	288.8031467630809
12.749622395833304	288.90758697141456
12.849622395833304	288.90758697141456
12.949622395833304	288.90758697141456
13.049622395833303	288.90758697141456
13.149622395833303	288.90758697141456
13.249622395833303	288.90758697141456
13.349622395833302	288.90758697141456
13.449622395833302	288.90758697141456
13.549622395833302	288.90758697141456
13.649622395833301	288.90758697141456
13.7496223958333	288.90758697141456
13.8496223958333	288.90758697141456
13.9496223958333	288.90758697141456
14.0496223958333	288.90758697141456
14.1496223958333	288.90758697141456
14.249622395833299	288.90758697141456
14.349622395833299	288.90758697141456
14.449622395833298	288.90758697141456
14.549622395833298	288.90758697141456
14.649622395833298	288.90758697141456
14.749622395833297	288.90758697141456
14.849622395833297	288.90758697141456
14.949622395833297	288.90758697141456
15.049622395833296	288.90758697141456
15.149622395833296	288.90758697141456
15.249622395833295	288.90758697141456
15.349622395833295	288.90758697141456
15.449622395833295	288.90758697141456
15.549622395833294	288.90758697141456
15.649622395833294	288.90758697141456
15.749622395833294	288.90758697141456
15.849622395833293	288.90758697141456
15.949622395833293	288.90758697141456
16.049622395833293	288.90758697141456
16.149622395833294	288.90758697141456
16.249622395833295	288.90758697141456
16.349622395833297	288.90758697141456
16.4496223958333	288.90758697141456
16.5496223958333	288.90758697141456
16.6496223958333	288.90758697141456
16.749622395833303	288.90758697141456
16.849622395833304	288.90758697141456
16.949622395833305	288.90758697141456
17.049622395833307	288.90758697141456
17.14962239583331	288.90758697141456
17.24962239583331	288.90758697141456
17.34962239583331	288.90758697141456
17.449622395833313	288.90758697141456
17.549622395833314	288.90758697141456
17.649622395833315	288.90758697141456
17.749622395833317	288.90758697141456
17.849622395833318	288.90758697141456
17.94962239583332	288.90758697141456
18.04962239583332	288.90758697141456
18.149622395833322	288.90758697141456
18.249622395833324	288.90758697141456
18.349622395833325	288.90758697141456
18.449622395833327	288.90758697141456
18.549622395833328	288.90758697141456
18.64962239583333	288.90758697141456
18.74962239583333	288.90758697141456
18.849622395833332	288.90758697141456
18.949622395833334	288.90758697141456
19.049622395833335	288.90758697141456
19.149622395833337	288.90758697141456
19.249622395833338	288.90758697141456
19.34962239583334	288.90758697141456
19.44962239583334	288.90758697141456
19.549622395833342	288.90758697141456
19.649622395833344	288.90758697141456
19.749622395833345	288.90758697141456
19.849622395833347	288.90758697141456
19.949622395833348	288.90758697141456
20.04962239583335	288.90758697141456
20.14962239583335	288.90758697141456
20.249622395833352	288.90758697141456
20.349622395833354	288.90758697141456
20.449622395833355	288.90758697141456
20.549622395833357	288.90758697141456
20.649622395833358	288.90758697141456
20.74962239583336	288.90758697141456
20.84962239583336	288.90758697141456
20.949622395833362	288.90758697141456
21.049622395833364	288.90758697141456
21.149622395833365	288.90758697141456
21.249622395833367	288.90758697141456
21.349622395833368	288.90758697141456
21.44962239583337	288.90758697141456
21.54962239583337	288.90758697141456
21.649622395833372	288.90758697141456
21.749622395833374	288.90758697141456
21.849622395833375	288.90758697141456
21.949622395833376	288.90758697141456
22.049622395833378	288.90758697141456
22.14962239583338	288.90758697141456
22.24962239583338	288.90758697141456
22.349622395833382	288.90758697141456
22.449622395833384	288.90758697141456
22.549622395833385	288.90758697141456
22.649622395833386	288.90758697141456
22.749622395833388	288.90758697141456
22.84962239583339	288.90758697141456
22.94962239583339	288.90758697141456
23.049622395833392	288.90758697141456
23.149622395833394	288.90758697141456
23.249622395833395	288.90758697141456
23.349622395833396	288.90758697141456
23.449622395833398	288.90758697141456
23.5496223958334	288.90758697141456
23.6496223958334	288.90758697141456
23.749622395833402	288.92322943508873
23.849622395833403	289.0372918987629
23.949622395833405	289.2341318987628
24.049622395833406	289.4309718987628
24.149622395833408	289.62781189876273
24.24962239583341	289.8246518987627
24.34962239583341	290.02149189876263
24.449622395833412	290.2183318987626
24.549622395833413	290.41517189876254
24.649622395833415	290.6120118987625
24.749622395833416	290.80885189876244
24.849622395833418	291.0056918987624
24.94962239583342	291.20253189876235
25.04962239583342	291.3993718987623
25.149622395833422	291.59621189876225
25.23846153846154	291.78138416717695
179769313486231570000000000000000000000000000000000000000000000000000000000000000000000000000000000000000000000000000000000000000000000000000000000000000000000000000000000000000000000000000000000000000000000000000000000000000000000000000000000000000000000000000000000000000000000000000000000000000000000000000	291.8681364355917
