-100000	0
-0.002999218463898501	0
0.00033411486943483266	0.03306359904963508
0.005334114869434832	0.08328353888280557
0.012834114869434832	0.15943151963439012
0.024084114869434833	0.2749464767216384
0.040959114869434834	0.4503660213024878
0.06627161486943484	0.7171268194220608
0.10424036486943483	1.1234256129018283
0.16119348986943483	1.7432196600888754
0.24662317736943484	2.689918790570958
0.3466231773694348	3.8168278395639446
0.4466231773694348	4.958425348215943
0.5466231773694348	6.110869094039049
0.6466231773694348	7.271389410485988
0.7466231773694347	8.437854847139505
0.8466231773694347	9.608552191298163
0.9466231773694347	10.782059853634776
1.0466231773694348	11.957168810768483
1.1466231773694349	13.132844970321196
1.246623177369435	14.308557705524715
1.346623177369435	15.484274605307116
1.4466231773694351	16.660006059293888
1.5466231773694352	17.835733002609622
1.6466231773694353	19.0114710264593
1.7466231773694354	20.187213046285905
1.8466231773694355	21.36295728372272
1.9466231773694356	22.538709352147784
2.0466231773694354	23.714462175568173
2.1466231773694355	24.890222321519587
2.2466231773694356	26.065988307892077
2.3466231773694357	27.241755391839103
2.446623177369436	28.41752884848576
2.546623177369436	29.59330857409111
2.646623177369436	30.769089300268412
2.746623177369436	31.944877175012095
2.846623177369436	33.120669934019546
2.9466231773694362	34.29646524012976
3.0466231773694363	35.4722679454663
3.1466231773694364	36.64807146354948
3.2466231773694365	37.82388156951894
3.3466231773694366	38.99969710657661
3.4466231773694367	40.17551310033316
3.5466231773694368	41.351335519084294
3.646623177369437	42.5271628056331
3.746623177369437	43.702991107434336
3.846623177369437	44.878824963751285
3.946623177369437	46.054664462352505
4.046623177369437	47.23050494039803
4.146623177369436	48.406352907932614
4.246623177369436	49.58220019999495
4.346623177369436	50.758054621952546
4.446623177369435	51.93391355012071
4.546623177369435	53.10977245942456
4.646623177369435	54.28563861294182
4.746623177369434	55.46150913206305
4.846623177369434	56.63737941359552
4.946623177369434	57.813255503447806
5.046623177369433	58.989136955902566
5.146623177369433	60.165018427559964
5.2466231773694325	61.34090757505248
5.346623177369432	62.516794319746886
5.446623177369432	63.69268953649819
5.5466231773694314	64.86858975157668
5.646623177369431	66.04448707626761
5.746623177369431	67.22039177718669
5.84662317736943	68.39630373060753
5.94662317736943	69.57221134390024
6.04662317736943	70.74812808281288
6.146623177369429	71.92405003892496
6.246623177369429	73.09996807120991
6.346623177369429	74.27589589263336
6.446623177369428	75.45182052574692
6.546623177369428	76.62775257263806
6.6466231773694275	77.80368668134933
6.746623177369427	78.97962131837242
6.846623177369427	80.15556107416793
6.9466231773694265	81.33150345431645
7.046623177369426	82.50744745279843
7.146623177369426	83.68339450673518
7.246623177369425	84.85934474365678
7.346623177369425	86.03529674076569
7.446623177369425	87.21125333354921
7.546623177369424	88.38720770331481
7.646623177369424	89.5631685457831
7.746623177369424	90.73913249245958
7.846623177369423	91.91509271295673
7.946623177369423	93.09105819170402
8.046623177369423	94.26701945873668
8.146623177369422	95.44298707202535
8.246623177369422	96.61895110291768
8.346623177369421	97.79491655973885
8.446623177369421	98.97088700610689
8.54662317736942	100.14685368349912
8.64662317736942	101.32282308850328
8.74662317736942	102.49879465263233
8.84662317736942	103.67476345425685
8.94662317736942	104.85073748783915
9.046623177369419	106.02671002447822
9.146623177369419	107.20268093585521
9.246623177369418	108.37865793954239
9.346623177369418	109.55463177237509
9.446623177369418	110.73060610324579
9.546623177369417	111.9065860752726
9.646623177369417	113.08256211095468
9.746623177369417	114.25854111433813
9.846623177369416	115.43452189468479
9.946623177369416	116.6105012891782
10.046623177369415	117.78648469558222
10.146623177369415	118.96246976708602
10.246623177369415	120.1384539190066
10.346623177369414	121.31444032432094
10.446623177369414	122.49042475653624
10.546623177369414	123.66641092166401
10.646623177369413	124.84239917899298
10.746623177369413	126.01838942439007
10.846623177369413	127.19437828391152
10.946623177369412	128.37036799808064
11.046623177369412	129.54635685491758
11.146623177369412	130.72234966062618
11.246623177369411	131.73389688794174
11.34662317736941	132.71130162760412
11.44662317736941	133.68870722204343
11.54662317736941	134.66611367129636
11.64662317736941	135.64351956743596
11.74662317736941	136.62092876182916
11.846623177369409	137.5983396548602
11.946623177369409	138.575748742713
12.046623177369408	139.581164218442
12.146623177369408	140.58756050094735
12.246623177369408	141.59395763869446
12.346623177369407	142.600355499541
12.446623177369407	143.606753208858
12.546623177369407	144.61315312710832
12.56	144.74779006394394
1000012.56	144.74779006394394
