-100000	0
-0.002999218463898501	0
0.00033411486943483266	0.033062269913840224
0.005334114869434832	0.08328010130772895
0.012834114869434832	0.15942498374490277
0.024084114869434833	0.27493530659563586
0.040959114869434834	0.4503478613792555
0.06627161486943484	0.7170981964875581
0.10424036486943483	1.1233813344993597
0.16119348986943483	1.743151956753974
0.24662317736943484	2.689816364718733
0.3466231773694348	3.816684759003126
0.4466231773694348	4.958242590473147
0.5466231773694348	6.1106471994215115
0.6466231773694348	7.271128441345774
0.7466231773694347	8.437555470285263
0.8466231773694347	9.608215137582421
0.9466231773694347	10.781685173338511
1.0466231773694348	11.956757285107061
1.1466231773694349	13.132397552014643
1.246623177369435	14.308074534730077
1.346623177369435	15.483758948819455
1.4466231773694351	16.65944951059973
1.5466231773694352	17.835148257577544
1.6466231773694353	19.010851762369015
1.7466231773694354	20.18656180982155
1.8466231773694355	21.362277264924508
1.9466231773694356	22.53800022491387
2.0466231773694354	23.713727289470473
2.1466231773694355	24.889460107743407
2.2466231773694356	26.06520008417875
2.3466231773694357	27.240944043864335
2.446623177369436	28.41669513538242
2.546623177369436	29.592451434054407
2.646623177369436	30.76821275911154
2.746623177369436	31.943980833467602
2.846623177369436	33.119754348465335
2.9466231773694362	34.2955328225414
3.0466231773694363	35.471317564108176
3.1466231773694364	36.6471073260993
3.2466231773694365	37.82290266755642
3.3466231773694366	38.99870406347955
3.4466231773694367	40.174510275366124
3.5466231773694368	41.3503224052211
3.646623177369437	42.52613975194911
3.746623177369437	43.70196135120815
3.846623177369437	44.87778948950294
3.946623177369437	46.053622405680215
4.046623177369437	47.229459266344605
4.146623177369436	48.405304086098866
4.246623177369436	49.58115134884218
4.346623177369436	50.75700390122415
4.446623177369435	51.93286384073207
4.546623177369435	53.10872651844559
4.646623177369435	54.284595931446674
4.746623177369434	55.46047007576819
4.846623177369434	56.63634769901132
4.946623177369434	57.81223169083457
5.046623177369433	58.98812035897502
5.146623177369433	60.16401260934638
5.2466231773694325	61.339911037902986
5.346623177369432	62.51581284337268
5.446623177369432	63.691719512517835
5.5466231773694314	64.86763091021398
5.646623177369431	66.04354495615678
5.746623177369431	67.2194627706139
5.84662317736943	68.39538430920953
5.94662317736943	69.57130680188
6.04662317736943	70.74723545673831
6.146623177369429	71.92316634902026
6.246623177369429	73.09909765867461
6.346623177369429	74.27503594540087
6.446623177369428	75.45097379903497
6.546623177369428	76.62691499593812
6.6466231773694275	77.80286002914292
6.746623177369427	78.97880575429467
6.846623177369427	80.15475556174606
6.9466231773694265	81.33070745089576
7.046623177369426	82.50666093301021
7.146623177369426	83.68261786258265
7.246623177369425	84.85857647140978
7.346623177369425	86.03453696906026
7.446623177369425	87.2105004824159
7.546623177369424	88.3864649221146
7.646623177369424	89.56243120843001
7.746623177369424	90.7383999572571
7.846623177369423	91.91436904192211
7.946623177369423	93.09033972642929
8.046623177369423	94.26631126738249
8.146623177369422	95.4422839107656
8.246623177369422	96.61825680843317
8.346623177369421	97.79423025498
8.446623177369421	98.97020522655382
8.54662317736942	100.14617991734187
8.64662317736942	101.32215573504648
8.74662317736942	102.49813304073608
8.84662317736942	103.67410962833043
8.94662317736942	104.85008784231907
9.046623177369419	106.02606691347317
9.146623177369419	107.20204582992673
9.246623177369418	108.37802644903829
9.346623177369418	109.55400757001367
9.446623177369418	110.7299890442278
9.546623177369417	111.90597155542298
9.646623177369417	113.08195472864375
9.746623177369417	114.25793842213416
9.846623177369416	115.43392316167557
9.946623177369416	116.60990831005566
10.046623177369415	117.78589450841572
10.146623177369415	118.96188147198204
10.246623177369415	120.13786849595523
10.346623177369414	121.3138568602716
10.446623177369414	122.48984606704771
10.546623177369414	123.6658353764551
10.646623177369413	124.84182539612928
10.746623177369413	126.01781686988689
10.846623177369413	127.19380858458665
10.946623177369412	128.3698010219628
11.046623177369412	129.54579418200254
11.146623177369412	130.72178806469321
11.246623177369411	131.73332538305655
11.34662317736941	132.71073236822505
11.44662317736941	133.68814046378108
11.54662317736941	134.66554863518124
11.64662317736941	135.64295752916067
11.74662317736941	136.6203671457079
11.846623177369409	137.59777748481218
11.946623177369409	138.5751885464624
12.046623177369408	139.58060600664834
12.146623177369408	140.58700245175632
12.246623177369408	141.59340002423934
12.346623177369407	142.59979820526317
12.446623177369407	143.60619710877725
12.546623177369407	144.61259673479753
12.56	144.747220488559
1000012.56	144.747220488559
