-179769313486231570000000000000000000000000000000000000000000000000000000000000000000000000000000000000000000000000000000000000000000000000000000000000000000000000000000000000000000000000000000000000000000000000000000000000000000000000000000000000000000000000000000000000000000000000000000000000000000000000000	0
-0.0000000000000005331514431415044	0
0.0033333333333328006	0.03294288169940355
0.0083333333333328	0.1159658599237482
0.0158333333333328	0.24199121590493977
0.0270833333333328	0.43316548247755066
0.0439583333333328	0.7233986732773634
0.06927083333333281	1.164547933256649
0.1072395833333328	1.835962275745114
0.16419270833333283	2.8596277637594247
0.24962239583333284	4.4225759836591125
0.3496223958333329	6.49146330734899
0.44962239583333286	8.754785696360898
0.5496223958333328	11.043602912622593
0.6496223958333328	13.351364396448997
0.7496223958333328	15.673222107748504
0.8496223958333328	18.005372545293433
0.9496223958333327	20.34472772332379
1.0496223958333328	22.68870474787203
1.149622395833333	25.03510102785907
1.249622395833333	27.38229140411806
1.349622395833333	29.729571404118065
1.4496223958333332	32.076851404118074
1.5496223958333333	34.424131404118086
1.6496223958333334	36.7714114041181
1.7496223958333335	39.11869140411811
1.8496223958333335	41.46597140411812
1.9496223958333336	43.813251404118134
2.0496223958333335	46.16053140411814
2.1496223958333336	48.507811404118144
2.2496223958333337	50.855091404118156
2.3496223958333338	53.20237140411817
2.449622395833334	55.54965140411818
2.549622395833334	57.89693140411819
2.649622395833334	60.244211404118204
2.749622395833334	62.591491404118216
2.849622395833334	64.93877140411823
2.9496223958333343	67.28605140411824
3.0496223958333344	69.63333140411825
3.1496223958333345	71.98061140411826
3.2496223958333346	74.32789140411828
3.3496223958333347	76.67517140411829
3.4496223958333347	79.0224514041183
3.549622395833335	81.36973140411831
3.649622395833335	83.71701140411832
3.749622395833335	86.06429140411834
3.849622395833335	88.41157140411835
3.949622395833335	90.75885140411836
4.049622395833335	93.10613140411837
4.149622395833335	95.45341140411837
4.249622395833335	97.80069140411835
4.349622395833334	100.14797140411834
4.449622395833334	102.49525140411832
4.5496223958333335	104.8425314041183
4.649622395833333	107.18981140411829
4.749622395833333	109.53709140411827
4.849622395833332	111.88437140411826
4.949622395833332	114.23165140411824
5.049622395833332	116.57893140411822
5.149622395833331	118.9262114041182
5.249622395833331	121.27349140411819
5.349622395833331	123.62077140411817
5.44962239583333	125.96805140411816
5.54962239583333	128.31533140411815
5.64962239583333	130.66261140411817
5.749622395833329	133.00989140411818
5.849622395833329	135.3571714041182
5.9496223958333285	137.7044514041182
6.049622395833328	140.05173140411821
6.149622395833328	142.39901140411823
6.2496223958333275	144.74629140411824
6.349622395833327	147.09357140411825
6.449622395833327	149.44085140411826
6.549622395833326	151.78813140411827
6.649622395833326	154.1354114041183
6.749622395833326	156.4826914041183
6.849622395833325	158.8299714041183
6.949622395833325	161.17725140411832
7.049622395833325	163.52453140411833
7.149622395833324	165.87181140411835
7.249622395833324	168.21909140411836
7.3496223958333236	170.56637140411837
7.449622395833323	172.91365140411838
7.549622395833323	175.2609314041184
7.6496223958333225	177.6082114041184
7.749622395833322	179.95549140411842
7.849622395833322	182.30277140411843
7.949622395833321	184.65005140411844
8.049622395833321	186.99733140411846
8.14962239583332	189.34461140411847
8.24962239583332	191.69189140411848
8.34962239583332	194.0391714041185
8.44962239583332	196.3864514041185
8.54962239583332	198.73373140411852
8.649622395833319	201.08101140411853
8.749622395833319	203.42829140411854
8.849622395833318	205.77557140411855
8.949622395833318	208.12285140411856
9.049622395833318	210.47013140411858
9.149622395833317	212.8174114041186
9.249622395833317	215.1646914041186
9.349622395833316	217.5119714041186
9.449622395833316	219.85925140411862
9.549622395833316	222.20653140411864
9.649622395833315	224.55381140411865
9.749622395833315	226.90109140411866
9.849622395833315	229.24837140411867
9.949622395833314	231.59565140411868
10.049622395833314	233.9429314041187
10.149622395833314	236.2902114041187
10.249622395833313	238.63749140411872
10.349622395833313	240.98477140411873
10.449622395833313	243.33205140411874
10.549622395833312	245.67933140411876
10.649622395833312	248.02661140411877
10.749622395833311	250.37389140411878
10.849622395833311	252.7211714041188
10.94962239583331	255.0684514041188
11.04962239583331	257.4157314041188
11.14962239583331	259.76301140411874
11.24962239583331	261.9417522801604
11.34962239583331	263.92365315620214
11.449622395833309	265.8772531562022
11.549622395833309	267.83085315620224
11.649622395833308	269.7844531562023
11.749622395833308	271.73805315620234
11.849622395833308	273.6916531562024
11.949622395833307	275.64525315620244
12.049622395833307	277.62834138536914
12.149622395833306	279.6410296145358
12.249622395833306	281.65382961453577
12.349622395833306	283.66662961453574
12.449622395833305	285.6794296145357
12.549622395833305	287.6922296145357
12.649622395833305	288.8030698228693
12.749622395833304	288.90751003120295
12.849622395833304	288.90751003120295
12.949622395833304	288.90751003120295
13.049622395833303	288.90751003120295
13.149622395833303	288.90751003120295
13.249622395833303	288.90751003120295
13.349622395833302	288.90751003120295
13.449622395833302	288.90751003120295
13.549622395833302	288.90751003120295
13.649622395833301	288.90751003120295
13.7496223958333	288.90751003120295
13.8496223958333	288.90751003120295
13.9496223958333	288.90751003120295
14.0496223958333	288.90751003120295
14.1496223958333	288.90751003120295
14.249622395833299	288.90751003120295
14.349622395833299	288.90751003120295
14.449622395833298	288.90751003120295
14.549622395833298	288.90751003120295
14.649622395833298	288.90751003120295
14.749622395833297	288.90751003120295
14.849622395833297	288.90751003120295
14.949622395833297	288.90751003120295
15.049622395833296	288.90751003120295
15.149622395833296	288.90751003120295
15.249622395833295	288.90751003120295
15.349622395833295	288.90751003120295
15.449622395833295	288.90751003120295
15.549622395833294	288.90751003120295
15.649622395833294	288.90751003120295
15.749622395833294	288.90751003120295
15.849622395833293	288.90751003120295
15.949622395833293	288.90751003120295
16.049622395833293	288.90751003120295
16.149622395833294	288.90751003120295
16.249622395833295	288.90751003120295
16.349622395833297	288.90751003120295
16.4496223958333	288.90751003120295
16.5496223958333	288.90751003120295
16.6496223958333	288.90751003120295
16.749622395833303	288.90751003120295
16.849622395833304	288.90751003120295
16.949622395833305	288.90751003120295
17.049622395833307	288.90751003120295
17.14962239583331	288.90751003120295
17.24962239583331	288.90751003120295
17.34962239583331	288.90751003120295
17.449622395833313	288.90751003120295
17.549622395833314	288.90751003120295
17.649622395833315	288.90751003120295
17.749622395833317	288.90751003120295
17.849622395833318	288.90751003120295
17.94962239583332	288.90751003120295
18.04962239583332	288.90751003120295
18.149622395833322	288.90751003120295
18.249622395833324	288.90751003120295
18.349622395833325	288.90751003120295
18.449622395833327	288.90751003120295
18.549622395833328	288.90751003120295
18.64962239583333	288.90751003120295
18.74962239583333	288.90751003120295
18.849622395833332	288.90751003120295
18.949622395833334	288.90751003120295
19.049622395833335	288.90751003120295
19.149622395833337	288.90751003120295
19.249622395833338	288.90751003120295
19.34962239583334	288.90751003120295
19.44962239583334	288.90751003120295
19.549622395833342	288.90751003120295
19.649622395833344	288.90751003120295
19.749622395833345	288.90751003120295
19.849622395833347	288.90751003120295
19.949622395833348	288.90751003120295
20.04962239583335	288.90751003120295
20.14962239583335	288.90751003120295
20.249622395833352	288.90751003120295
20.349622395833354	288.90751003120295
20.449622395833355	288.90751003120295
20.549622395833357	288.90751003120295
20.649622395833358	288.90751003120295
20.74962239583336	288.90751003120295
20.84962239583336	288.90751003120295
20.949622395833362	288.90751003120295
21.049622395833364	288.90751003120295
21.149622395833365	288.90751003120295
21.249622395833367	288.90751003120295
21.349622395833368	288.90751003120295
21.44962239583337	288.90751003120295
21.54962239583337	288.90751003120295
21.649622395833372	288.90751003120295
21.749622395833374	288.90751003120295
21.849622395833375	288.90751003120295
21.949622395833376	288.90751003120295
22.049622395833378	288.90751003120295
22.14962239583338	288.91414988641964
22.24962239583338	288.9525148113908
22.349622395833382	289.04242923661405
22.449622395833384	289.18527223326583
22.549622395833385	289.36302419038054
22.649622395833386	289.52487355844926
22.749622395833388	289.63632411633154
22.84962239583339	289.6956715814303
22.94962239583339	289.7125713537158
23.049622395833392	289.7128231666478
23.149622395833394	289.7128231666478
23.249622395833395	289.7128231666478
23.349622395833396	289.7128231666478
23.449622395833398	289.7128231666478
23.5496223958334	289.7128231666478
23.6496223958334	289.7128231666478
23.749622395833402	289.74581460792217
23.849622395833403	289.8772260491965
23.949622395833405	290.07406604919646
24.049622395833406	290.2709060491964
24.149622395833408	290.46774604919636
24.24962239583341	290.6645860491963
24.34962239583341	290.86142604919627
24.449622395833412	291.0582660491962
24.549622395833413	291.2551060491962
24.649622395833415	291.4519460491961
24.749622395833416	291.6487860491961
24.849622395833418	291.845626049196
24.94962239583342	292.0155085845292
24.99492341356674	292.09476697528515
179769313486231570000000000000000000000000000000000000000000000000000000000000000000000000000000000000000000000000000000000000000000000000000000000000000000000000000000000000000000000000000000000000000000000000000000000000000000000000000000000000000000000000000000000000000000000000000000000000000000000000000	292.10256283070794
