-100000	0
-0.002999218463898501	0
0.00033411486943483266	0.03305635768934326
0.005334114869434832	0.08326544298375094
0.012834114869434832	0.15939717161408284
0.024084114869434833	0.274887778798701
0.040959114869434834	0.45027087880051153
0.06627161486943484	0.7169772670465714
0.10424036486943483	1.123195021191915
0.16119348986943483	1.7428687325728454
0.24662317736943484	2.689390411757712
0.3466231773694348	3.8160957143679637
0.4466231773694348	4.957494784299359
0.5466231773694348	6.109744980313745
0.6466231773694348	7.270076128412123
0.7466231773694347	8.436357428338358
0.8466231773694347	9.606875677674543
0.9466231773694347	10.780208597239215
1.0466231773694348	11.955147911600571
1.1466231773694349	13.130659631271607
1.246623177369435	14.30621250877215
1.346623177369435	15.481776978779637
1.4466231773694351	16.6573526991516
1.5466231773694352	17.832937696690323
1.6466231773694353	19.00853195113819
1.7466231773694354	20.184135177388466
1.8466231773694355	21.359746864306373
1.9466231773694356	22.535366705098618
2.0466231773694354	23.710994826915343
2.1466231773694355	24.88663113424101
2.2466231773694356	26.062275564920927
2.3466231773694357	27.23792820707303
2.446623177369436	28.41358900865836
2.546623177369436	29.589257455471923
2.646623177369436	30.764933692685467
2.746623177369436	31.94061790962099
2.846623177369436	33.11630974137492
2.9466231773694362	34.29200935613223
3.0466231773694363	35.467716889957686
3.1466231773694364	36.64343184355303
3.2466231773694365	37.81915442374629
3.3466231773694366	38.9948846828502
3.4466231773694367	40.17062178373501
3.5466231773694368	41.34636585492866
3.646623177369437	42.52211714752697
3.746623177369437	43.69787513251014
3.846623177369437	44.87364012668879
3.946623177369437	46.04941240944961
4.046623177369437	47.2251910353875
4.146623177369436	48.40097634475614
4.246623177369436	49.576768615680635
4.346623177369436	50.75256692332871
4.446623177369435	51.92837144146052
4.546623177369435	53.10418199717587
4.646623177369435	54.27999909157887
4.746623177369434	55.455821477752146
4.846623177369434	56.631649520420886
4.946623177369434	57.8074838714776
5.046623177369433	58.98332350048488
5.146623177369433	60.15916879301538
5.2466231773694325	61.335020270503264
5.346623177369432	62.5108763114502
5.446623177369432	63.68673744357192
5.5466231773694314	64.86260411335874
5.646623177369431	66.03847508677235
5.746623177369431	67.2143508866955
5.84662317736943	68.39023224672188
5.94662317736943	69.56611743948329
6.04662317736943	70.74200707607845
6.146623177369429	71.91790185551663
6.246623177369429	73.0937996365326
6.346623177369429	74.26970102784199
6.446623177369428	75.44560623225888
6.546623177369428	76.62151496814333
6.6466231773694275	77.79742701526504
6.746623177369427	78.97334256785943
6.846623177369427	80.14926189847813
6.9466231773694265	81.32518413694689
7.046623177369426	82.50110964568267
7.146623177369426	83.67703873164314
7.246623177369425	84.85297043116486
7.346623177369425	86.0289050836199
7.446623177369425	87.20484306188277
7.546623177369424	88.38078318225216
7.646623177369424	89.55672590583944
7.746623177369424	90.73267175658101
7.846623177369423	91.90861885128334
7.946623177369423	93.08456784533863
8.046623177369423	94.26051774659054
8.146623177369422	95.43646903120194
8.246623177369422	96.6124215184054
8.346623177369421	97.78837495433342
8.446623177369421	98.96432980431479
8.54662317736942	100.14028586178613
8.64662317736942	101.31624305486858
8.74662317736942	102.49220134832437
8.84662317736942	103.66816098090683
8.94662317736942	104.84412175972824
9.046623177369419	106.02008353932692
9.146623177369419	107.1960467463441
9.246623177369418	108.37201110186574
9.346623177369418	109.54797650754048
9.446623177369418	110.72394328581544
9.546623177369417	111.89991125550146
9.646623177369417	113.0758801264793
9.746623177369417	114.25185047249066
9.846623177369416	115.42782201011815
9.946623177369416	116.60379452633245
10.046623177369415	117.77976838226186
10.146623177369415	118.95574349079993
10.246623177369415	120.13171958429615
10.346623177369414	121.30769703722795
10.446623177369414	122.48367572085277
10.546623177369414	123.65965544866907
10.646623177369413	124.83563648504735
10.746623177369413	126.0116187480926
10.846623177369413	127.18760214681488
10.946623177369412	128.36358675193176
11.046623177369412	129.53957259041462
11.146623177369412	130.7155596203349
11.246623177369411	131.72709230294586
11.34662317736941	132.7044931146614
11.44662317736941	133.68189511782097
11.54662317736941	134.6592983124301
11.64662317736941	135.63670260819853
11.74662317736941	136.61410817828704
11.846623177369409	137.59151483699426
11.946623177369409	138.56892279842188
12.046623177369408	139.57433688291135
12.146623177369408	140.58073129910383
12.246623177369408	141.58712690680122
12.346623177369407	142.5935237120159
12.446623177369407	143.59992170934555
12.546623177369407	144.60632088806574
12.56	144.74095172441983
1000012.56	144.74095172441983
