-179769313486231570000000000000000000000000000000000000000000000000000000000000000000000000000000000000000000000000000000000000000000000000000000000000000000000000000000000000000000000000000000000000000000000000000000000000000000000000000000000000000000000000000000000000000000000000000000000000000000000000000	0
-0.0000000000000005418667530848612	0
0.003333333333332792	0.03294267799208755
0.008333333333332792	0.11596515059979151
0.01583333333333279	0.24198976126534882
0.02708333333333279	0.4331629373995191
0.043958333333332794	0.7233945471302141
0.0692708333333328	1.1645415463248154
0.1072395833333328	1.8359527671010083
0.16419270833333283	2.859614037585149
0.24962239583333284	4.422556817921399
0.3496223958333329	6.491438390412028
0.44962239583333286	8.754756045581463
0.5496223958333328	11.043569835669869
0.6496223958333328	13.35132893363955
0.7496223958333328	15.673185086102656
0.8496223958333328	18.00533459639591
0.9496223958333327	20.344689308968718
1.0496223958333328	22.68866615758176
1.149622395833333	25.035062397804403
1.249622395833333	27.382252772516416
1.349622395833333	29.72953277251643
1.4496223958333332	32.07681277251644
1.5496223958333333	34.42409277251645
1.6496223958333334	36.771372772516465
1.7496223958333335	39.11865277251648
1.8496223958333335	41.46593277251649
1.9496223958333336	43.8132127725165
2.0496223958333335	46.160492772516506
2.1496223958333336	48.50777277251651
2.2496223958333337	50.85505277251652
2.3496223958333338	53.202332772516534
2.449622395833334	55.54961277251655
2.549622395833334	57.89689277251656
2.649622395833334	60.24417277251657
2.749622395833334	62.59145277251658
2.849622395833334	64.93873277251659
2.9496223958333343	67.2860127725166
3.0496223958333344	69.63329277251661
3.1496223958333345	71.98057277251662
3.2496223958333346	74.32785277251664
3.3496223958333347	76.67513277251665
3.4496223958333347	79.02241277251666
3.549622395833335	81.36969277251667
3.649622395833335	83.71697277251668
3.749622395833335	86.0642527725167
3.849622395833335	88.41153277251671
3.949622395833335	90.75881277251672
4.049622395833335	93.10609277251673
4.149622395833335	95.45337277251674
4.249622395833335	97.80065277251676
4.349622395833334	100.14793277251677
4.449622395833334	102.49521277251678
4.5496223958333335	104.84249277251679
4.649622395833333	107.1897727725168
4.749622395833333	109.53705277251682
4.849622395833332	111.88433277251683
4.949622395833332	114.23161277251684
5.049622395833332	116.57889277251685
5.149622395833331	118.92617277251686
5.249622395833331	121.27345277251688
5.349622395833331	123.62073277251689
5.44962239583333	125.9680127725169
5.54962239583333	128.3152927725169
5.64962239583333	130.6625727725169
5.749622395833329	133.00985277251692
5.849622395833329	135.35713277251693
5.9496223958333285	137.70441277251695
6.049622395833328	140.05169277251696
6.149622395833328	142.39897277251697
6.2496223958333275	144.74625277251698
6.349622395833327	147.093532772517
6.449622395833327	149.440812772517
6.549622395833326	151.78809277251702
6.649622395833326	154.13537277251703
6.749622395833326	156.48265277251704
6.849622395833325	158.82993277251705
6.949622395833325	161.17721277251707
7.049622395833325	163.52449277251708
7.149622395833324	165.8717727725171
7.249622395833324	168.2190527725171
7.3496223958333236	170.56633277251711
7.449622395833323	172.91361277251713
7.549622395833323	175.26089277251714
7.6496223958333225	177.60817277251715
7.749622395833322	179.95545277251716
7.849622395833322	182.30273277251717
7.949622395833321	184.6500127725172
8.049622395833321	186.9972927725172
8.14962239583332	189.3445727725172
8.24962239583332	191.69185277251722
8.34962239583332	194.03913277251723
8.44962239583332	196.38641277251725
8.54962239583332	198.73369277251726
8.649622395833319	201.08097277251727
8.749622395833319	203.42825277251728
8.849622395833318	205.7755327725173
8.949622395833318	208.1228127725173
9.049622395833318	210.47009277251732
9.149622395833317	212.81737277251733
9.249622395833317	215.16465277251734
9.349622395833316	217.51193277251735
9.449622395833316	219.85921277251737
9.549622395833316	222.20649277251738
9.649622395833315	224.5537727725174
9.749622395833315	226.9010527725174
9.849622395833315	229.24833277251741
9.949622395833314	231.59561277251743
10.049622395833314	233.94289277251744
10.149622395833314	236.29017277251745
10.249622395833313	238.63745277251746
10.349622395833313	240.98473277251748
10.449622395833313	243.3320127725175
10.549622395833312	245.6792927725175
10.649622395833312	248.0265727725175
10.749622395833311	250.37385277251752
10.849622395833311	252.72113277251754
10.94962239583331	255.06841277251755
11.04962239583331	257.4156927725175
11.14962239583331	259.76297277251746
11.24962239583331	262.0259832105383
11.34962239583331	264.19057364855917
11.449622395833309	266.34101364855917
11.549622395833309	268.4914536485592
11.649622395833308	270.6418936485592
11.749622395833308	272.7923336485592
11.849622395833308	274.9427736485592
11.949622395833307	277.0932136485592
12.049622395833307	279.2583977631425
12.149622395833306	281.4383818777258
12.249622395833306	283.6184218777258
12.349622395833306	285.79846187772574
12.449622395833305	287.9785018777257
12.549622395833305	290.15854187772567
12.649622395833305	291.4498862006426
12.749622395833304	291.7496305235595
12.849622395833304	291.94647052355947
12.949622395833304	292.1433105235594
13.049622395833303	292.33968064044365
13.149622395833303	292.53260115804625
13.249622395833303	292.7191915955702
13.349622395833302	292.8990813043935
13.449622395833302	293.07227028276617
13.549622395833302	293.2387585289381
13.649622395833301	293.3985460411592
13.7496223958333	293.5516328176793
13.8496223958333	293.69801885674843
13.9496223958333	293.8377041566165
14.0496223958333	293.9706887155334
14.1496223958333	294.0969725317491
14.249622395833299	294.2165556035134
14.349622395833299	294.3294379290764
14.449622395833298	294.4356195066879
14.549622395833298	294.5351003345978
14.649622395833298	294.62788041105614
14.749622395833297	294.71395973431277
14.849622395833297	294.7933383026176
14.949622395833297	294.86601611422054
15.049622395833296	294.9319931673715
15.149622395833296	294.99126946032044
15.249622395833295	295.04393387384056
15.349622395833295	295.09033621731476
15.449622395833295	295.13075433944323
15.549622395833294	295.16520516119147
15.649622395833294	295.19368868255947
15.749622395833294	295.21620490354724
15.849622395833293	295.23275382415477
15.949622395833293	295.24333544438207
16.049622395833293	295.24802645537113
16.149622395833294	295.2489184813416
16.249622395833295	295.2489184813416
16.349622395833297	295.2489184813416
16.4496223958333	295.2489184813416
16.5496223958333	295.2489184813416
16.6496223958333	295.2489184813416
16.749622395833303	295.2489184813416
16.849622395833304	295.2489184813416
16.949622395833305	295.2489184813416
17.049622395833307	295.2489184813416
17.14962239583331	295.2489184813416
17.24962239583331	295.2489184813416
17.34962239583331	295.2489184813416
17.449622395833313	295.2489184813416
17.549622395833314	295.2489184813416
17.649622395833315	295.2489184813416
17.749622395833317	295.2489184813416
17.849622395833318	295.2489184813416
17.94962239583332	295.2489184813416
18.04962239583332	295.2489184813416
18.149622395833322	295.2489184813416
18.249622395833324	295.2489184813416
18.349622395833325	295.2489184813416
18.449622395833327	295.2489184813416
18.549622395833328	295.2489184813416
18.64962239583333	295.2489184813416
18.74962239583333	295.2489184813416
18.849622395833332	295.2489184813416
18.949622395833334	295.2489184813416
19.049622395833335	295.2489184813416
19.149622395833337	295.2489184813416
19.249622395833338	295.2489184813416
19.34962239583334	295.2489184813416
19.44962239583334	295.2489184813416
19.549622395833342	295.2489184813416
19.649622395833344	295.2489184813416
19.749622395833345	295.2489184813416
19.849622395833347	295.2489184813416
19.949622395833348	295.2489184813416
20.04962239583335	295.2489184813416
20.14962239583335	295.2489184813416
20.249622395833352	295.2489184813416
20.349622395833354	295.2489184813416
20.449622395833355	295.2489184813416
20.549622395833357	295.2489184813416
20.649622395833358	295.2489184813416
20.74962239583336	295.2489184813416
20.84962239583336	295.2489184813416
20.949622395833362	295.2489184813416
21.049622395833364	295.2489184813416
21.149622395833365	295.2489184813416
21.249622395833367	295.2489184813416
21.349622395833368	295.25287073805845
21.44962239583337	295.2834759099952
21.54962239583337	295.36190396265727
21.649622395833372	295.49057645976376
21.749622395833374	295.6638579740825
21.849622395833375	295.84083732491735
21.949622395833376	295.97593438394506
22.049622395833378	296.0588447763061
22.14962239583338	296.0917752813591
22.24962239583338	296.09629725689825
22.349622395833382	296.09629725689825
22.449622395833384	296.09629725689825
22.549622395833385	296.09629725689825
22.649622395833386	296.09629725689825
22.749622395833388	296.09629725689825
22.84962239583339	296.09629725689825
22.94962239583339	296.09629725689825
23.049622395833392	296.09629725689825
23.149622395833394	296.09629725689825
23.249622395833395	296.09629725689825
23.349622395833396	296.09629725689825
23.449622395833398	296.09629725689825
23.5496223958334	296.09629725689825
23.6496223958334	296.09629725689825
23.749622395833402	296.132497103459
23.849622395833403	296.2671169500197
23.949622395833405	296.4639569500197
24.049622395833406	296.66079695001963
24.149622395833408	296.8576369500196
24.24962239583341	297.05447695001953
24.34962239583341	297.2513169500195
24.449622395833412	297.44815695001944
24.549622395833413	297.6449969500194
24.649622395833415	297.83470787302474
24.735842450765865	297.9542387801921
179769313486231570000000000000000000000000000000000000000000000000000000000000000000000000000000000000000000000000000000000000000000000000000000000000000000000000000000000000000000000000000000000000000000000000000000000000000000000000000000000000000000000000000000000000000000000000000000000000000000000000000	297.9824787643541
