-179769313486231570000000000000000000000000000000000000000000000000000000000000000000000000000000000000000000000000000000000000000000000000000000000000000000000000000000000000000000000000000000000000000000000000000000000000000000000000000000000000000000000000000000000000000000000000000000000000000000000000000	0
-0.0000000000000005462244080565398	0
0.003333333333332787	0.03294257608856458
0.006666666666666121	0.06626154443773234
0.01166666666666612	0.11667147638460498
0.01916666666666612	0.19297278121578076
0.03041666666666612	0.308584472054674
0.04729166666666612	0.4840234937999002
0.07260416666666612	0.7506533819348549
0.11057291666666613	1.156488988064102
0.16752604166666613	1.775507817707002
0.25295572916666614	2.7207340270687594
0.3529557291666662	3.8456338564089805
0.45295572916666615	4.985032258201143
0.5529557291666661	6.135170394963934
0.6529557291666661	7.29333103924983
0.7529557291666661	8.457425473758718
0.8529557291666661	9.625768848096456
0.952955729166666	10.796973140609781
1.052955729166666	11.969859620738415
1.152955729166666	13.143418041504098
1.2529557291666662	14.317058041504103
1.3529557291666663	15.490698041504107
1.4529557291666664	16.66433804150411
1.5529557291666665	17.837978041504112
1.6529557291666666	19.011618041504114
1.7529557291666666	20.185258041504117
1.8529557291666667	21.35889804150412
1.9529557291666668	22.53253804150412
2.052955729166667	23.706178041504124
2.152955729166667	24.879818041504127
2.252955729166667	26.05345804150413
2.352955729166667	27.22709804150413
2.4529557291666673	28.400738041504134
2.5529557291666674	29.574378041504136
2.6529557291666674	30.74801804150414
2.7529557291666675	31.92165804150414
2.8529557291666676	33.095298041504144
2.9529557291666677	34.26893804150415
3.052955729166668	35.442578041504156
3.152955729166668	36.61621804150416
3.252955729166668	37.78985804150417
3.352955729166668	38.963498041504174
3.452955729166668	40.13713804150418
3.5529557291666682	41.310778041504186
3.6529557291666683	42.48441804150419
3.7529557291666684	43.6580580415042
3.8529557291666685	44.831698041504204
3.9529557291666686	46.00533804150421
4.052955729166668	47.17897804150421
4.152955729166668	48.35261804150421
4.2529557291666675	49.52625804150421
4.352955729166667	50.699898041504206
4.452955729166667	51.873538041504204
4.5529557291666665	53.0471780415042
4.652955729166666	54.2208180415042
4.752955729166666	55.3944580415042
4.852955729166665	56.5680980415042
4.952955729166665	57.7417380415042
5.052955729166665	58.9153780415042
5.152955729166664	60.0890180415042
5.252955729166664	61.262658041504196
5.352955729166664	62.436298041504195
5.452955729166663	63.60993804150419
5.552955729166663	64.7835780415042
5.652955729166663	65.9572180415042
5.752955729166662	67.13085804150421
5.852955729166662	68.30449804150422
5.9529557291666615	69.47813804150422
6.052955729166661	70.65177804150423
6.152955729166661	71.82541804150424
6.25295572916666	72.99905804150424
6.35295572916666	74.17269804150425
6.45295572916666	75.34633804150425
6.552955729166659	76.51997804150426
6.652955729166659	77.69361804150427
6.752955729166659	78.86725804150427
6.852955729166658	80.04089804150428
6.952955729166658	81.21453804150428
7.052955729166658	82.38817804150429
7.152955729166657	83.5618180415043
7.252955729166657	84.7354580415043
7.3529557291666565	85.90909804150431
7.452955729166656	87.08273804150431
7.552955729166656	88.25637804150432
7.6529557291666555	89.43001804150433
7.752955729166655	90.60365804150433
7.852955729166655	91.77729804150434
7.952955729166654	92.95093804150434
8.052955729166655	94.12457804150435
8.152955729166655	95.29821804150436
8.252955729166654	96.47185804150436
8.352955729166654	97.64549804150437
8.452955729166653	98.81913804150437
8.552955729166653	99.99277804150438
8.652955729166653	101.16641804150439
8.752955729166652	102.34005804150439
8.852955729166652	103.5136980415044
8.952955729166652	104.6873380415044
9.052955729166651	105.86097804150441
9.152955729166651	107.03461804150442
9.25295572916665	108.20825804150442
9.35295572916665	109.38189804150443
9.45295572916665	110.55553804150443
9.55295572916665	111.72917804150444
9.65295572916665	112.90281804150445
9.752955729166649	114.07645804150445
9.852955729166649	115.25009804150446
9.952955729166648	116.42373804150446
10.052955729166648	117.59737804150447
10.152955729166647	118.77101804150448
10.252955729166647	119.94465804150448
10.352955729166647	121.11829804150449
10.452955729166646	122.2919380415045
10.552955729166646	123.4655780415045
10.652955729166646	124.6392180415045
10.752955729166645	125.81285804150451
10.852955729166645	126.98649804150452
10.952955729166645	128.16013804150452
11.052955729166644	129.33377804150453
11.152955729166644	130.50741804150454
11.252955729166644	131.59350781285872
11.352955729166643	132.66872781285872
11.452955729166643	133.74394781285872
11.552955729166642	134.81916781285872
11.652955729166642	135.89438781285872
11.752955729166642	136.96960781285873
11.852955729166641	138.04482781285873
11.952955729166641	139.12048526077538
12.05295572916664	140.2105052607754
12.15295572916664	141.3005252607754
12.25295572916664	142.3905452607754
12.35295572916664	143.48056526077542
12.45295572916664	144.57058526077543
12.552955729166639	145.66060526077544
12.652955729166639	145.82887625035906
12.752955729166638	145.92729625035906
12.852955729166638	146.02571625035907
12.952955729166638	146.12413625035907
13.052955729166637	146.22255625035908
13.152955729166637	146.32097625035908
13.252955729166636	146.41939625035909
13.352955729166636	146.5178162503591
13.452955729166636	146.6162362503591
13.552955729166635	146.7146562503591
13.652955729166635	146.8130762503591
13.752955729166635	146.9114962503591
13.852955729166634	147.0099162503591
13.952955729166634	147.10833625035912
14.052955729166634	147.20675625035912
14.152955729166633	147.30517625035912
14.252955729166633	147.40359625035913
14.352955729166633	147.50201625035913
14.452955729166632	147.60043625035914
14.552955729166632	147.69885625035914
14.652955729166631	147.79727625035915
14.752955729166631	147.89569625035915
14.85295572916663	147.99411625035916
14.95295572916663	148.09253625035916
15.05295572916663	148.19095625035916
15.15295572916663	148.28937625035917
15.25295572916663	148.38779625035917
15.352955729166629	148.48621625035918
15.452955729166629	148.58463625035918
15.552955729166628	148.6830562503592
15.652955729166628	148.7814762503592
15.752955729166628	148.8798962503592
15.852955729166627	148.9783162503592
15.952955729166627	149.0767362503592
16.052955729166626	149.17505535195824
16.152955729166628	149.2712075815903
16.25295572916663	149.36437616103223
16.35295572916663	149.45456109028405
16.452955729166632	149.54176236934575
16.552955729166634	149.62597999821733
16.652955729166635	149.70721397689883
16.752955729166636	149.7854643053902
16.852955729166638	149.86073098369147
16.95295572916664	149.9330140118026
17.05295572916664	150.00231338972364
17.152955729166642	150.06862911745455
17.252955729166644	150.13196119499534
17.352955729166645	150.19230962234602
17.452955729166646	150.24967439950657
17.552955729166648	150.30405552647701
17.65295572916665	150.35545300325737
17.75295572916665	150.4038668298476
17.852955729166652	150.44930467471764
17.952955729166653	150.49182846412643
18.052955729166655	150.53145172162033
18.152955729166656	150.56817444719934
18.252955729166658	150.60199664086346
18.35295572916666	150.6329183026127
18.45295572916666	150.66093943244704
18.552955729166662	150.68606003036646
18.652955729166663	150.708280096371
18.752955729166665	150.72759963046065
18.852955729166666	150.7440186326354
18.952955729166668	150.75753710289527
19.05295572916667	150.76815504124025
19.15295572916667	150.77587244767034
19.252955729166672	150.7806893221855
19.352955729166673	150.7826056647858
19.452955729166675	150.78264311092383
19.552955729166676	150.78264311092383
19.652955729166678	150.78264311092383
19.75295572916668	150.78264311092383
19.85295572916668	150.78264311092383
19.952955729166682	150.78264311092383
20.052955729166683	150.78264311092383
20.152955729166685	150.78264311092383
20.252955729166686	150.78264311092383
20.352955729166688	150.78264311092383
20.45295572916669	150.78766697811133
20.55295572916669	150.79564697811134
20.652955729166692	150.80259311092382
20.752955729166693	150.80259311092382
20.852955729166695	150.80283209259858
20.952955729166696	150.8067808445176
21.052955729166698	150.82725909827286
21.1529557291667	150.87780275423353
21.2529557291667	150.95346863241642
21.352955729166702	151.0498207925109
21.452955729166703	151.13629817792608
21.552955729166705	151.19588359632885
21.652955729166706	151.2293756813983
21.752955729166707	151.23738568012718
21.85295572916671	151.23738568012718
21.95295572916671	151.23738568012718
22.05295572916671	151.23738568012718
22.152955729166713	151.23738568012718
22.252955729166715	151.23738568012718
22.352955729166716	151.23738568012718
22.452955729166717	151.23738568012718
22.55295572916672	151.23738568012718
22.65295572916672	151.23738568012718
22.75295572916672	151.23738568012718
22.852955729166723	151.23738568012718
22.952955729166725	151.23738568012718
23.052955729166726	151.23738568012718
23.152955729166727	151.23738568012718
23.25295572916673	151.23738568012718
23.35295572916673	151.23738568012718
23.45295572916673	151.23738568012718
23.552955729166733	151.23738568012718
23.652955729166734	151.23738568012718
23.752955729166736	151.27847039599774
23.852955729166737	151.37689039599775
23.95295572916674	151.47531039599775
24.05295572916674	151.57373039599776
24.15295572916674	151.67215039599776
24.252955729166743	151.77057039599777
24.352955729166744	151.86899039599777
24.452955729166746	151.96741039599777
24.552955729166747	152.04377615301235
24.60630196936543	152.0545868947042
179769313486231570000000000000000000000000000000000000000000000000000000000000000000000000000000000000000000000000000000000000000000000000000000000000000000000000000000000000000000000000000000000000000000000000000000000000000000000000000000000000000000000000000000000000000000000000000000000000000000000000000	152.0545868947042
