-179769313486231570000000000000000000000000000000000000000000000000000000000000000000000000000000000000000000000000000000000000000000000000000000000000000000000000000000000000000000000000000000000000000000000000000000000000000000000000000000000000000000000000000000000000000000000000000000000000000000000000000	0
5.868656415278046	0
5.871989748611379	0.00008153661582220132
5.875323081944712	0.0002354953380514897
5.880323081944712	0.0005972171349004189
5.887823081944712	0.0014340631855601443
5.899073081944713	0.0033514248111688027
5.9159480819447126	0.007717820850189137
5.941260581944713	0.01762298920510449
5.979229331944713	0.03962489403850368
6.0361824569447124	0.08804001149885793
6.121612144444713	0.19287537171741137
6.2216121444447126	0.3602960978931756
6.321612144444712	0.5714005859175826
6.421612144444712	0.8223842959433535
6.5216121444447115	1.110044166885539
6.621612144444711	1.4319079068843938
6.721612144444711	1.7859503790393783
6.82161214444471	2.1701372781045434
6.92161214444471	2.5827248713885473
7.02161214444471	3.0221915877023884
7.121612144444709	3.487089370250932
7.221612144444709	3.9761837606460366
7.321612144444709	4.488315720579156
7.421612144444708	5.022454540219732
7.521612144444708	5.577546567230566
7.621612144444708	6.152598033041614
7.721612144444707	6.746728504068339
7.821612144444707	7.359118810881115
7.9216121444447065	7.988885290165574
8.021612144444706	8.635466493900726
8.121612144444706	9.297940792102292
8.221612144444705	9.975840044176346
8.321612144444705	10.66832463396712
8.421612144444705	11.375027938813583
8.521612144444704	12.095245197874606
8.621612144444704	12.828339315791405
8.721612144444704	13.573782831360168
8.821612144444703	14.331205873155662
8.921612144444703	15.100162869041736
9.021612144444703	15.880129071501504
9.121612144444702	16.670877694927533
9.221612144444702	17.471846627470907
9.321612144444702	18.282912558083545
9.421612144444701	19.103559348949872
9.5216121444447	19.93375760415769
9.6216121444447	20.773141474573805
9.7216121444447	21.621464211993228
9.8216121444447	22.478494371006754
9.9216121444447	23.343998032581922
10.021612144444699	24.21773197780883
10.121612144444699	25.099542567605596
10.221612144444698	25.98914870757847
10.321612144444698	26.886326413050593
10.421612144444698	27.790862641900926
10.521612144444697	28.70253196503764
10.621612144444697	29.621150440174485
10.721612144444697	30.54646886661835
10.821612144444696	31.478231413890427
10.921612144444696	32.41625078328748
11.021612144444696	33.36026603869906
11.121612144444695	34.310023587743885
11.221612144444695	35.26532193256553
11.321612144444694	36.225867692914775
11.421612144444694	37.19141628178995
11.521612144444694	38.16172576209097
11.621612144444693	39.13647889153071
11.721612144444693	40.1154446784188
11.821612144444693	41.098327050739265
11.921612144444692	42.08479579651449
12.021612144444692	43.07463691998954
12.121612144444692	44.06749322029231
12.221612144444691	45.06304445060867
12.32161214444469	46.06096872470524
12.42161214444469	47.060947584960175
12.52161214444469	48.062642024976256
12.62161214444469	49.0657078810125
12.72161214444469	50.06976656537014
12.821612144444689	50.47262189150965
12.921612144444689	50.80562189155994
13.021612144444688	51.13862189161023
13.121612144444688	51.47162189166052
13.221612144444688	51.80462189171081
13.321612144444687	52.1376218917611
13.421612144444687	52.47062189181139
13.521612144444687	52.80362189186168
13.621612144444686	53.13662189191197
13.721612144444686	53.46962189196226
13.821612144444686	53.80262189201255
13.921612144444685	54.135621892062844
14.021612144444685	54.468621892113134
14.121612144444684	54.801621892163425
14.221612144444684	55.134621892213715
14.321612144444684	55.467621892264006
14.421612144444683	55.8006218923143
14.521612144444683	56.13362189236459
14.621612144444683	56.46662189241488
14.721612144444682	56.79962189246517
14.821612144444682	57.13262189251546
14.921612144444682	57.46562189256575
15.021612144444681	57.79862189261604
15.121612144444681	58.13162189266633
15.22161214444468	58.46462189271662
15.32161214444468	58.79762189276691
15.42161214444468	59.1306218928172
15.52161214444468	59.463621892867494
15.62161214444468	59.796621892917784
15.721612144444679	60.129621892968075
15.821612144444678	60.462621893018365
15.921612144444678	60.795621893068656
16.021612144444678	61.12862189311895
16.12161214444468	61.461621893169244
16.22161214444468	61.79462189321954
16.321612144444682	62.12762189326984
16.421612144444683	62.46062189332014
16.521612144444685	62.793621893370435
16.621612144444686	63.12662189342073
16.721612144444688	63.45962189347103
16.82161214444469	63.79262189352133
16.92161214444469	64.12562189357162
17.021612144444692	64.45862189362191
17.121612144444693	64.7916218936722
17.221612144444695	65.12462189372249
17.321612144444696	65.45762189377278
17.421612144444698	65.79062189382307
17.5216121444447	66.12362189387336
17.6216121444447	66.45662189392365
17.721612144444702	66.78962189397394
17.821612144444703	67.12262189402423
17.921612144444705	67.45562189407453
18.021612144444706	67.78862189412482
18.121612144444708	68.1216218941751
18.22161214444471	68.4546218942254
18.32161214444471	68.78762189427569
18.421612144444712	69.12062189432598
18.521612144444713	69.45362189437627
18.621612144444715	69.78662189442656
18.721612144444716	70.11962189447685
18.821612144444718	70.45262189452714
18.92161214444472	70.78562189457743
19.02161214444472	71.11862189462772
19.121612144444722	71.45162189467801
19.221612144444723	71.7846218947283
19.321612144444725	72.1176218947786
19.421612144444726	72.45062189482888
19.521612144444727	72.78362189487918
19.62161214444473	73.11662189492947
19.72161214444473	73.44962189497976
19.82161214444473	73.78262189503005
19.921612144444733	74.11562189508034
20.021612144444735	74.44862189513063
20.121612144444736	74.78162189518092
20.221612144444737	75.11462189523121
20.32161214444474	75.4476218952815
20.42161214444474	75.78062189533179
20.52161214444474	76.11362189538208
20.621612144444743	76.44662189543237
20.721612144444745	76.77962189548266
20.821612144444746	77.11262189553295
20.921612144444747	77.44562189558324
21.02161214444475	77.77862189563353
21.12161214444475	78.11162189568383
21.22161214444475	78.44462189573412
21.321612144444753	78.7776218957844
21.421612144444754	79.1106218958347
21.521612144444756	79.44362189588499
21.621612144444757	79.77662189593528
21.72161214444476	80.10962189598557
21.82161214444476	80.44262189603586
21.92161214444476	80.77562189608615
22.021612144444763	81.10862189613644
22.121612144444764	81.44162189618673
22.221612144444766	81.77462189623702
22.321612144444767	82.10762189628731
22.42161214444477	82.4406218963376
22.52161214444477	82.7736218963879
22.62161214444477	83.10662189643818
22.721612144444773	83.43962189648848
22.821612144444774	83.77262189653877
22.921612144444776	84.10562189658906
23.021612144444777	84.43862189663935
23.12161214444478	84.77162189668964
23.22161214444478	85.10462189673993
23.32161214444478	85.43762189679022
23.421612144444783	85.77062189684051
23.45	85.9596850148668
179769313486231570000000000000000000000000000000000000000000000000000000000000000000000000000000000000000000000000000000000000000000000000000000000000000000000000000000000000000000000000000000000000000000000000000000000000000000000000000000000000000000000000000000000000000000000000000000000000000000000000000	85.9596850148668
