-100000	0
-0.002999218463898501	0
0.00033411486943483266	0.03306550363363664
0.005334114869434832	0.0832882965272252
0.012834114869434832	0.15944051486523564
0.024084114869434833	0.27496181246756374
0.040959114869434834	0.4503907141251861
0.06627161486943484	0.7171653628439882
0.10424036486943483	1.1234845125813868
0.16119348986943483	1.7433080486290178
0.24662317736943484	2.6900494634992853
0.3466231773694348	3.817004245363997
0.4466231773694348	4.958644499789439
0.5466231773694348	6.111127685939863
0.6466231773694348	7.271683443956549
0.7466231773694347	8.438181100993189
0.8466231773694347	9.608907516380324
0.9466231773694347	10.782440234427128
1.0466231773694348	11.957571159854718
1.1466231773694349	13.133266279801804
1.246623177369435	14.30899419873047
1.346623177369435	15.484725345068227
1.4466231773694351	16.660460120114013
1.5466231773694352	17.83619695188025
1.6466231773694353	19.011936269518664
1.7466231773694354	20.18767771279866
1.8466231773694355	21.363421399033008
1.9466231773694356	22.539167295447236
2.0466231773694354	23.714915400761136
2.1466231773694355	24.890665713693714
2.2466231773694356	26.06641956689665
2.3466231773694357	27.242174963371966
2.446623177369436	28.41794204468791
2.546623177369436	29.59371446400272
2.646623177369436	30.769489396214425
2.746623177369436	31.94526684201725
2.846623177369436	33.12104680210476
2.9466231773694362	34.29683167334829
3.0466231773694363	35.472622116354955
3.1466231773694364	36.648422451050756
3.2466231773694365	37.824225001231945
3.3466231773694366	39.00002976747342
3.4466231773694367	40.17583675034976
3.5466231773694368	41.35164595043634
3.646623177369437	42.52745847435211
3.746623177369437	43.703288584955196
3.846623177369437	44.87911793543725
3.946623177369437	46.054949847928434
4.046623177369437	47.230784321967334
4.146623177369436	48.40662135709225
4.246623177369436	49.58245819554821
4.346623177369436	50.75831765803982
4.446623177369435	51.934175695143566
4.546623177369435	53.110036416419526
4.646623177369435	54.28589982186781
4.746623177369434	55.46176591148834
4.846623177369434	56.637640957298935
4.946623177369434	57.813516109675
5.046623177369433	58.98940293666497
5.146623177369433	60.165292130608314
5.2466231773694325	61.341183691783606
5.346623177369432	62.517077620469806
5.446623177369432	63.69297391694563
5.5466231773694314	64.86887028100325
5.646623177369431	66.04479271101948
5.746623177369431	67.22070953164479
5.84662317736943	68.39662895330862
5.94662317736943	69.57255097620873
6.04662317736943	70.7484756005439
6.146623177369429	71.92439739501692
6.246623177369429	73.10034800677661
6.346623177369429	74.27629169300903
6.446623177369428	75.45223700504184
6.546623177369428	76.62818394287504
6.6466231773694275	77.80413250650838
6.746623177369427	78.98008764796307
6.846623177369427	80.15603564206202
6.9466231773694265	81.33199063045977
7.046623177369426	82.50794723683362
7.146623177369426	83.68390546126702
7.246623177369425	84.85986530384523
7.346623177369425	86.03583169345953
7.446623177369425	87.21178943003682
7.546623177369424	88.38775399599784
7.646623177369424	89.56371942318279
7.746623177369424	90.73968571159999
7.846623177369423	91.9156528612568
7.946623177369423	93.0916210945362
8.046623177369423	94.26758852273161
8.146623177369422	95.44355157217859
8.246623177369422	96.61951644498544
8.346623177369421	97.7954822780349
8.446623177369421	98.97144907139017
8.54662317736942	100.14741682511628
8.64662317736942	101.32338560356936
8.74662317736942	102.49934824680545
8.84662317736942	103.67531270941903
8.94662317736942	104.85127841062027
9.046623177369419	106.02724535023222
9.146623177369419	107.20321352807717
9.246623177369418	108.37918187626627
9.346623177369418	109.55514559627278
9.446623177369418	110.7311088529567
9.546623177369417	111.90707383803753
9.646623177369417	113.08304055114048
9.746623177369417	114.25900899189016
9.846623177369416	115.434979159912
9.946623177369416	116.61095160821442
10.046623177369415	117.7869234235849
10.146623177369415	118.96289876124477
10.246623177369415	120.13887582552526
10.346623177369414	121.31485461605264
10.446623177369414	122.49083513245422
10.546623177369414	123.6668177231722
10.646623177369413	124.84280086406716
10.746623177369413	126.01878501456335
10.846623177369413	127.19477247278434
10.946623177369412	128.37076165650114
11.046623177369412	129.54675256524908
11.146623177369412	130.72274519856046
11.246623177369411	131.7342858133719
11.34662317736941	132.71169164778098
11.44662317736941	133.68909826817875
11.54662317736941	134.66650567455983
11.64662317736941	135.64391386691645
11.74662317736941	136.62132284524318
11.846623177369409	137.59873260953106
11.946623177369409	138.57614274535152
12.046623177369408	139.5815588520505
12.146623177369408	140.5879554155539
12.246623177369408	141.594352764941
12.346623177369407	142.60075090022033
12.446623177369407	143.60714982140271
12.546623177369407	144.61354898243158
12.56	144.74817469674022
1000012.56	144.74817469674022
