-179769313486231570000000000000000000000000000000000000000000000000000000000000000000000000000000000000000000000000000000000000000000000000000000000000000000000000000000000000000000000000000000000000000000000000000000000000000000000000000000000000000000000000000000000000000000000000000000000000000000000000000	0
5.6381342690872325	0
5.641467602420565	0.0000007772888535317879
5.644800935753898	0.000004471008014858557
5.649800935753898	0.000019637031874415083
5.657300935753899	0.0000767231848694404
5.668550935753899	0.0002824013282891184
5.685425935753899	0.0010054924882293048
5.710738435753899	0.003506768614914305
5.748707185753899	0.011875575342286691
5.805660310753899	0.037940612240430154
5.891089998253898	0.10673154067829893
5.991089998253898	0.2283135952210681
6.0910899982538975	0.3898637363692462
6.191089998253897	0.5876128485886705
6.291089998253897	0.8186054385427348
6.3910899982538965	1.080209367901859
6.491089998253896	1.3703203919296072
6.591089998253896	1.6870953500544503
6.691089998253895	2.028865266929177
6.791089998253895	2.3942001582252033
6.891089998253895	2.7819170810680007
6.991089998253894	3.190759808649771
7.091089998253894	3.6196014367452953
7.191089998253894	4.067519798966895
7.291089998253893	4.533569838431821
7.391089998253893	5.016904494197545
7.4910899982538925	5.516697356970808
7.591089998253892	6.0321899994357295
7.691089998253892	6.562663456207504
7.7910899982538915	7.107465203154545
7.891089998253891	7.6660261185610095
7.991089998253891	8.237646841603436
8.09108999825389	8.821856134166358
8.19108999825389	9.418096320613515
8.29108999825389	10.025853234460971
8.39108999825389	10.644691943875282
8.491089998253889	11.274080580340655
8.591089998253889	11.91367467571223
8.691089998253888	12.562983019227547
8.791089998253888	13.221700910946353
8.891089998253888	13.889399826822606
8.991089998253887	14.565786698413454
9.091089998253887	15.250515957383156
9.191089998253887	15.94328026166162
9.291089998253886	16.64384373412802
9.391089998253886	17.351858681363996
9.491089998253885	18.0672170839429
9.591089998253885	18.78955145882871
9.691089998253885	19.518750518256823
9.791089998253884	20.25460994042529
9.891089998253884	20.996946291515627
9.991089998253884	21.74557228738414
10.091089998253883	22.500327435034702
10.191089998253883	23.261018559484796
10.291089998253883	24.027454423766322
10.391089998253882	24.79945816330759
10.491089998253882	25.576835577909918
10.591089998253882	26.359399121836987
10.691089998253881	27.14696663098184
10.79108999825388	27.939338635622704
10.89108999825388	28.73632970960528
10.99108999825388	29.537745579171823
11.09108999825388	30.34338121676459
11.19108999825388	31.153049458095698
11.291089998253879	31.966540172469607
11.391089998253879	32.7836456274085
11.491089998253878	33.60416818667287
11.591089998253878	34.42788236434558
11.691089998253878	35.25458017333961
11.791089998253877	36.084047277456676
11.891089998253877	36.91604560637861
11.991089998253877	37.75038804038687
12.091089998253876	38.586822712420954
12.191089998253876	39.425117342222435
12.291089998253875	40.26503936507376
12.391089998253875	41.10635870430733
12.491089998253875	41.94883555420952
12.591089998253874	42.79222988742152
12.691089998253874	43.63629777027762
12.791089998253874	44.08069783735538
12.891089998253873	44.350697837355376
12.991089998253873	44.62069783735537
13.091089998253873	44.89069783735537
13.191089998253872	45.160697837355364
13.291089998253872	45.43069783735536
13.391089998253872	45.70069783735536
13.491089998253871	45.97069783735535
13.59108999825387	46.24069783735535
13.69108999825387	46.510697837355345
13.79108999825387	46.78069783735534
13.89108999825387	47.05069783735534
13.99108999825387	47.32069783735533
14.091089998253869	47.59069783735533
14.191089998253869	47.860697837355325
14.291089998253868	48.13069783735532
14.391089998253868	48.40069783735532
14.491089998253868	48.67069783735531
14.591089998253867	48.94069783735531
14.691089998253867	49.210697837355305
14.791089998253867	49.4806978373553
14.891089998253866	49.7506978373553
14.991089998253866	50.02069783735529
15.091089998253866	50.29069783735529
15.191089998253865	50.560697837355285
15.291089998253865	50.83069783735528
15.391089998253864	51.10069783735528
15.491089998253864	51.37069783735527
15.591089998253864	51.64069783735527
15.691089998253863	51.910697837355265
15.791089998253863	52.18069783735526
15.891089998253863	52.45069783735526
15.991089998253862	52.72069783735525
16.091089998253864	52.990697837355256
16.191089998253865	53.26069783735526
16.291089998253867	53.53069783735526
16.391089998253868	53.800697837355266
16.49108999825387	54.07069783735527
16.59108999825387	54.34069783735527
16.691089998253872	54.610697837355275
16.791089998253874	54.88069783735528
16.891089998253875	55.15069783735528
16.991089998253877	55.420697837355284
17.091089998253878	55.69069783735529
17.19108999825388	55.96069783735529
17.29108999825388	56.230697837355294
17.391089998253882	56.5006978373553
17.491089998253884	56.7706978373553
17.591089998253885	57.0406978373553
17.691089998253887	57.310697837355306
17.791089998253888	57.58069783735531
17.89108999825389	57.85069783735531
17.99108999825389	58.120697837355316
18.091089998253892	58.39069783735532
18.191089998253894	58.66069783735532
18.291089998253895	58.930697837355325
18.391089998253896	59.20069783735533
18.491089998253898	59.47069783735533
18.5910899982539	59.740697837355334
18.6910899982539	60.01069783735534
18.791089998253902	60.28069783735534
18.891089998253904	60.550697837355344
18.991089998253905	60.82069783735535
19.091089998253906	61.09069783735535
19.191089998253908	61.36069783735535
19.29108999825391	61.630697837355356
19.39108999825391	61.90069783735536
19.491089998253912	62.17069783735536
19.591089998253914	62.440697837355366
19.691089998253915	62.71069783735537
19.791089998253916	62.98069783735537
19.891089998253918	63.250697837355375
19.99108999825392	63.52069783735538
20.09108999825392	63.79069783735538
20.191089998253922	64.06069783735539
20.291089998253923	64.3306978373554
20.391089998253925	64.60069783735541
20.491089998253926	64.87069783735542
20.591089998253928	65.14069783735543
20.69108999825393	65.41069783735544
20.79108999825393	65.68069783735545
20.891089998253932	65.95069783735546
20.991089998253933	66.22069783735547
21.091089998253935	66.49069783735548
21.191089998253936	66.7606978373555
21.291089998253938	67.0306978373555
21.39108999825394	67.30069783735551
21.49108999825394	67.57069783735552
21.591089998253942	67.84069783735553
21.691089998253943	68.11069783735554
21.791089998253945	68.38069783735556
21.891089998253946	68.65069783735557
21.991089998253948	68.92069783735558
22.09108999825395	69.19069783735559
22.19108999825395	69.4606978373556
22.291089998253952	69.7306978373556
22.391089998253953	70.00069783735562
22.491089998253955	70.27069783735563
22.591089998253956	70.54069783735564
22.691089998253958	70.81069783735565
22.79108999825396	71.08069783735566
22.89108999825396	71.35069783735567
22.991089998253962	71.62069783735568
23.091089998253963	71.89069783735569
23.191089998253965	72.1606978373557
23.291089998253966	72.43069783735571
23.391089998253968	72.70069783735572
23.45	73.01881184678429
179769313486231570000000000000000000000000000000000000000000000000000000000000000000000000000000000000000000000000000000000000000000000000000000000000000000000000000000000000000000000000000000000000000000000000000000000000000000000000000000000000000000000000000000000000000000000000000000000000000000000000000	73.01881184678429
