-100000	0
-0.002999218463898501	0
0.00033411486943483266	0.03306307349778213
0.005334114869434832	0.08328226224596152
0.012834114869434832	0.15942898460622987
0.024084114869434833	0.27494213131359135
0.040959114869434834	0.45035881717708415
0.06627161486943484	0.7171152550843942
0.10424036486943483	1.1234072573635556
0.16119348986943483	1.7431905545728275
0.24662317736943484	2.689872693922488
0.3466231773694348	3.816759076542662
0.4466231773694348	4.9583329030956085
0.5466231773694348	6.1107508303699705
0.6466231773694348	7.27124311573926
0.7466231773694347	8.437678671791424
0.8466231773694347	9.608344586274724
0.9466231773694347	10.781818636171918
1.0466231773694348	11.956891917603746
1.1466231773694349	13.132530737366999
1.246623177369435	14.308203386670844
1.346623177369435	15.48387872725293
1.4466231773694351	16.659568811873374
1.5466231773694352	17.835250728463922
1.6466231773694353	19.010940833399367
1.7466231773694354	20.186638641548633
1.8466231773694355	21.36233622212121
1.9466231773694356	22.5380370272883
2.0466231773694354	23.71374105529114
2.1466231773694355	24.88944830436989
2.2466231773694356	26.065150388846988
2.3466231773694357	27.24086358014276
2.446623177369436	28.416598522674597
2.546623177369436	29.592332053752752
2.646623177369436	30.768069016902206
2.746623177369436	31.943809410993033
2.846623177369436	33.11955323489741
2.9466231773694362	34.29529317205141
3.0466231773694363	35.47105750147435
3.1466231773694364	36.646824296946846
3.2466231773694365	37.822594161097285
3.3466231773694366	38.99836709294338
3.4466231773694367	40.1741430915038
3.5466231773694368	41.349915024037685
3.646623177369437	42.525706872048815
3.746623177369437	43.70150539963556
3.846623177369437	44.87730727229967
3.946623177369437	46.05311248921898
4.046623177369437	47.22892104957428
4.146623177369436	48.404726442925444
4.246623177369436	49.580547302148695
4.346623177369436	50.75637889989377
4.446623177369435	51.9322137124361
4.546623177369435	53.10805173922761
4.646623177369435	54.28389297972054
4.746623177369434	55.45973743336703
4.846623177369434	56.63557799947127
4.946623177369434	57.81144423593109
5.046623177369433	58.98731119721455
5.146623177369433	60.163181249206104
5.2466231773694325	61.33905439129461
5.346623177369432	62.51493062286761
5.446623177369432	63.69080171307164
5.5466231773694314	64.8666963609772
5.646623177369431	66.0425948644682
5.746623177369431	67.21849643013272
5.84662317736943	68.39440105755223
5.94662317736943	69.5703087463055
6.04662317736943	70.746208521158
6.146623177369429	71.92213297897581
6.246623177369429	73.09806221381226
6.346623177369429	74.27399372271601
6.446623177369428	75.44992750514741
6.546623177369428	76.6258635605666
6.6466231773694275	77.80180188843589
6.746623177369427	78.9777364109616
6.846623177369427	80.1536843771968
6.9466231773694265	81.32963086840158
7.046623177369426	82.50557962666149
7.146623177369426	83.68153065159514
7.246623177369425	84.85748394282199
7.346623177369425	86.03343285752163
7.446623177369425	87.20939469391104
7.546623177369424	88.38535409793158
7.646623177369424	89.56131467654944
7.746623177369424	90.73727642961506
7.846623177369423	91.9132393569799
7.946623177369423	93.08920366122183
8.046623177369423	94.26516386825845
8.146623177369422	95.44112438055433
8.246623177369422	96.6170859379749
8.346623177369421	97.79304854055393
8.446623177369421	98.96901218832704
8.54662317736942	100.14497787854931
8.64662317736942	101.32094245507466
8.74662317736942	102.49690057971982
8.84662317736942	103.67286191066474
8.94662317736942	104.84882455936561
9.046623177369419	106.02478852598523
9.146623177369419	107.2007538106858
9.246623177369418	108.37672058213134
9.346623177369418	109.55267997253765
9.446623177369418	110.72864060200612
9.546623177369417	111.90460303457034
9.646623177369417	113.08056727061808
9.746623177369417	114.25653331053881
9.846623177369416	115.43250161860989
9.946623177369416	116.60846852396146
10.046623177369415	117.78443999458891
10.146623177369415	118.96041326889372
10.246623177369415	120.13638834726298
10.346623177369414	121.3123652300839
10.446623177369414	122.48834465419085
10.546623177369414	123.66432267428087
10.646623177369413	124.84030535372521
10.746623177369413	126.01629029616466
10.846623177369413	127.19227586951781
10.946623177369412	128.36826324976775
11.046623177369412	129.5442524364802
11.146623177369412	130.7202434292255
11.246623177369411	131.73177934713024
11.34662317736941	132.7091847539672
11.44662317736941	133.68659213733147
11.54662317736941	134.66399865012585
11.64662317736941	135.64140603230743
11.74662317736941	136.6188142839222
11.846623177369409	137.59622340501676
11.946623177369409	138.57363339563824
12.046623177369408	139.57905006282883
12.146623177369408	140.585446271888
12.246623177369408	141.59184335084834
12.346623177369407	142.59824098368682
12.446623177369407	143.60463906205175
12.546623177369407	144.61103909498365
12.56	144.74566176374566
1000012.56	144.74566176374566
