-179769313486231570000000000000000000000000000000000000000000000000000000000000000000000000000000000000000000000000000000000000000000000000000000000000000000000000000000000000000000000000000000000000000000000000000000000000000000000000000000000000000000000000000000000000000000000000000000000000000000000000000	0
5.868655652500834	0
5.871988985834167	0.00008153638302460021
5.8753223191675	0.00023549510520058181
5.8803223191675	0.0005972169019695726
5.8878223191675	0.0014340629525094093
5.899072319167501	0.0033514245779387637
5.9159473191675005	0.007717820802229101
5.941259819167501	0.017622991817930637
5.979228569167501	0.03962490340448857
6.0361816941675	0.08804003368848753
6.121611381667501	0.19287542329743007
6.2216113816675005	0.3602961998824641
6.3216113816675	0.5714007518303154
6.4216113816675	0.8223845386187234
6.521611381667499	1.1100444943568801
6.621611381667499	1.4319083290645587
6.721611381667499	1.7859509052010076
6.821611381667498	2.1701379122086384
6.921611381667498	2.5827256190843784
7.021611381667498	3.02219245645796
7.121611381667497	3.4870903636384263
7.221611381667497	3.976184883873591
7.321611381667497	4.488316978455581
7.421611381667496	5.022455936609731
7.521611381667496	5.577548106048873
7.6216113816674955	6.1525997183765
7.721611381667495	6.7467303368056335
7.821611381667495	7.359120792557346
7.9216113816674945	7.988887425256548
8.021611381667494	8.63546878298546
8.121611381667494	9.29794323791347
8.221611381667493	9.975842648103749
8.321611381667493	10.66832739751103
8.421611381667493	11.375030862670199
8.521611381667492	12.09524828389134
8.621611381667492	12.828342566452193
8.721611381667492	13.573786243566314
8.821611381667491	14.331209451416715
8.921611381667491	15.100166610983155
9.02161138166749	15.880132979865703
9.12161138166749	16.67088176885541
9.22161138166749	17.471850867461825
9.32161138166749	18.282916964611605
9.42161138166749	19.103563920868996
9.521611381667489	19.933762341557944
9.621611381667488	20.773146376529592
9.721611381667488	21.621469278149767
9.821611381667488	22.47849960269085
9.921611381667487	23.34400342636648
10.021611381667487	24.217737534576603
10.121611381667487	25.099548285488225
10.221611381667486	25.989154586285693
10.321611381667486	26.886332452825826
10.421611381667486	27.790868842347376
10.521611381667485	28.702538327172974
10.621611381667485	29.62115696460586
10.721611381667485	30.546475552896165
10.821611381667484	31.47823826122659
10.921611381667484	32.41625779098025
11.021611381667483	33.36027320625284
11.121611381667483	34.31003091417424
11.221611381667483	35.26532941722151
11.321611381667482	36.22587533148205
11.421611381667482	37.19142407058998
11.521611381667482	38.16173370073251
11.621611381667481	39.136486979575444
11.721611381667481	40.11545291527132
11.82161138166748	41.09833543619123
11.92161138166748	42.0848043303648
12.02161138166748	43.07464560173517
12.12161138166748	44.06750204988755
12.22161138166748	45.063053428345235
12.321611381667479	46.06097785105615
12.421611381667478	47.06095686052295
12.521611381667478	48.06265145056859
12.621611381667478	49.065717457896255
12.721611381667477	50.06977629652915
12.821611381667477	50.4726365107116
12.921611381667477	50.80563651076189
13.021611381667476	51.138636510812184
13.121611381667476	51.471636510862474
13.221611381667476	51.804636510912765
13.321611381667475	52.137636510963056
13.421611381667475	52.470636511013346
13.521611381667475	52.80363651106364
13.621611381667474	53.13663651111393
13.721611381667474	53.46963651116422
13.821611381667473	53.80263651121451
13.921611381667473	54.1356365112648
14.021611381667473	54.46863651131509
14.121611381667472	54.80163651136538
14.221611381667472	55.13463651141567
14.321611381667472	55.46763651146596
14.421611381667471	55.80063651151625
14.521611381667471	56.13363651156654
14.62161138166747	56.466636511616834
14.72161138166747	56.799636511667124
14.82161138166747	57.132636511717415
14.92161138166747	57.465636511767705
15.02161138166747	57.798636511817996
15.121611381667469	58.13163651186829
15.221611381667469	58.46463651191858
15.321611381667468	58.79763651196887
15.421611381667468	59.13063651201916
15.521611381667467	59.46363651206945
15.621611381667467	59.79663651211974
15.721611381667467	60.12963651217003
15.821611381667466	60.46263651222032
15.921611381667466	60.79563651227061
16.021611381667466	61.1286365123209
16.121611381667467	61.4616365123712
16.22161138166747	61.7946365124215
16.32161138166747	62.127636512471796
16.42161138166747	62.46063651252209
16.521611381667473	62.79363651257239
16.621611381667474	63.12663651262269
16.721611381667476	63.459636512672986
16.821611381667477	63.792636512723284
16.92161138166748	64.12563651277358
17.02161138166748	64.45863651282387
17.12161138166748	64.79163651287416
17.221611381667483	65.12463651292445
17.321611381667484	65.45763651297474
17.421611381667486	65.79063651302504
17.521611381667487	66.12363651307533
17.62161138166749	66.45663651312562
17.72161138166749	66.7896365131759
17.82161138166749	67.1226365132262
17.921611381667493	67.45563651327649
18.021611381667494	67.78863651332678
18.121611381667496	68.12163651337707
18.221611381667497	68.45463651342736
18.3216113816675	68.78763651347765
18.4216113816675	69.12063651352794
18.5216113816675	69.45363651357823
18.621611381667503	69.78663651362852
18.721611381667504	70.11963651367881
18.821611381667505	70.4526365137291
18.921611381667507	70.7856365137794
19.02161138166751	71.11863651382968
19.12161138166751	71.45163651387998
19.22161138166751	71.78463651393027
19.321611381667513	72.11763651398056
19.421611381667514	72.45063651403085
19.521611381667515	72.78363651408114
19.621611381667517	73.11663651413143
19.72161138166752	73.44963651418172
19.82161138166752	73.78263651423201
19.92161138166752	74.1156365142823
20.021611381667523	74.44863651433259
20.121611381667524	74.78163651438288
20.221611381667525	75.11463651443317
20.321611381667527	75.44763651448346
20.421611381667528	75.78063651453375
20.52161138166753	76.11363651458404
20.62161138166753	76.44663651463433
20.721611381667532	76.77963651468463
20.821611381667534	77.11263651473492
20.921611381667535	77.4456365147852
21.021611381667537	77.7786365148355
21.121611381667538	78.11163651488579
21.22161138166754	78.44463651493608
21.32161138166754	78.77763651498637
21.421611381667542	79.11063651503666
21.521611381667544	79.44363651508695
21.621611381667545	79.77663651513724
21.721611381667547	80.10963651518753
21.821611381667548	80.44263651523782
21.92161138166755	80.77563651528811
22.02161138166755	81.1086365153384
22.121611381667552	81.4416365153887
22.221611381667554	81.77463651543898
22.321611381667555	82.10763651548928
22.421611381667557	82.44063651553957
22.521611381667558	82.77363651558986
22.62161138166756	83.10663651564015
22.72161138166756	83.43963651569044
22.821611381667562	83.77263651574073
22.921611381667564	84.10563651579102
23.021611381667565	84.43863651584131
23.121611381667567	84.7716365158916
23.221611381667568	85.10463651594189
23.32161138166757	85.43763651599218
23.42161138166757	85.77063651604247
23.45	85.959704714165
179769313486231570000000000000000000000000000000000000000000000000000000000000000000000000000000000000000000000000000000000000000000000000000000000000000000000000000000000000000000000000000000000000000000000000000000000000000000000000000000000000000000000000000000000000000000000000000000000000000000000000000	85.959704714165
