-179769313486231570000000000000000000000000000000000000000000000000000000000000000000000000000000000000000000000000000000000000000000000000000000000000000000000000000000000000000000000000000000000000000000000000000000000000000000000000000000000000000000000000000000000000000000000000000000000000000000000000000	0
5.868655499945392	0
5.871988833278725	0.00008153633297206408
5.875322166612058	0.0002354950516468366
5.880322166612058	0.0005972168431689281
5.887822166612058	0.0014340628858494834
5.899072166612059	0.0033514244995144467
5.915947166612058	0.007717820743322886
5.9412596666120585	0.01762299226493454
5.979228416612059	0.03962490516274188
6.036181541612058	0.08804003795246013
6.121611229112059	0.1928754333512252
6.221611229112058	0.36029621991505845
6.321611229112058	0.571400784544903
6.421611229112058	0.8223845865837514
6.521611229112057	1.1100445591780739
6.621611229112057	1.4319084127242867
6.721611229112057	1.7859510095537037
6.821611229112056	2.1701380380463577
6.921611229112056	2.582725767537093
7.021611229112056	3.022192629019077
7.121611229112055	3.4870905610220597
7.221611229112055	3.9761851071211285
7.3216112291120545	4.488317228528952
7.421611229112054	5.022456214281797
7.521611229112054	5.577548412102695
7.6216112291120535	6.1526000536294525
7.721611229112053	6.746730701434423
7.821611229112053	7.359121186869356
7.921611229112052	7.9888878501471146
8.021611229112052	8.63546923857046
8.121611229112052	9.297943724739312
8.221611229112051	9.975843166448236
8.321611229112051	10.668327947674152
8.42161122911205	11.375031444791059
8.52161122911205	12.095248898339577
8.62161122911205	12.828343213724827
8.72161122911205	13.57378692304369
8.82161122911205	14.331210164000728
8.921611229112049	15.100167356199139
9.021611229112048	15.880133758262282
9.121611229112048	16.670882580260695
9.221611229112048	17.47185171197568
9.321611229112047	18.2829178423288
9.421611229112047	19.10356483156041
9.521611229112047	19.933763285241646
9.621611229112046	20.77314735302065
9.721611229112046	21.62147028737738
9.821611229112046	22.478500644920413
9.921611229112045	23.34400450091255
10.021611229112045	24.217738641615586
10.121611229112045	25.09954942464642
10.221611229112044	25.989155757505056
10.321611229112044	26.886333656155042
10.421611229112044	27.790870077707076
10.521611229112043	28.702539594766648
10.621611229112043	29.621158264554953
10.721611229112042	30.54647688511076
10.821611229112042	31.478239625549055
10.921611229112042	32.41625918727022
11.021611229112041	33.36027463441121
11.121611229112041	34.310032374004116
11.22161122911204	35.265330908592695
11.32161122911204	36.22587685353082
11.42161122911204	37.191425622581654
11.52161122911204	38.16173528258902
11.62161122911204	39.1364885912093
11.721611229112039	40.11545455656361
11.821611229112039	41.098337107100434
11.921611229112038	42.08480603085084
12.021611229112038	43.074647331697584
12.121611229112037	44.0675038093173
12.221611229112037	45.06305521730077
12.321611229112037	46.060979669632175
12.421611229112036	47.06095870883905
12.521611229112036	48.06265332878837
12.621611229112036	49.06571936627215
12.721611229112035	50.06977823565796
12.821611229112035	50.472639427344696
12.921611229112035	50.80563942729021
13.021611229112034	51.138639427235724
13.121611229112034	51.47163942718124
13.221611229112034	51.80463942712675
13.321611229112033	52.137639427072266
13.421611229112033	52.47063942701778
13.521611229112033	52.803639426963294
13.621611229112032	53.13663942690881
13.721611229112032	53.46963942685432
13.821611229112031	53.802639426799836
13.921611229112031	54.13563942674535
14.02161122911203	54.468639426690864
14.12161122911203	54.80163942663638
14.22161122911203	55.13463942658189
14.32161122911203	55.467639426527406
14.42161122911203	55.80063942647292
14.521611229112029	56.13363942641843
14.621611229112029	56.46663942636395
14.721611229112028	56.79963942630946
14.821611229112028	57.132639426254975
14.921611229112028	57.46563942620049
15.021611229112027	57.798639426146
15.121611229112027	58.13163942609152
15.221611229112026	58.46463942603703
15.321611229112026	58.797639425982545
15.421611229112026	59.13063942592806
15.521611229112025	59.46363942587357
15.621611229112025	59.79663942581909
15.721611229112025	60.1296394257646
15.821611229112024	60.462639425710115
15.921611229112024	60.79563942565563
16.021611229112025	61.12863942560115
16.121611229112027	61.46163942554667
16.22161122911203	61.79463942549219
16.32161122911203	62.127639425437714
16.42161122911203	62.460639425383235
16.521611229112033	62.793639425328756
16.621611229112034	63.12663942527428
16.721611229112035	63.4596394252198
16.821611229112037	63.79263942516532
16.921611229112038	64.12563942511085
17.02161122911204	64.45863942505638
17.12161122911204	64.7916394250019
17.221611229112042	65.12463942494743
17.321611229112044	65.45763942489296
17.421611229112045	65.79063942483849
17.521611229112047	66.12363942478402
17.621611229112048	66.45663942472954
17.72161122911205	66.78963942467507
17.82161122911205	67.1226394246206
17.921611229112052	67.45563942456613
18.021611229112054	67.78863942451166
18.121611229112055	68.12163942445719
18.221611229112057	68.45463942440271
18.321611229112058	68.78763942434824
18.42161122911206	69.12063942429377
18.52161122911206	69.4536394242393
18.621611229112062	69.78663942418483
18.721611229112064	70.11963942413036
18.821611229112065	70.45263942407588
18.921611229112067	70.78563942402141
19.021611229112068	71.11863942396694
19.12161122911207	71.45163942391247
19.22161122911207	71.784639423858
19.321611229112072	72.11763942380352
19.421611229112074	72.45063942374905
19.521611229112075	72.78363942369458
19.621611229112077	73.11663942364011
19.721611229112078	73.44963942358564
19.82161122911208	73.78263942353117
19.92161122911208	74.1156394234767
20.021611229112082	74.44863942342222
20.121611229112084	74.78163942336775
20.221611229112085	75.11463942331328
20.321611229112087	75.4476394232588
20.421611229112088	75.78063942320433
20.52161122911209	76.11363942314986
20.62161122911209	76.44663942309539
20.721611229112092	76.77963942304092
20.821611229112094	77.11263942298645
20.921611229112095	77.44563942293198
21.021611229112096	77.7786394228775
21.121611229112098	78.11163942282303
21.2216112291121	78.44463942276856
21.3216112291121	78.77763942271409
21.421611229112102	79.11063942265962
21.521611229112104	79.44363942260514
21.621611229112105	79.77663942255067
21.721611229112106	80.1096394224962
21.821611229112108	80.44263942244173
21.92161122911211	80.77563942238726
22.02161122911211	81.10863942233279
22.121611229112112	81.44163942227831
22.221611229112114	81.77463942222384
22.321611229112115	82.10763942216937
22.421611229112116	82.4406394221149
22.521611229112118	82.77363942206043
22.62161122911212	83.10663942200595
22.72161122911212	83.43963942195148
22.821611229112122	83.77263942189701
22.921611229112123	84.10563942184254
23.021611229112125	84.43863942178807
23.121611229112126	84.7716394217336
23.221611229112128	85.10463942167912
23.32161122911213	85.43763942162465
23.42161122911213	85.77063942157018
23.45	85.95970863565245
179769313486231570000000000000000000000000000000000000000000000000000000000000000000000000000000000000000000000000000000000000000000000000000000000000000000000000000000000000000000000000000000000000000000000000000000000000000000000000000000000000000000000000000000000000000000000000000000000000000000000000000	85.95970863565245
