-179769313486231570000000000000000000000000000000000000000000000000000000000000000000000000000000000000000000000000000000000000000000000000000000000000000000000000000000000000000000000000000000000000000000000000000000000000000000000000000000000000000000000000000000000000000000000000000000000000000000000000000	0
5.86865534738995	0
5.871988680723283	0.00008153628986952679
5.875322014056616	0.00023549501198771486
5.880322014056616	0.0005972168086698687
5.887822014056616	0.0014340628590789437
5.899072014056617	0.0033514244843100074
5.915947014056616	0.0077178207825175415
5.9412595140566165	0.01762299286225293
5.979228264056617	0.03962490714981255
6.036181389056616	0.08804004256319706
6.121611076556617	0.1928754439290636
6.221611076556616	0.3602962406793083
6.321611076556616	0.5714008181991685
6.421611076556616	0.8223846356965421
6.521611076556615	1.110044625357188
6.621611076556615	1.4319084979526808
6.721611076556615	1.7859511156863492
6.821611076556614	2.170138165875802
6.921611076556614	2.58272591819365
7.0216110765566135	3.0221928039968864
7.121611076556613	3.4870907610357884
7.221611076556613	3.9761853332125443
7.3216110765566125	4.488317481659982
7.421611076556612	5.022456495225617
7.521611076556612	5.577548721642584
7.621611076556611	6.152600392583494
7.721611076556611	6.746731069980326
7.821611076556611	7.359121585314636
7.92161107655661	7.988888279387321
8.02161107655661	8.635469698721604
8.12161107655661	9.297944216347874
8.22161107655661	9.975843689792224
8.321611076556609	10.668328503053917
8.421611076556609	11.375032032346265
8.521611076556608	12.09524951844013
8.621611076556608	12.82834386686789
8.721611076556608	13.573787608609923
8.821611076556607	14.33121088289247
8.921611076556607	15.100168107941588
9.021611076556606	15.88013454340407
9.121611076556606	16.670883398630238
9.221611076556606	17.471852563673227
9.321611076556605	18.28291872744939
9.421611076556605	19.103565749875045
9.521611076556605	19.933764236768575
9.621611076556604	20.77314833757502
9.721611076556604	21.62147130488846
9.821611076556604	22.478501695653378
9.921611076556603	23.344005584181886
10.021611076556603	24.217739757597947
10.121611076556603	25.099550572968287
10.221611076556602	25.989156938108618
10.321611076556602	26.88633486908917
10.421611076556601	27.790871322892595
10.521611076556601	28.702540872407212
10.6216110765566	29.621159574771895
10.7216110765566	30.546478227813893
10.8216110765566	31.478241000580528
10.9216110765566	32.41626059448945
11.0216110765566	33.36027607371886
11.121611076556599	34.31003384520307
11.221611076556599	35.265332411552556
11.321611076556598	36.225878387387446
11.421611076556598	37.191427186600365
11.521611076556598	38.16173687669138
11.621611076556597	39.13649021530747
11.721611076556597	40.11545621053834
11.821611076556596	41.0983387909099
11.921611076556596	42.084807744454686
12.021611076556596	43.07464907499507
12.121611076556595	44.06750558229917
12.221611076556595	45.06305702002526
12.321611076556595	46.0609815021938
12.421611076556594	47.06096057135723
12.521611076556594	48.062655221426574
12.621611076556594	49.06572128928269
12.721611076556593	50.06978018963756
12.821611076556593	50.47264235903886
12.921611076556593	50.80564235908915
13.021611076556592	51.13864235913944
13.121611076556592	51.47164235918973
13.221611076556592	51.80464235924002
13.321611076556591	52.13764235929031
13.42161107655659	52.4706423593406
13.52161107655659	52.80364235939089
13.62161107655659	53.13664235944118
13.72161107655659	53.46964235949147
13.82161107655659	53.802642359541764
13.921611076556589	54.135642359592055
14.021611076556589	54.468642359642345
14.121611076556588	54.801642359692636
14.221611076556588	55.13464235974293
14.321611076556588	55.46764235979322
14.421611076556587	55.80064235984351
14.521611076556587	56.1336423598938
14.621611076556587	56.46664235994409
14.721611076556586	56.79964235999438
14.821611076556586	57.13264236004467
14.921611076556585	57.46564236009496
15.021611076556585	57.79864236014525
15.121611076556585	58.13164236019554
15.221611076556584	58.46464236024583
15.321611076556584	58.79764236029612
15.421611076556584	59.130642360346414
15.521611076556583	59.463642360396705
15.621611076556583	59.796642360446995
15.721611076556583	60.129642360497286
15.821611076556582	60.46264236054758
15.921611076556582	60.79564236059787
16.02161107655658	61.12864236064816
16.121611076556583	61.461642360698455
16.221611076556584	61.79464236074875
16.321611076556586	62.12764236079905
16.421611076556587	62.46064236084935
16.52161107655659	62.793642360899646
16.62161107655659	63.126642360949944
16.72161107655659	63.45964236100024
16.821611076556593	63.79264236105054
16.921611076556594	64.12564236110083
17.021611076556596	64.45864236115112
17.121611076556597	64.79164236120141
17.2216110765566	65.1246423612517
17.3216110765566	65.45764236130199
17.4216110765566	65.79064236135228
17.521611076556603	66.12364236140257
17.621611076556604	66.45664236145286
17.721611076556606	66.78964236150316
17.821611076556607	67.12264236155345
17.92161107655661	67.45564236160374
18.02161107655661	67.78864236165403
18.12161107655661	68.12164236170432
18.221611076556613	68.45464236175461
18.321611076556614	68.7876423618049
18.421611076556616	69.12064236185519
18.521611076556617	69.45364236190548
18.62161107655662	69.78664236195577
18.72161107655662	70.11964236200606
18.82161107655662	70.45264236205635
18.921611076556623	70.78564236210664
19.021611076556624	71.11864236215693
19.121611076556626	71.45164236220722
19.221611076556627	71.78464236225751
19.32161107655663	72.1176423623078
19.42161107655663	72.4506423623581
19.52161107655663	72.78364236240839
19.621611076556633	73.11664236245868
19.721611076556634	73.44964236250897
19.821611076556636	73.78264236255926
19.921611076556637	74.11564236260955
20.02161107655664	74.44864236265984
20.12161107655664	74.78164236271013
20.22161107655664	75.11464236276042
20.321611076556643	75.44764236281071
20.421611076556644	75.780642362861
20.521611076556646	76.11364236291129
20.621611076556647	76.44664236296158
20.72161107655665	76.77964236301187
20.82161107655665	77.11264236306216
20.92161107655665	77.44564236311246
21.021611076556653	77.77864236316275
21.121611076556654	78.11164236321304
21.221611076556655	78.44464236326333
21.321611076556657	78.77764236331362
21.42161107655666	79.11064236336391
21.52161107655666	79.4436423634142
21.62161107655666	79.77664236346449
21.721611076556663	80.10964236351478
21.821611076556664	80.44264236356507
21.921611076556665	80.77564236361536
22.021611076556667	81.10864236366565
22.12161107655667	81.44164236371594
22.22161107655667	81.77464236376623
22.32161107655667	82.10764236381652
22.421611076556673	82.44064236386681
22.521611076556674	82.7736423639171
22.621611076556675	83.1066423639674
22.721611076556677	83.43964236401769
22.821611076556678	83.77264236406798
22.92161107655668	84.10564236411827
23.02161107655668	84.43864236416856
23.121611076556682	84.77164236421885
23.221611076556684	85.10464236426914
23.321611076556685	85.43764236431943
23.421611076556687	85.77064236436972
23.45	85.95971259453074
179769313486231570000000000000000000000000000000000000000000000000000000000000000000000000000000000000000000000000000000000000000000000000000000000000000000000000000000000000000000000000000000000000000000000000000000000000000000000000000000000000000000000000000000000000000000000000000000000000000000000000000	85.95971259453074
