-179769313486231570000000000000000000000000000000000000000000000000000000000000000000000000000000000000000000000000000000000000000000000000000000000000000000000000000000000000000000000000000000000000000000000000000000000000000000000000000000000000000000000000000000000000000000000000000000000000000000000000000	0
5.868655042279065	0
5.871988375612398	0.00008153619698285703
5.875321708945731	0.00023549491931168124
5.880321708945731	0.0005972167163098943
5.887821708945731	0.0014340627671933373
5.899071708945732	0.0033514243931368746
5.915946708945731	0.0077178207666428
5.9412592089457315	0.017622993912398348
5.979227958945732	0.0396249109035724
6.036181083945731	0.08804005144972234
6.121610771445731	0.19287546457643245
6.2216107714457305	0.36029628149561727
6.32161077144573	0.5714008845896246
6.42161077144573	0.8223847327964204
6.521610771445729	1.1100447563791875
6.621610771445729	1.4319086668616712
6.721610771445729	1.7859513261905735
6.821610771445728	2.1701384195590534
6.921610771445728	2.5827262173151144
7.021610771445728	3.0221931515432834
7.121610771445727	3.487091158435611
7.221610771445727	3.976185782548631
7.321610771445727	4.488317984855254
7.421610771445726	5.022457053825473
7.521610771445726	5.577549337212446
7.6216107714457255	6.152601066758178
7.721610771445725	6.746731803113776
7.821610771445725	7.359122378021196
7.9216107714457245	7.9888891334572
8.021610771445724	8.63547061438646
8.121610771445724	9.297945194700786
8.221610771445723	9.975844731388971
8.321610771445723	10.668329608494224
8.421610771445723	11.375033201908355
8.521610771445722	12.095250752862805
8.621610771445722	12.828345167144564
8.721610771445722	13.573788973500895
8.821610771445721	14.331212314201265
8.921610771445721	15.100169604718035
9.02161077144572	15.880136106744805
9.12161077144572	16.670885028191123
9.22161077144572	17.471854259653714
9.32161077144572	18.28292049003867
9.42161077144572	19.10356757861455
9.521610771445719	19.93376613169402
9.621610771445718	20.773150298315983
9.721610771445718	21.621473331302955
9.821610771445718	22.478503788272093
9.921610771445717	23.344007741633988
10.021610771445717	24.217741980236354
10.121610771445717	25.099552860045453
10.221610771445716	25.989159289508258
10.321610771445716	26.886337284908443
10.421610771445716	27.790873802972662
10.521610771445715	28.702543417154978
10.621610771445715	29.62116218443021
10.721610771445715	30.546480902202923
10.821610771445714	31.47824373938504
10.921610771445714	32.41626339742872
11.021610771445713	33.36027894059465
11.121610771445713	34.310036775621604
11.221610771445713	35.26533540525344
11.321610771445712	36.22588144264173
11.421610771445712	37.19143030193986
11.521610771445712	38.16174005195958
11.621610771445711	39.13649345032906
11.721610771445711	40.11545950507515
11.82161077144571	41.09834214487858
11.92161077144571	42.08481115777481
12.02161077144571	43.07465254746541
12.12161077144571	44.06750911390144
12.22161077144571	45.06306061087614
12.321610771445709	46.060985152482495
12.421610771445708	47.06096428132275
12.521610771445708	48.06265899139599
12.621610771445708	49.06572511976076
12.721610771445707	50.069784081817794
12.821610771445707	50.47264820643616
12.921610771445707	50.80564820648645
13.021610771445706	51.13864820653674
13.121610771445706	51.471648206587034
13.221610771445706	51.804648206637324
13.321610771445705	52.137648206687615
13.421610771445705	52.470648206737906
13.521610771445705	52.803648206788196
13.621610771445704	53.13664820683849
13.721610771445704	53.46964820688878
13.821610771445703	53.80264820693907
13.921610771445703	54.13564820698936
14.021610771445703	54.46864820703965
14.121610771445702	54.80164820708994
14.221610771445702	55.13464820714023
14.321610771445702	55.46764820719052
14.421610771445701	55.80064820724081
14.521610771445701	56.1336482072911
14.6216107714457	56.46664820734139
14.7216107714457	56.799648207391684
14.8216107714457	57.132648207441974
14.9216107714457	57.465648207492265
15.0216107714457	57.798648207542556
15.121610771445699	58.131648207592846
15.221610771445699	58.46464820764314
15.321610771445698	58.79764820769343
15.421610771445698	59.13064820774372
15.521610771445697	59.46364820779401
15.621610771445697	59.7966482078443
15.721610771445697	60.12964820789459
15.821610771445696	60.46264820794488
15.921610771445696	60.79564820799517
16.021610771445697	61.12864820804547
16.1216107714457	61.46164820809577
16.2216107714457	61.794648208146064
16.3216107714457	62.12764820819636
16.421610771445703	62.46064820824666
16.521610771445705	62.79364820829696
16.621610771445706	63.126648208347255
16.721610771445707	63.45964820839755
16.82161077144571	63.79264820844785
16.92161077144571	64.12564820849815
17.02161077144571	64.45864820854844
17.121610771445713	64.79164820859873
17.221610771445715	65.12464820864902
17.321610771445716	65.45764820869931
17.421610771445717	65.7906482087496
17.52161077144572	66.12364820879989
17.62161077144572	66.45664820885018
17.72161077144572	66.78964820890047
17.821610771445723	67.12264820895076
17.921610771445724	67.45564820900105
18.021610771445726	67.78864820905135
18.121610771445727	68.12164820910164
18.22161077144573	68.45464820915193
18.32161077144573	68.78764820920222
18.42161077144573	69.12064820925251
18.521610771445733	69.4536482093028
18.621610771445734	69.78664820935309
18.721610771445736	70.11964820940338
18.821610771445737	70.45264820945367
18.92161077144574	70.78564820950396
19.02161077144574	71.11864820955425
19.12161077144574	71.45164820960454
19.221610771445743	71.78464820965483
19.321610771445744	72.11764820970512
19.421610771445746	72.45064820975541
19.521610771445747	72.7836482098057
19.62161077144575	73.116648209856
19.72161077144575	73.44964820990629
19.82161077144575	73.78264820995658
19.921610771445753	74.11564821000687
20.021610771445754	74.44864821005716
20.121610771445756	74.78164821010745
20.221610771445757	75.11464821015774
20.32161077144576	75.44764821020803
20.42161077144576	75.78064821025832
20.52161077144576	76.11364821030861
20.621610771445763	76.4466482103589
20.721610771445764	76.77964821040919
20.821610771445766	77.11264821045948
20.921610771445767	77.44564821050977
21.02161077144577	77.77864821056006
21.12161077144577	78.11164821061035
21.22161077144577	78.44464821066065
21.321610771445773	78.77764821071094
21.421610771445774	79.11064821076123
21.521610771445776	79.44364821081152
21.621610771445777	79.77664821086181
21.72161077144578	80.1096482109121
21.82161077144578	80.44264821096239
21.92161077144578	80.77564821101268
22.021610771445783	81.10864821106297
22.121610771445784	81.44164821111326
22.221610771445786	81.77464821116355
22.321610771445787	82.10764821121384
22.42161077144579	82.44064821126413
22.52161077144579	82.77364821131442
22.62161077144579	83.10664821136471
22.721610771445793	83.439648211415
22.821610771445794	83.7726482114653
22.921610771445796	84.10564821151559
23.021610771445797	84.43864821156588
23.1216107714458	84.77164821161617
23.2216107714458	85.10464821166646
23.3216107714458	85.43764821171675
23.421610771445803	85.77064821176704
23.45	85.95972047396654
179769313486231570000000000000000000000000000000000000000000000000000000000000000000000000000000000000000000000000000000000000000000000000000000000000000000000000000000000000000000000000000000000000000000000000000000000000000000000000000000000000000000000000000000000000000000000000000000000000000000000000000	85.95972047396654
