-100000	0
-0.002999218463898501	0
0.00033411486943483266	0.03306324385457751
0.005334114869434832	0.0832826031567873
0.012834114869434832	0.15942973310874975
0.024084114869434833	0.2749434264218906
0.040959114869434834	0.45036099726274864
0.06627161486943484	0.7171188397935879
0.10424036486943483	1.1234132009152757
0.16119348986943483	1.7432004047964846
0.24662317736943484	2.6898892001890653
0.3466231773694348	3.8167852139118956
0.4466231773694348	4.9583697707492025
0.5466231773694348	6.110800352624218
0.6466231773694348	7.271306603411914
0.7466231773694347	8.43775785357026
0.8466231773694347	9.608440939820095
0.9466231773694347	10.781933014346334
1.0466231773694348	11.957026905418877
1.1466231773694349	13.132687456872485
1.246623177369435	14.308383511370794
1.346623177369435	15.484087418997257
1.4466231773694351	16.65979531886083
1.5466231773694352	17.835510088868205
1.6466231773694353	19.01123340786605
1.7466231773694354	20.18695818928395
1.8466231773694355	21.362690471317723
1.9466231773694356	22.538428547303067
2.0466231773694354	23.71417241716011
2.1466231773694355	24.889922080810585
2.2466231773694356	26.06568222054679
2.3466231773694357	27.241439526931092
2.446623177369436	28.417206817256265
2.546623177369436	29.592979009379256
2.646623177369436	30.768756515156053
2.746623177369436	31.94453933464343
2.846623177369436	33.120327467897795
2.9466231773694362	34.296126508131124
3.0466231773694363	35.47192102720152
3.1466231773694364	36.64772449191625
3.2466231773694365	37.82353272686254
3.3466231773694366	38.99934573199509
3.4466231773694367	40.17516350726807
3.5466231773694368	41.35098605263611
3.646623177369437	42.52681350715056
3.746623177369437	43.702645085827676
3.846623177369437	44.8784810309528
3.946623177369437	46.05432134273788
4.046623177369437	47.230166021395
4.146623177369436	48.406015067136146
4.246623177369436	49.581870058228276
4.346623177369436	50.75772866724089
4.446623177369435	51.93359086231973
4.546623177369435	53.10945732034
4.646623177369435	54.28532804114806
4.746623177369434	55.461203024590354
4.846623177369434	56.637082270514014
4.946623177369434	57.81296588178109
5.046623177369433	58.98885287727729
5.146623177369433	60.16474370027921
5.2466231773694325	61.34063835113714
5.346623177369432	62.51653683020066
5.446623177369432	63.69243913781943
5.5466231773694314	64.86834853652874
5.646623177369431	66.04425859490854
5.746623177369431	67.22017222087855
5.84662317736943	68.39608941428371
5.94662317736943	69.57201017496863
6.04662317736943	70.74793450277876
6.146623177369429	71.92387288946377
6.246623177369429	73.09979367169532
6.346623177369429	74.27572718743842
6.446623177369428	75.45166347631307
6.546623177369428	76.62760253838938
6.6466231773694275	77.80354437373956
6.746623177369427	78.97949638728342
6.846623177369427	80.1554388366878
6.9466231773694265	81.33138867123445
7.046623177369426	82.5073407813088
7.146623177369426	83.68329516696087
7.246623177369425	84.85925182824097
7.346623177369425	86.03521076519918
7.446623177369425	87.2111732677272
7.546623177369424	88.38713535030382
7.646623177369424	89.56309864707389
7.746623177369424	90.73906315805415
7.846623177369423	91.91502888326431
7.946623177369423	93.09099635084912
8.046623177369423	94.26696591002855
8.146623177369422	95.44293340157706
8.246623177369422	96.61890322934573
8.346623177369421	97.79487385620331
8.446623177369421	98.97084528211542
8.54662317736942	100.14681750705
8.64662317736942	101.32279053097385
8.74662317736942	102.49876574304263
8.84662317736942	103.67474003533985
8.94662317736942	104.8507151242514
9.046623177369419	106.02669100983262
9.146623177369419	107.20266769213873
9.246623177369418	108.37864416249397
9.346623177369418	109.55462413907289
9.446623177369418	110.73060355309536
9.546623177369417	111.90658376579857
9.646623177369417	113.08256477715018
9.746623177369417	114.25854658711643
9.846623177369416	115.43452919566418
9.946623177369416	116.61051418167085
10.046623177369415	117.78649804802657
10.146623177369415	118.96248271129356
10.246623177369415	120.13846817152616
10.346623177369414	121.31445442878035
10.446623177369414	122.49044148310948
10.546623177369414	123.66643097303839
10.646623177369413	124.84241900734311
10.746623177369413	126.01840855181045
10.846623177369413	127.19439889377311
10.946623177369412	128.37039003326123
11.046623177369412	129.54638197030494
11.146623177369412	130.7223747049346
11.246623177369411	131.7339101253136
11.34662317736941	132.71131632786853
11.44662317736941	133.68872332918005
11.54662317736941	134.66613239371893
11.64662317736941	135.64353989609083
11.74662317736941	136.62094747868537
11.846623177369409	137.59835781873687
11.946623177369409	138.57576895738737
12.046623177369408	139.58118438188757
12.146623177369408	140.58758032035
12.246623177369408	141.59397716713949
12.346623177369407	142.6003748119095
12.446623177369407	143.6067732547215
12.546623177369407	144.61317281124556
12.56	144.74780122674179
1000012.56	144.74780122674179
