-100000	0
-0.002999218463898501	0
0.00033411486943483266	0.033063851753427326
0.005334114869434832	0.0832841451467016
0.012834114869434832	0.15943262392263632
0.024084114869434833	0.2749484043353666
0.040959114869434834	0.45036905139041883
0.06627161486943484	0.7171314275901176
0.10424036486943483	1.123432436693143
0.16119348986943483	1.7432293367885172
0.24662317736943484	2.6899320895425363
0.3466231773694348	3.8168436488991735
0.4466231773694348	4.958442836652138
0.5466231773694348	6.110887071884964
0.6466231773694348	7.2714060993258505
0.7466231773694347	8.437869168692544
0.8466231773694347	9.608563056048203
0.9466231773694347	10.782065519409098
1.0466231773694348	11.957168121722288
1.1466231773694349	13.132837283446976
1.246623177369435	14.308541137886282
1.346623177369435	15.484251368891494
1.4466231773694351	16.659967119580738
1.5466231773694352	17.835686256371655
1.6466231773694353	19.0114134625324
1.7466231773694354	20.18714502539204
1.8466231773694355	21.36288164004611
1.9466231773694356	22.53862360894834
2.0466231773694354	23.71436850484568
2.1466231773694355	24.890120814080294
2.2466231773694356	26.065881528173463
2.3466231773694357	27.241644968957893
2.446623177369436	28.417413099941804
2.546623177369436	29.5931864627266
2.646623177369436	30.768964711153437
2.746623177369436	31.94474784534703
2.846623177369436	33.120532090172816
2.9466231773694362	34.29632846248372
3.0466231773694363	35.472129970401454
3.1466231773694364	36.64792799535851
3.2466231773694365	37.82373447178591
3.3466231773694366	38.99954551544194
3.4466231773694367	40.17536112633536
3.5466231773694368	41.35118130447583
3.646623177369437	42.52700777059334
3.746623177369437	43.702837017723645
3.846623177369437	44.878670463801846
3.946623177369437	46.05450810866935
4.046623177369437	47.230349952167195
4.146623177369436	48.40619599413671
4.246623177369436	49.582045803449525
4.346623177369436	50.757901137522005
4.446623177369435	51.93375926649616
4.546623177369435	53.10962136181697
4.646623177369435	54.28548742364543
4.746623177369434	55.46135745214412
4.846623177369434	56.63723144747318
4.946623177369434	57.813112147749315
5.046623177369433	58.98899401391517
5.146623177369433	60.16487953041075
5.2466231773694325	61.34076869693623
5.346623177369432	62.5166615131907
5.446623177369432	63.69254808497981
5.5466231773694314	64.86846894582115
5.646623177369431	66.04436277142862
5.746623177369431	67.22026988817787
5.84662317736943	68.39618064662697
5.94662317736943	69.57209504708713
6.04662317736943	70.74801308987006
6.146623177369429	71.92393897198347
6.246623177369429	73.09986432076238
6.346623177369429	74.27579271420016
6.446623177369428	75.45172415210519
6.546623177369428	76.62765863428628
6.6466231773694275	77.80359616055074
6.746623177369427	78.97953647619343
6.846623177369427	80.1554866037028
6.9466231773694265	81.33142615832747
7.046623177369426	82.50737446398009
7.146623177369426	83.68332539755897
7.246623177369425	84.85927895913167
7.346623177369425	86.03523514876395
7.446623177369425	87.21119690793417
7.546623177369424	88.38715738774724
7.646623177369424	89.56311919002887
7.746623177369424	90.73908231470789
7.846623177369423	91.9150467617131
7.946623177369423	93.09101443634815
8.046623177369423	94.26697831213747
8.146623177369422	95.44294624639011
8.246623177369422	96.6189142817442
8.346623177369421	97.794883143676
8.446623177369421	98.97085283225877
8.54662317736942	100.14682334756479
8.64662317736942	101.32279468966705
8.74662317736942	102.4987670861635
8.84662317736942	103.67474052585784
8.94662317736942	104.85071479608078
9.046623177369419	106.02668989675972
9.146623177369419	107.20266582782249
9.246623177369418	108.37864138600007
9.346623177369418	109.55461794943724
9.446623177369418	110.7305973697554
9.546623177369417	111.90657616314714
9.646623177369417	113.0825557837579
9.746623177369417	114.25853623166057
9.846623177369416	115.43451750692891
9.946623177369416	116.61049943367568
10.046623177369415	117.78648282070408
10.146623177369415	118.9624670376762
10.246623177369415	120.13845208451775
10.346623177369414	121.31443796115695
10.446623177369414	122.49042623208224
10.546623177369414	123.66641099467256
10.646623177369413	124.84239745192565
10.746623177369413	126.01838850600426
10.846623177369413	127.1943779995074
10.946623177369412	128.37036832062657
11.046623177369412	129.54635946945334
11.146623177369412	130.7223514460778
11.246623177369411	131.73389093061795
11.34662317736941	132.7112960215646
11.44662317736941	133.68870194043046
11.54662317736941	134.6661086872895
11.64662317736941	135.6435162622134
11.74662317736941	136.62092372958458
11.846623177369409	137.59833391205626
11.946623177369409	138.57574431200382
12.046623177369408	139.58115943192362
12.146623177369408	140.58755578541582
12.246623177369408	141.59395296776418
12.346623177369407	142.60035090368433
12.446623177369407	143.60674867342271
12.546623177369407	144.61314848761603
12.56	144.74778598556458
1000012.56	144.74778598556458
