-179769313486231570000000000000000000000000000000000000000000000000000000000000000000000000000000000000000000000000000000000000000000000000000000000000000000000000000000000000000000000000000000000000000000000000000000000000000000000000000000000000000000000000000000000000000000000000000000000000000000000000000	0
-0.0000000000000006028739226883601	0
0.0033333333333327307	0.03294124831763867
0.008333333333332731	0.11596017518483565
0.01583333333333273	0.24197956036621504
0.02708333333333273	0.4331450831601067
0.04395833333333273	0.7233655876121984
0.06927083333333273	1.164496697807373
0.10723958333333272	1.8358858877516109
0.16419270833333272	2.8595173938456986
0.24962239583333273	4.422421817151316
0.34962239583333277	6.491262759449784
0.44962239583333274	8.754546903729068
0.5496223958333327	11.043336372248838
0.6496223958333327	13.351078455559875
0.7496223958333327	15.67292340599036
0.8496223958333327	18.005066231525248
0.9496223958333326	20.344417543727477
1.0496223958333326	22.688393052123345
1.1496223958333327	25.03478898107773
1.2496223958333328	27.381979336711378
1.3496223958333329	29.729259336711383
1.449622395833333	32.07653933671139
1.549622395833333	34.423819336711404
1.6496223958333331	36.771099336711416
1.7496223958333332	39.11837933671143
1.8496223958333333	41.46565933671144
1.9496223958333334	43.81293933671145
2.0496223958333335	46.160219336711464
2.1496223958333336	48.507499336711476
2.2496223958333337	50.85477933671149
2.3496223958333338	53.2020593367115
2.449622395833334	55.54933933671151
2.549622395833334	57.896619336711524
2.649622395833334	60.243899336711536
2.749622395833334	62.59117933671155
2.849622395833334	64.93845933671156
2.9496223958333343	67.28573933671157
3.0496223958333344	69.63301933671158
3.1496223958333345	71.9802993367116
3.2496223958333346	74.32757933671161
3.3496223958333347	76.67485933671162
3.4496223958333347	79.02213933671163
3.549622395833335	81.36941933671164
3.649622395833335	83.71669933671166
3.749622395833335	86.06397933671167
3.849622395833335	88.41125933671168
3.949622395833335	90.75853933671169
4.049622395833335	93.1058193367117
4.149622395833335	95.45309933671172
4.249622395833335	97.80037933671173
4.349622395833334	100.14765933671174
4.449622395833334	102.49493933671175
4.5496223958333335	104.84221933671176
4.649622395833333	107.18949933671178
4.749622395833333	109.53677933671179
4.849622395833332	111.8840593367118
4.949622395833332	114.23133933671181
5.049622395833332	116.57861933671182
5.149622395833331	118.92589933671184
5.249622395833331	121.27317933671185
5.349622395833331	123.62045933671186
5.44962239583333	125.96773933671187
5.54962239583333	128.31501933671188
5.64962239583333	130.6622993367119
5.749622395833329	133.0095793367119
5.849622395833329	135.35685933671192
5.9496223958333285	137.70413933671193
6.049622395833328	140.05141933671194
6.149622395833328	142.39869933671196
6.2496223958333275	144.74597933671197
6.349622395833327	147.09325933671198
6.449622395833327	149.440539336712
6.549622395833326	151.787819336712
6.649622395833326	154.13509933671202
6.749622395833326	156.48237933671203
6.849622395833325	158.82965933671204
6.949622395833325	161.17693933671205
7.049622395833325	163.52421933671206
7.149622395833324	165.87149933671208
7.249622395833324	168.2187793367121
7.3496223958333236	170.5660593367121
7.449622395833323	172.9133393367121
7.549622395833323	175.26061933671213
7.6496223958333225	177.60789933671214
7.749622395833322	179.95517933671215
7.849622395833322	182.30245933671216
7.949622395833321	184.64973933671217
8.049622395833321	186.99701933671219
8.14962239583332	189.3442993367122
8.24962239583332	191.6915793367122
8.34962239583332	194.03885933671222
8.44962239583332	196.38613933671223
8.54962239583332	198.73341933671225
8.649622395833319	201.08069933671226
8.749622395833319	203.42797933671227
8.849622395833318	205.77525933671228
8.949622395833318	208.1225393367123
9.049622395833318	210.4698193367123
9.149622395833317	212.81709933671232
9.249622395833317	215.16437933671233
9.349622395833316	217.51165933671234
9.449622395833316	219.85893933671235
9.549622395833316	222.20621933671237
9.649622395833315	224.55349933671238
9.749622395833315	226.9007793367124
9.849622395833315	229.2480593367124
9.949622395833314	231.5953393367124
10.049622395833314	233.94261933671243
10.149622395833314	236.28989933671244
10.249622395833313	238.63717933671245
10.349622395833313	240.98445933671246
10.449622395833313	243.33173933671247
10.549622395833312	245.67901933671249
10.649622395833312	248.0262993367125
10.749622395833311	250.3735793367125
10.849622395833311	252.72085933671252
10.94962239583331	255.06813933671253
11.04962239583331	257.4154193367125
11.14962239583331	259.76269933671244
11.24962239583331	261.9414402127541
11.34962239583331	263.92334108879584
11.449622395833309	265.8769410887959
11.549622395833309	267.83054108879594
11.649622395833308	269.784141088796
11.749622395833308	271.73774108879604
11.849622395833308	273.6913410887961
11.949622395833307	275.64494108879614
12.049622395833307	277.62802931796284
12.149622395833306	279.6407175471295
12.249622395833306	281.65351754712947
12.349622395833306	283.66631754712944
12.449622395833305	285.6791175471294
12.549622395833305	287.6919175471294
12.56	288.9071979637966
179769313486231570000000000000000000000000000000000000000000000000000000000000000000000000000000000000000000000000000000000000000000000000000000000000000000000000000000000000000000000000000000000000000000000000000000000000000000000000000000000000000000000000000000000000000000000000000000000000000000000000000	289.1160783804638
