-179769313486231570000000000000000000000000000000000000000000000000000000000000000000000000000000000000000000000000000000000000000000000000000000000000000000000000000000000000000000000000000000000000000000000000000000000000000000000000000000000000000000000000000000000000000000000000000000000000000000000000000	0
5.868654432057296	0
5.871987765390629	0.00008153601055295189
5.875321098723962	0.00023549473264495625
5.880321098723962	0.0005972165292878336
5.887821098723962	0.0014340625796383148
5.8990710987239625	0.003351424204783568
5.915946098723962	0.00771782072556333
5.941258598723962	0.017622995998471645
5.979227348723962	0.03962491839024926
6.036180473723962	0.08804006919283694
6.121610161223963	0.19287550582907237
6.221610161223962	0.36029636307358326
6.321610161223962	0.5714010173059842
6.4216101612239616	0.8223849269250952
6.521610161223961	1.1100450183477526
6.621610161223961	1.4319090046010436
6.7216101612239605	1.7859517471197188
6.82161016122396	2.1701389268474047
6.92161016122396	2.582726815482936
7.021610161223959	3.022193846565556
7.121610161223959	3.487091953170397
7.221610161223959	3.9761866811630653
7.321610161223958	4.488318991197058
7.421610161223958	5.022458170986927
7.521610161223958	5.577550568325829
7.621610161223957	6.152602415094587
7.721610161223957	6.746733269382448
7.821610161223957	7.359123963451979
7.921610161223956	7.988890841631462
8.021610161223956	8.635472445767832
8.121610161223956	9.297947151475613
8.221610161223955	9.975846814669236
8.321610161223955	10.668331819480604
8.421610161223954	11.375035541158221
8.521610161223954	12.095253221854628
8.621610161223954	12.828347767865875
8.721610161223953	13.573791703473317
8.821610161223953	14.331215177032774
8.921610161223953	15.10017259850914
9.021610161223952	15.880139233689931
9.121610161223952	16.670888287603013
9.221610161223952	17.471857651932275
9.321610161223951	18.28292401556327
9.421610161223951	19.10357123646898
9.52161016122395	19.933769921950386
9.62161016122395	20.773154220234122
9.72161016122395	21.62147738459929
9.82161016122395	22.478507974007986
9.92161016122395	23.344012057068063
10.021610161223949	24.21774642607493
10.121610161223948	25.099557434793912
10.221610161223948	25.989163992934692
10.321610161223948	26.88634211720787
10.421610161223947	27.790878763827784
10.521610161223947	28.70254850737995
10.621610161223947	29.621167404510704
10.721610161223946	30.546486251778987
10.821610161223946	31.478249217825965
10.921610161223946	32.41626900417284
11.021610161223945	33.360284675245246
11.121610161223945	34.310042637390936
11.221610161223945	35.2653413936205
11.321610161223944	36.22588755414502
11.421610161223944	37.191436533646524
11.521610161223943	38.16174640355659
11.621610161223943	39.136499921465784
11.721610161223943	40.115466095275245
11.821610161223942	41.09834885397536
11.921610161223942	42.08481798560743
12.021610161223942	43.074659493631444
12.121610161223941	44.06751617836431
12.221610161223941	45.06306779386923
12.32161016122394	46.06099245438422
12.42161016122394	47.06097170261113
12.52161016122394	48.062666532725174
12.62161016122394	49.065732782140245
12.72161016122394	50.06979186763461
12.821610161223939	50.47265990269127
12.921610161223938	50.80565990274156
13.021610161223938	51.13865990279185
13.121610161223938	51.47165990284214
13.221610161223937	51.80465990289243
13.321610161223937	52.13765990294272
13.421610161223937	52.47065990299301
13.521610161223936	52.803659903043304
13.621610161223936	53.136659903093594
13.721610161223936	53.469659903143885
13.821610161223935	53.802659903194176
13.921610161223935	54.135659903244466
14.021610161223935	54.46865990329476
14.121610161223934	54.80165990334505
14.221610161223934	55.13465990339534
14.321610161223933	55.46765990344563
14.421610161223933	55.80065990349592
14.521610161223933	56.13365990354621
14.621610161223932	56.4666599035965
14.721610161223932	56.79965990364679
14.821610161223932	57.13265990369708
14.921610161223931	57.46565990374737
15.021610161223931	57.79865990379766
15.12161016122393	58.131659903847954
15.22161016122393	58.464659903898244
15.32161016122393	58.797659903948535
15.42161016122393	59.130659903998826
15.52161016122393	59.463659904049116
15.621610161223929	59.79665990409941
15.721610161223929	60.1296599041497
15.821610161223928	60.46265990419999
15.921610161223928	60.79565990425028
16.02161016122393	61.12865990430058
16.12161016122393	61.461659904350874
16.221610161223932	61.79465990440117
16.321610161223933	62.12765990445147
16.421610161223935	62.46065990450177
16.521610161223936	62.793659904552065
16.621610161223938	63.12665990460236
16.72161016122394	63.45965990465266
16.82161016122394	63.79265990470296
16.921610161223942	64.12565990475325
17.021610161223943	64.45865990480354
17.121610161223945	64.79165990485383
17.221610161223946	65.12465990490412
17.321610161223948	65.45765990495441
17.42161016122395	65.7906599050047
17.52161016122395	66.12365990505499
17.621610161223952	66.45665990510528
17.721610161223953	66.78965990515557
17.821610161223955	67.12265990520586
17.921610161223956	67.45565990525616
18.021610161223958	67.78865990530645
18.12161016122396	68.12165990535674
18.22161016122396	68.45465990540703
18.321610161223962	68.78765990545732
18.421610161223963	69.12065990550761
18.521610161223965	69.4536599055579
18.621610161223966	69.78665990560819
18.721610161223968	70.11965990565848
18.82161016122397	70.45265990570877
18.92161016122397	70.78565990575906
19.021610161223972	71.11865990580935
19.121610161223973	71.45165990585964
19.221610161223975	71.78465990590993
19.321610161223976	72.11765990596022
19.421610161223978	72.45065990601051
19.52161016122398	72.7836599060608
19.62161016122398	73.1166599061111
19.721610161223982	73.44965990616139
19.821610161223983	73.78265990621168
19.921610161223985	74.11565990626197
20.021610161223986	74.44865990631226
20.121610161223987	74.78165990636255
20.22161016122399	75.11465990641284
20.32161016122399	75.44765990646313
20.42161016122399	75.78065990651342
20.521610161223993	76.11365990656371
20.621610161223995	76.446659906614
20.721610161223996	76.77965990666429
20.821610161223997	77.11265990671458
20.921610161224	77.44565990676487
21.021610161224	77.77865990681516
21.121610161224	78.11165990686546
21.221610161224003	78.44465990691575
21.321610161224005	78.77765990696604
21.421610161224006	79.11065990701633
21.521610161224007	79.44365990706662
21.62161016122401	79.77665990711691
21.72161016122401	80.1096599071672
21.82161016122401	80.44265990721749
21.921610161224013	80.77565990726778
22.021610161224014	81.10865990731807
22.121610161224016	81.44165990736836
22.221610161224017	81.77465990741865
22.32161016122402	82.10765990746894
22.42161016122402	82.44065990751923
22.52161016122402	82.77365990756952
22.621610161224023	83.10665990761981
22.721610161224024	83.4396599076701
22.821610161224026	83.7726599077204
22.921610161224027	84.10565990777069
23.02161016122403	84.43865990782098
23.12161016122403	84.77165990787127
23.22161016122403	85.10465990792156
23.321610161224033	85.43765990797185
23.421610161224034	85.77065990802214
23.45	85.95973623429862
179769313486231570000000000000000000000000000000000000000000000000000000000000000000000000000000000000000000000000000000000000000000000000000000000000000000000000000000000000000000000000000000000000000000000000000000000000000000000000000000000000000000000000000000000000000000000000000000000000000000000000000	85.95973623429862
