-179769313486231570000000000000000000000000000000000000000000000000000000000000000000000000000000000000000000000000000000000000000000000000000000000000000000000000000000000000000000000000000000000000000000000000000000000000000000000000000000000000000000000000000000000000000000000000000000000000000000000000000	0
5.5304331054687506	0
5.5337664388020835	0.0000009351307876646377
5.538766438802083	0.00000976529469660578
5.546266438802084	0.000056874629134191085
5.557516438802084	0.00025960143112918003
5.574391438802084	0.0010494650554973518
5.599703938802084	0.0039625412253477
5.637672688802084	0.014274489648210632
5.694625813802084	0.048141287593568866
5.780055501302083	0.14308550887507387
5.880055501302083	0.33527725176943496
5.980055501302083	0.622675007311528
6.080055501302082	0.9888267522524682
6.180055501302082	1.4269041342458273
6.280055501302082	1.931188917456408
6.380055501302081	2.4968631005029103
6.480055501302081	3.119736151900301
6.5800555013020805	3.7962514360972017
6.68005550130208	4.5231635170284905
6.78005550130208	5.297473952390554
6.880055501302079	6.11658389339869
6.980055501302079	6.978113727734322
7.080055501302079	7.87985608448164
7.180055501302078	8.819810809689798
7.280055501302078	9.796147944103824
7.380055501302078	10.807131166069178
7.480055501302077	11.851145022859834
7.580055501302077	12.926603327989351
7.680055501302077	14.032148447247327
7.780055501302076	15.166472006647306
7.880055501302076	16.32829570975224
7.9800555013020755	17.516495230749484
8.080055501302075	18.729870580214882
8.180055501302075	19.96742776010907
8.280055501302074	21.228146725768617
8.380055501302074	22.511083417714055
8.480055501302074	23.815338428332765
8.580055501302073	25.140053174411094
8.680055501302073	26.484423670143467
8.780055501302073	27.84765872715265
8.880055501302072	29.229037585729614
8.980055501302072	30.627845851917037
9.080055501302072	32.043436639663646
9.180055501302071	33.475139102515726
9.280055501302071	34.92239720837012
9.38005550130207	36.3845914904321
9.48005550130207	37.861206119882674
9.58005550130207	39.35166821019621
9.68005550130207	40.855478737199924
9.78005550130207	42.37231569160005
9.880055501302069	43.90173058009981
9.980055501302068	45.44332059202608
10.080055501302068	46.996734057385375
10.180055501302068	48.56162166340653
10.280055501302067	50.13760138659205
10.380055501302067	51.72430760213993
10.480055501302067	53.3213805677674
10.580055501302066	54.92843346152351
10.680055501302066	56.545096892208065
10.780055501302066	58.17099567323149
10.880055501302065	59.80573050773231
10.980055501302065	61.44892524209363
11.080055501302065	63.10018212929144
11.180055501302064	64.7590955010114
11.280055501302064	66.42527739862992
11.380055501302063	68.0983061293397
11.480055501302063	69.77777421804623
11.580055501302063	71.46327485745361
11.680055501302062	73.15436873971039
11.780055501302062	74.85064611777682
11.880055501302062	76.55167675283212
11.980055501302061	78.25704316507107
12.080055501302061	79.96632205467715
12.18005550130206	81.67904939411451
12.28005550130206	83.39478626083958
12.38005550130206	85.11309593902325
12.48005550130206	86.83353641255238
12.58005550130206	88.55565907707256
12.680055501302059	90.27901815972156
12.780055501302058	91.6128510741014
12.880055501302058	92.35475077402553
12.980055501302058	92.89475077402552
13.080055501302057	93.43475077402552
13.180055501302057	93.97475077402551
13.280055501302057	94.5147507740255
13.380055501302056	95.05475077402549
13.480055501302056	95.59475077402548
13.580055501302056	96.13475077402548
13.680055501302055	96.67475077402547
13.780055501302055	97.21475077402546
13.880055501302055	97.75475077402545
13.980055501302054	98.29475077402545
14.080055501302054	98.83475077402544
14.180055501302054	99.37475077402543
14.280055501302053	99.91475077402542
14.380055501302053	100.45475077402541
14.480055501302052	100.9947507740254
14.580055501302052	101.5347507740254
14.680055501302052	102.07475077402539
14.780055501302051	102.61475077402538
14.880055501302051	103.15475077402537
14.98005550130205	103.69475077402537
15.08005550130205	104.23475077402536
15.18005550130205	104.77475077402535
15.28005550130205	105.31475077402534
15.38005550130205	105.85475077402533
15.480055501302049	106.39475077402533
15.580055501302049	106.93475077402532
15.680055501302048	107.47475077402531
15.780055501302048	108.0147507740253
15.880055501302047	108.5547507740253
15.980055501302047	109.09475077402529
16.08005550130205	109.63475077402529
16.18005550130205	110.17475077402531
16.28005550130205	110.71475077402533
16.380055501302053	111.25475077402535
16.480055501302054	111.79475077402537
16.580055501302056	112.3347507740254
16.680055501302057	112.87475077402542
16.78005550130206	113.41475077402544
16.88005550130206	113.95475077402546
16.98005550130206	114.49475077402548
17.080055501302063	115.0347507740255
17.180055501302064	115.57475077402552
17.280055501302066	116.11475077402554
17.380055501302067	116.65475077402556
17.48005550130207	117.19475077402558
17.58005550130207	117.7347507740256
17.68005550130207	118.27475077402562
17.780055501302073	118.81475077402564
17.880055501302074	119.35475077402566
17.980055501302076	119.89475077402568
18.080055501302077	120.4347507740257
18.18005550130208	120.97475077402572
18.28005550130208	121.51475077402574
18.38005550130208	122.05475077402576
18.480055501302083	122.59475077402578
18.580055501302084	123.1347507740258
18.680055501302085	123.67475077402582
18.780055501302087	124.21475077402584
18.88005550130209	124.75475077402587
18.98005550130209	125.29475077402589
19.08005550130209	125.8347507740259
19.180055501302093	126.37475077402593
19.280055501302094	126.91475077402595
19.380055501302095	127.45475077402597
19.480055501302097	127.99475077402599
19.5800555013021	128.534750774026
19.6800555013021	129.07475077402603
19.7800555013021	129.61475077402605
19.880055501302103	130.15475077402607
19.980055501302104	130.6947507740261
20.080055501302105	131.2347507740261
20.180055501302107	131.77475077402613
20.280055501302108	132.31475077402615
20.38005550130211	132.85475077402617
20.48005550130211	133.3947507740262
20.580055501302112	133.9347507740262
20.680055501302114	134.47475077402623
20.780055501302115	135.01475077402625
20.880055501302117	135.55475077402627
20.980055501302118	136.0947507740263
21.08005550130212	136.63475077402632
21.18005550130212	137.17475077402634
21.280055501302122	137.71475077402636
21.380055501302124	138.25475077402638
21.480055501302125	138.7947507740264
21.580055501302127	139.33475077402642
21.680055501302128	139.87475077402644
21.78005550130213	140.41475077402646
21.88005550130213	140.95475077402648
21.980055501302132	141.4947507740265
22.080055501302134	142.03475077402652
22.180055501302135	142.57475077402654
22.280055501302137	143.11475077402656
22.380055501302138	143.65475077402658
22.48005550130214	144.1947507740266
22.58005550130214	144.73475077402662
22.680055501302142	145.27475077402664
22.780055501302144	145.81475077402666
22.880055501302145	146.35475077402668
22.980055501302147	146.8947507740267
23.080055501302148	147.43475077402672
23.18005550130215	147.97475077402675
23.28005550130215	148.51475077402677
23.380055501302152	149.0547507740268
23.45	149.70245106699517
179769313486231570000000000000000000000000000000000000000000000000000000000000000000000000000000000000000000000000000000000000000000000000000000000000000000000000000000000000000000000000000000000000000000000000000000000000000000000000000000000000000000000000000000000000000000000000000000000000000000000000000	150.08015135996354
