-179769313486231570000000000000000000000000000000000000000000000000000000000000000000000000000000000000000000000000000000000000000000000000000000000000000000000000000000000000000000000000000000000000000000000000000000000000000000000000000000000000000000000000000000000000000000000000000000000000000000000000000	0
-0.0000000000000006115892326317172	0
0.003333333333332722	0.03294104355367092
0.006666666666666056	0.0662585003397192
0.011666666666666055	0.11666619097348825
0.019166666666666055	0.19296417843327557
0.030416666666666054	0.3085710387889719
0.04729166666666605	0.4840030856079185
0.07260416666666605	0.750623057026634
0.11057291666666605	1.1564451739252086
0.16752604166666607	1.7754458530544035
0.2529557291666661	2.7206494237149106
0.35295572916666607	3.845528688676316
0.45295572916666604	4.984912024903657
0.552955729166666	6.135039383427994
0.652955729166666	7.293192745230947
0.752955729166666	8.457282598330037
0.852955729166666	9.625623475887553
0.9529557291666659	10.796826676816027
1.052955729166666	11.969712852263177
1.152955729166666	13.143271255232012
1.2529557291666662	14.316911255232016
1.3529557291666663	15.49055125523202
1.4529557291666664	16.664191255232026
1.5529557291666665	17.837831255232032
1.6529557291666666	19.01147125523204
1.7529557291666666	20.185111255232044
1.8529557291666667	21.35875125523205
1.9529557291666668	22.532391255232056
2.052955729166667	23.706031255232062
2.152955729166667	24.87967125523207
2.252955729166667	26.053311255232074
2.352955729166667	27.22695125523208
2.4529557291666673	28.400591255232086
2.5529557291666674	29.574231255232093
2.6529557291666674	30.7478712552321
2.7529557291666675	31.921511255232105
2.8529557291666676	33.09515125523211
2.9529557291666677	34.26879125523212
3.052955729166668	35.44243125523212
3.152955729166668	36.61607125523213
3.252955729166668	37.789711255232135
3.352955729166668	38.96335125523214
3.452955729166668	40.13699125523215
3.5529557291666682	41.31063125523215
3.6529557291666683	42.48427125523216
3.7529557291666684	43.657911255232165
3.8529557291666685	44.83155125523217
3.9529557291666686	46.00519125523218
4.052955729166668	47.178831255232176
4.152955729166668	48.352471255232174
4.2529557291666675	49.52611125523217
4.352955729166667	50.69975125523217
4.452955729166667	51.87339125523217
4.5529557291666665	53.04703125523217
4.652955729166666	54.22067125523217
4.752955729166666	55.39431125523217
4.852955729166665	56.56795125523217
4.952955729166665	57.741591255232166
5.052955729166665	58.915231255232165
5.152955729166664	60.08887125523216
5.252955729166664	61.26251125523216
5.352955729166664	62.43615125523216
5.452955729166663	63.60979125523216
5.552955729166663	64.78343125523216
5.652955729166663	65.95707125523217
5.752955729166662	67.13071125523217
5.852955729166662	68.30435125523218
5.9529557291666615	69.47799125523218
6.052955729166661	70.65163125523219
6.152955729166661	71.8252712552322
6.25295572916666	72.9989112552322
6.35295572916666	74.17255125523221
6.45295572916666	75.34619125523221
6.552955729166659	76.51983125523222
6.652955729166659	77.69347125523223
6.752955729166659	78.86711125523223
6.852955729166658	80.04075125523224
6.952955729166658	81.21439125523224
7.052955729166658	82.38803125523225
7.152955729166657	83.56167125523226
7.252955729166657	84.73531125523226
7.3529557291666565	85.90895125523227
7.452955729166656	87.08259125523227
7.552955729166656	88.25623125523228
7.6529557291666555	89.42987125523229
7.752955729166655	90.60351125523229
7.852955729166655	91.7771512552323
7.952955729166654	92.9507912552323
8.052955729166655	94.12443125523231
8.152955729166655	95.29807125523232
8.252955729166654	96.47171125523232
8.352955729166654	97.64535125523233
8.452955729166653	98.81899125523233
8.552955729166653	99.99263125523234
8.652955729166653	101.16627125523235
8.752955729166652	102.33991125523235
8.852955729166652	103.51355125523236
8.952955729166652	104.68719125523236
9.052955729166651	105.86083125523237
9.152955729166651	107.03447125523238
9.25295572916665	108.20811125523238
9.35295572916665	109.38175125523239
9.45295572916665	110.5553912552324
9.55295572916665	111.7290312552324
9.65295572916665	112.9026712552324
9.752955729166649	114.07631125523241
9.852955729166649	115.24995125523242
9.952955729166648	116.42359125523242
10.052955729166648	117.59723125523243
10.152955729166647	118.77087125523244
10.252955729166647	119.94451125523244
10.352955729166647	121.11815125523245
10.452955729166646	122.29179125523245
10.552955729166646	123.46543125523246
10.652955729166646	124.63907125523247
10.752955729166645	125.81271125523247
10.852955729166645	126.98635125523248
10.952955729166645	128.15999125523248
11.052955729166644	129.3336312552325
11.152955729166644	130.5072712552325
11.252955729166644	131.50581079794088
11.352955729166643	132.48261079794088
11.452955729166643	133.45941079794088
11.552955729166642	134.43621079794087
11.652955729166642	135.41301079794087
11.752955729166642	136.38981079794087
11.852955729166641	137.36661079794087
11.952955729166641	138.3442856937742
12.05295572916664	139.35068569377418
12.15295572916664	140.35708569377417
12.25295572916664	141.36348569377415
12.35295572916664	142.36988569377414
12.45295572916664	143.37628569377412
12.552955729166639	144.3826856937741
12.56	144.524472777108
179769313486231570000000000000000000000000000000000000000000000000000000000000000000000000000000000000000000000000000000000000000000000000000000000000000000000000000000000000000000000000000000000000000000000000000000000000000000000000000000000000000000000000000000000000000000000000000000000000000000000000000	144.524472777108
