-179769313486231570000000000000000000000000000000000000000000000000000000000000000000000000000000000000000000000000000000000000000000000000000000000000000000000000000000000000000000000000000000000000000000000000000000000000000000000000000000000000000000000000000000000000000000000000000000000000000000000000000	0
-0.0000000000000006159468876033956	0
0.0033333333333327177	0.032940941151990456
0.006666666666666051	0.06625829713390556
0.011666666666666051	0.11666583775574788
0.01916666666666605	0.1929636037847125
0.03041666666666605	0.30857014133105276
0.04729166666666605	0.48400172150513965
0.07260416666666605	0.7506210281968828
0.11057291666666605	1.1564422358564845
0.16752604166666607	1.7754416983717805
0.2529557291666661	2.7206437471537654
0.35295572916666607	3.8455216278489766
0.45295572916666604	4.984903946299141
0.552955729166666	6.135030574894557
0.652955729166666	7.293183440173918
0.752955729166666	8.457272978143411
0.852955729166666	9.625613685094264
0.9529557291666659	10.796816807250202
1.052955729166666	11.969702960623243
1.152955729166666	13.143261361816357
1.2529557291666662	14.316901361816349
1.3529557291666663	15.49054136181634
1.4529557291666664	16.664181361816333
1.5529557291666665	17.837821361816324
1.6529557291666666	19.011461361816316
1.7529557291666666	20.185101361816308
1.8529557291666667	21.3587413618163
1.9529557291666668	22.53238136181629
2.052955729166667	23.706021361816283
2.152955729166667	24.879661361816275
2.252955729166667	26.053301361816267
2.352955729166667	27.22694136181626
2.4529557291666673	28.40058136181625
2.5529557291666674	29.574221361816242
2.6529557291666674	30.747861361816234
2.7529557291666675	31.921501361816226
2.8529557291666676	33.09514136181622
2.9529557291666677	34.26878136181621
3.052955729166668	35.4424213618162
3.152955729166668	36.61606136181619
3.252955729166668	37.789701361816185
3.352955729166668	38.96334136181618
3.452955729166668	40.13698136181617
3.5529557291666682	41.31062136181616
3.6529557291666683	42.48426136181615
3.7529557291666684	43.657901361816144
3.8529557291666685	44.831541361816136
3.9529557291666686	46.00518136181613
4.052955729166668	47.17882136181611
4.152955729166668	48.3524613618161
4.2529557291666675	49.52610136181608
4.352955729166667	50.699741361816066
4.452955729166667	51.87338136181605
4.5529557291666665	53.047021361816036
4.652955729166666	54.22066136181602
4.752955729166666	55.394301361816005
4.852955729166665	56.56794136181599
4.952955729166665	57.741581361815975
5.052955729166665	58.91522136181596
5.152955729166664	60.088861361815944
5.252955729166664	61.26250136181593
5.352955729166664	62.43614136181591
5.452955729166663	63.6097813618159
5.552955729166663	64.78342136181588
5.652955729166663	65.95706136181587
5.752955729166662	67.13070136181587
5.852955729166662	68.30434136181586
5.9529557291666615	69.47798136181585
6.052955729166661	70.65162136181584
6.152955729166661	71.82526136181583
6.25295572916666	72.99890136181583
6.35295572916666	74.17254136181582
6.45295572916666	75.34618136181581
6.552955729166659	76.5198213618158
6.652955729166659	77.69346136181579
6.752955729166659	78.86710136181578
6.852955729166658	80.04074136181578
6.952955729166658	81.21438136181577
7.052955729166658	82.38802136181576
7.152955729166657	83.56166136181575
7.252955729166657	84.73530136181574
7.3529557291666565	85.90894136181574
7.452955729166656	87.08258136181573
7.552955729166656	88.25622136181572
7.6529557291666555	89.42986136181571
7.752955729166655	90.6035013618157
7.852955729166655	91.7771413618157
7.952955729166654	92.95078136181569
8.052955729166655	94.12442136181568
8.152955729166655	95.29806136181567
8.252955729166654	96.47170136181566
8.352955729166654	97.64534136181565
8.452955729166653	98.81898136181564
8.552955729166653	99.99262136181564
8.652955729166653	101.16626136181563
8.752955729166652	102.33990136181562
8.852955729166652	103.51354136181561
8.952955729166652	104.6871813618156
9.052955729166651	105.8608213618156
9.152955729166651	107.03446136181559
9.25295572916665	108.20810136181558
9.35295572916665	109.38174136181557
9.45295572916665	110.55538136181556
9.55295572916665	111.72902136181555
9.65295572916665	112.90266136181555
9.752955729166649	114.07630136181554
9.852955729166649	115.24994136181553
9.952955729166648	116.42358136181552
10.052955729166648	117.59722136181551
10.152955729166647	118.7708613618155
10.252955729166647	119.9445013618155
10.352955729166647	121.11814136181549
10.452955729166646	122.29178136181548
10.552955729166646	123.46542136181547
10.652955729166646	124.63906136181546
10.752955729166645	125.81270136181546
10.852955729166645	126.98634136181545
10.952955729166645	128.15998136181543
11.052955729166644	129.3336213618154
11.152955729166644	130.50726136181538
11.252955729166644	131.50580090452374
11.352955729166643	132.48260090452374
11.452955729166643	133.45940090452373
11.552955729166642	134.43620090452373
11.652955729166642	135.41300090452373
11.752955729166642	136.38980090452372
11.852955729166641	137.36660090452372
11.952955729166641	138.34427580035702
12.05295572916664	139.350675800357
12.15295572916664	140.357075800357
12.25295572916664	141.36347580035698
12.35295572916664	142.36987580035697
12.45295572916664	143.37627580035695
12.552955729166639	144.38267580035694
12.56	144.52446288369083
179769313486231570000000000000000000000000000000000000000000000000000000000000000000000000000000000000000000000000000000000000000000000000000000000000000000000000000000000000000000000000000000000000000000000000000000000000000000000000000000000000000000000000000000000000000000000000000000000000000000000000000	144.52446288369083
