-100000	0
-0.002999218463898501	0
0.00033411486943483266	0.03305840324971209
0.005334114869434832	0.08327052548451604
0.012834114869434832	0.1594068056498796
0.024084114869434833	0.27490419623015605
0.040959114869434834	0.450297359680765
0.06627161486943484	0.7170186331011225
0.10424036486943483	1.1232583636289768
0.16119348986943483	1.7429637602237809
0.24662317736943484	2.68953091599509
0.3466231773694348	3.816285949205703
0.4466231773694348	4.957731012612877
0.5466231773694348	6.110023788831403
0.6466231773694348	7.270393589739746
0.7466231773694347	8.436710055837949
0.8466231773694347	9.60725978241602
0.9466231773694347	10.780620716521398
1.0466231773694348	11.955583662535089
1.1466231773694349	13.131115795117964
1.246623177369435	14.306684941233799
1.346623177369435	15.482265114571806
1.4466231773694351	16.657850662050823
1.5466231773694352	17.833443827631896
1.6466231773694353	19.009044286154943
1.7466231773694354	20.18465181908681
1.8466231773694355	21.360266850588033
1.9466231773694356	22.535889189265013
2.0466231773694354	23.711518834985394
2.1466231773694355	24.88715578761747
2.2466231773694356	26.06278739956199
2.3466231773694357	27.238451822243295
2.446623177369436	28.414124902465694
2.546623177369436	29.58977409945366
2.646623177369436	30.76544648825865
2.746623177369436	31.94112570139397
2.846623177369436	33.11681173944497
2.9466231773694362	34.29250460299738
3.0466231773694363	35.46820429263652
3.1466231773694364	36.64391080894765
3.2466231773694365	37.8196241525166
3.3466231773694366	38.99534997040628
3.4466231773694367	40.171076730140484
3.5466231773694368	41.346810189267615
3.646623177369437	42.522552933428244
3.746623177369437	43.69830097182497
3.846623177369437	44.87405574265715
3.946623177369437	46.04979344244249
4.046623177369437	47.22558440551378
4.146623177369436	48.40135905452229
4.246623177369436	49.5771404262637
4.346623177369436	50.75292852020309
4.446623177369435	51.928723335804584
4.546623177369435	53.10454845813062
4.646623177369435	54.28033220152494
4.746623177369434	55.45614583732443
4.846623177369434	56.631965785923185
4.946623177369434	57.80779689392666
5.046623177369433	58.98363039012652
5.146623177369433	60.159469840375145
5.2466231773694325	61.335313282208986
5.346623177369432	62.511162710882196
5.446623177369432	63.68701737044906
5.5466231773694314	64.86287726099431
5.646623177369431	66.03874238260369
5.746623177369431	67.21461273536234
5.84662317736943	68.39049349714858
5.94662317736943	69.56637343473112
6.04662317736943	70.7422579026544
6.146623177369429	71.9181526593722
6.246623177369429	73.09404743826013
6.346623177369429	74.26994628092982
6.446623177369428	75.44582920264429
6.546623177369428	76.62175253408499
6.6466231773694275	77.79766183355342
6.746623177369427	78.97357458907388
6.846623177369427	80.14949080064638
6.9466231773694265	81.32541046827156
7.046623177369426	82.50133359194825
7.146623177369426	83.67726068853152
7.246623177369425	84.85318970108159
7.346623177369425	86.0291219596462
7.446623177369425	87.20506274114473
7.546623177369424	88.38100243596678
7.646623177369424	89.55694471947253
7.746623177369424	90.73288895054327
7.846623177369423	91.90883572624351
7.946623177369423	93.08478340658148
8.046623177369423	94.26073285900473
8.146623177369422	95.43668351124978
8.246623177369422	96.6126353633264
8.346623177369421	97.78858700361847
8.446623177369421	98.96454313898488
8.54662317736942	100.1404978923355
8.64662317736942	101.31645384437026
8.74662317736942	102.49241235645502
8.84662317736942	103.66837238032286
8.94662317736942	104.84433498902455
9.046623177369419	106.0202926066225
9.146623177369419	107.19625576461742
9.246623177369418	108.3722201232498
9.346623177369418	109.54818568249479
9.446623177369418	110.72415244232913
9.546623177369417	111.90012040272948
9.646623177369417	113.07608890615325
9.746623177369417	114.2520580520895
9.846623177369416	115.42802839712508
9.946623177369416	116.60400028195473
10.046623177369415	117.77997470345287
10.146623177369415	118.95595032591949
10.246623177369415	120.13192375777284
10.346623177369414	121.30790128004037
10.446623177369414	122.48388000272892
10.546623177369414	123.65985992581763
10.646623177369413	124.835841049285
10.746623177369413	126.01182337310851
10.846623177369413	127.18780689726735
10.946623177369412	128.363793611202
11.046623177369412	129.53977788960947
11.146623177369412	130.71576135707693
11.246623177369411	131.7272985334093
11.34662317736941	132.70469874347384
11.44662317736941	133.68210015335038
11.54662317736941	134.65950276306094
11.64662317736941	135.6369065726294
11.74662317736941	136.61431158207765
11.846623177369409	137.59171469816656
11.946623177369409	138.5691237744602
12.046623177369408	139.57453662925872
12.146623177369408	140.58093115918197
12.246623177369408	141.58732520613836
12.346623177369407	142.5937221018245
12.446623177369407	143.6001207833055
12.546623177369407	144.6065206648915
12.56	144.7411626813448
1000012.56	144.7411626813448
