-100000	0
-0.002999218463898501	0
0.00033411486943483266	0.033063683787720066
0.005334114869434832	0.08328371857673927
0.012834114869434832	0.15943189967386706
0.024084114869434833	0.27494711539973166
0.040959114869434834	0.45036697010142945
0.06627161486943484	0.7171282132437264
0.10424036486943483	1.123427460861572
0.16119348986943483	1.7432218822039465
0.24662317736943484	2.6899210586931557
0.3466231773694348	3.81682873952444
0.4466231773694348	4.958424318099745
0.5466231773694348	6.1108651753366505
0.6466231773694348	7.271381112706733
0.7466231773694347	8.437841365950979
0.8466231773694347	9.608532724189134
0.9466231773694347	10.78203284735055
1.0466231773694348	11.957133537911325
1.1466231773694349	13.13280083602235
1.246623177369435	14.308503346976464
1.346623177369435	15.484211681736372
1.4466231773694351	16.65992554256986
1.5466231773694352	17.835644722597515
1.6466231773694353	19.01136930405438
1.7466231773694354	20.187099193809637
1.8466231773694355	21.36283462194015
1.9466231773694356	22.538575269431792
2.0466231773694354	23.714321206571867
2.1466231773694355	24.890072433360512
2.2466231773694356	26.06582894979839
2.3466231773694357	27.241590755885955
2.446623177369436	28.417358382421877
2.546623177369436	29.593130835616005
2.646623177369436	30.768908582649757
2.746623177369436	31.944691623558082
2.846623177369436	33.120479958377466
2.9466231773694362	34.296269216143905
3.0466231773694363	35.472067273024074
3.1466231773694364	36.64787518500108
3.2466231773694365	37.82368299347378
3.3466231773694366	38.999495325088546
3.4466231773694367	40.17530864732261
3.5466231773694368	41.351132491020145
3.646623177369437	42.52695766085273
3.746623177369437	43.702793333106584
3.846623177369437	44.87862306759837
3.946623177369437	46.05446232232259
4.046623177369437	47.23030608981869
4.146623177369436	48.40615437004371
4.246623177369436	49.5820071629578
4.346623177369436	50.75786446851849
4.446623177369435	51.93372628668502
4.546623177369435	53.10959261741609
4.646623177369435	54.285463460669824
4.746623177369434	55.46133900101947
4.846623177369434	56.63721911091429
4.946623177369434	57.813102193261784
5.046623177369433	58.98900073376434
5.146623177369433	60.164882570675616
5.2466231773694325	61.34077849909848
5.346623177369432	62.516678401837325
5.446623177369432	63.69258227879999
5.5466231773694314	64.86849012989401
5.646623177369431	66.04440195502691
5.746623177369431	67.22031775410555
5.84662317736943	68.39623752703727
5.94662317736943	69.57216127373056
6.04662317736943	70.74808883667184
6.146623177369429	71.92401854366949
6.246623177369429	73.09995129237488
6.346623177369429	74.27588855999252
6.446623177369428	75.45182701461701
6.546623177369428	76.6277676496954
6.6466231773694275	77.80371046522704
6.746623177369427	78.979655461212
6.846623177369427	80.15560263765094
6.9466231773694265	81.33155199454275
7.046623177369426	82.50750353188869
7.146623177369426	83.68345724968732
7.246623177369425	84.85940320708768
7.346623177369425	86.03537160111547
7.446623177369425	87.21132949782753
7.546623177369424	88.38729582360594
7.646623177369424	89.5632522042345
7.746623177369424	90.73921510205322
7.846623177369423	91.91517927361079
7.946623177369423	93.09114558019542
8.046623177369423	94.2671123159281
8.146623177369422	95.44307988132962
8.246623177369422	96.61904827637422
8.346623177369421	97.79501750103721
8.446623177369421	98.97098755529466
8.54662317736942	100.14695807109413
8.64662317736942	101.32293054873564
8.74662317736942	102.49890221081702
8.84662317736942	103.67487531773038
8.94662317736942	104.85084958302993
9.046623177369419	106.02682467873176
9.146623177369419	107.20280060477624
9.246623177369418	108.37877736110397
9.346623177369418	109.5547549476539
9.446623177369418	110.73073336436507
9.546623177369417	111.90671261117888
9.646623177369417	113.08269268803325
9.746623177369417	114.25867414654155
9.846623177369416	115.43465464350254
9.946623177369416	116.61063720828814
10.046623177369415	117.7866181428165
10.146623177369415	118.9626046686629
10.246623177369415	120.13858920483007
10.346623177369414	121.31457456694503
10.446623177369414	122.49056022230153
10.546623177369414	123.6665482696637
10.646623177369413	124.84253764596293
10.746623177369413	126.01852652147707
10.846623177369413	127.19451622469883
10.946623177369412	128.37050675572291
11.046623177369412	129.546498114645
11.146623177369412	130.72249030155803
11.246623177369411	131.73402673015613
11.34662317736941	132.71143247746
11.44662317736941	133.68883905495227
11.54662317736941	134.66624762340277
11.64662317736941	135.6436548692167
11.74662317736941	136.62106202221167
11.846623177369409	137.59847212724347
11.946623177369409	138.5758830624241
12.046623177369408	139.58129969445733
12.146623177369408	140.58769537094082
12.246623177369408	141.59409235377177
12.346623177369407	142.60049086660953
12.446623177369407	143.6068892378064
12.546623177369407	144.6132880480712
12.56	144.7479143360458
1000012.56	144.7479143360458
