-100000	0
-0.002999218463898501	0
0.00033411486943483266	0.03306250777232957
0.005334114869434832	0.08328080623083906
0.012834114869434832	0.15942631963230255
0.024084114869434833	0.27493756321910545
0.040959114869434834	0.45035152310340604
0.06627161486943484	0.7171039054658924
0.10424036486943483	1.1233899062088064
0.16119348986943483	1.7431646690981366
0.24662317736943484	2.6898347813752697
0.3466231773694348	3.816709236841963
0.4466231773694348	4.958272401156939
0.5466231773694348	6.110681437084594
0.6466231773694348	7.271166435584
0.7466231773694347	8.437596424355927
0.8466231773694347	9.608258143371007
0.9466231773694347	10.781729773513154
1.0466231773694348	11.956802497283434
1.1466231773694349	13.132442778257689
1.246623177369435	14.308118817226033
1.346623177369435	15.483803828535867
1.4466231773694351	16.659491171604618
1.5466231773694352	17.83518636963648
1.6466231773694353	19.01089110903299
1.7466231773694354	20.18659442983945
1.8466231773694355	21.362312813569545
1.9466231773694356	22.538032248932595
2.0466231773694354	23.713751382847228
2.1466231773694355	24.88948163029673
2.2466231773694356	26.06521759952406
2.3466231773694357	27.240959290740257
2.446623177369436	28.41670773382323
2.546623177369436	29.592461014019598
2.646623177369436	30.768220023816987
2.746623177369436	31.94398476331189
2.846623177369436	33.11975523260159
2.9466231773694362	34.29553143178312
3.0466231773694363	35.47131336095361
3.1466231773694364	36.647114518234225
3.2466231773694365	37.82290840387573
3.3466231773694366	38.99869250063547
3.4466231773694367	40.174495977832066
3.5466231773694368	41.350308391038105
3.646623177369437	42.52612364680111
3.746623177369437	43.70194219287485
3.846623177369437	44.87776749972591
3.946623177369437	46.05359786918836
4.046623177369437	47.22943330118701
4.146623177369436	48.40527379564799
4.246623177369436	49.581119352497076
4.346623177369436	50.75696997165992
4.446623177369435	51.932825653062324
4.546623177369435	53.10868639662987
4.646623177369435	54.284552202287955
4.746623177369434	55.460441426051716
4.846623177369434	56.636296379324925
4.946623177369434	57.81217904605107
5.046623177369433	58.988062615079315
5.146623177369433	60.163950857257994
5.2466231773694325	61.33984287241529
5.346623177369432	62.51573866058885
5.446623177369432	63.69163822181599
5.5466231773694314	64.8675415561344
5.646623177369431	66.0434486635805
5.746623177369431	67.21935954419239
5.84662317736943	68.39527419800727
5.94662317736943	69.57119262506265
6.04662317736943	70.7471482398629
6.146623177369429	71.92304143467027
6.246623177369429	73.09895135301613
6.346623177369429	74.27490011418747
6.446623177369428	75.45083367890805
6.546623177369428	76.62676962307184
6.6466231773694275	77.80270794668021
6.746623177369427	78.97864864973253
6.846623177369427	80.15459173222857
6.9466231773694265	81.3305371941693
7.046623177369426	82.50648503555347
7.146623177369426	83.68243525638199
7.246623177369425	84.8583878566544
7.346623177369425	86.03434203919849
7.446623177369425	87.21030015795812
7.546623177369424	88.38625741231161
7.646623177369424	89.562217187595
7.746623177369424	90.73817831605189
7.846623177369423	91.91414079756412
7.946623177369423	93.09010270367173
8.046623177369423	94.26606727021982
8.146623177369422	95.44203270937189
8.246623177369422	96.61799902115341
8.346623177369421	97.79396620559139
8.446623177369421	98.96993426271106
8.54662317736942	100.1459020967358
8.64662317736942	101.3218722339806
8.74662317736942	102.4978465481098
8.84662317736942	103.6738155346294
8.94662317736942	104.84978803271181
9.046623177369419	106.0257614041849
9.146623177369419	107.20173564904829
9.246623177369418	108.37771076730215
9.346623177369418	109.55368675894609
9.446623177369418	110.72966362398036
9.546623177369417	111.90564136240525
9.646623177369417	113.08161997421995
9.746623177369417	114.25759945942565
9.846623177369416	115.43358128827046
9.946623177369416	116.60956211994481
10.046623177369415	117.78554238602666
10.146623177369415	118.9615265657792
10.246623177369415	120.13751253666253
10.346623177369414	121.31349619610567
10.446623177369414	122.48947959284722
10.546623177369414	123.66546631551363
10.646623177369413	124.84145391267717
10.746623177369413	126.01744238425663
10.846623177369413	127.19343173016954
10.946623177369412	128.36942195033384
11.046623177369412	129.5454130446679
11.146623177369412	130.72140501309107
11.246623177369411	131.73294089018376
11.34662317736941	132.7103453806429
11.44662317736941	133.68775074348565
11.54662317736941	134.66515697882753
11.64662317736941	135.64256408678222
11.74662317736941	136.61997042878693
11.846623177369409	137.5973807763197
11.946623177369409	138.57479159714742
12.046623177369408	139.58020965836553
12.146623177369408	140.58660438826757
12.246623177369408	141.5930007011475
12.346623177369407	142.5993989292531
12.446623177369407	143.60579803094035
12.546623177369407	144.61219800602996
12.56	144.74682265671782
1000012.56	144.74682265671782
