-100000	0
-0.002999218463898501	0
0.00033411486943483266	0.03306150512790777
0.005334114869434832	0.08327830260192187
0.012834114869434832	0.15942155835005917
0.024084114869434833	0.27492943581975887
0.040959114869434834	0.45033829777606127
0.06627161486943484	0.7170830421367362
0.10424036486943483	1.1233576739882014
0.16119348986943483	1.7431152852815675
0.24662317736943484	2.6897595281988
0.3466231773694348	3.81660334616551
0.4466231773694348	4.958135551451699
0.5466231773694348	6.1105135134175415
0.6466231773694348	7.270967096280875
0.7466231773694347	8.437365442871965
0.8466231773694347	9.607995379761421
0.9466231773694347	10.781434603135997
1.0466231773694348	11.95647492023198
1.1466231773694349	13.132082223119708
1.246623177369435	14.307725387554289
1.346623177369435	15.483375083531635
1.4466231773694351	16.65903058139384
1.5466231773694352	17.834692390559134
1.6466231773694353	19.010360934895875
1.7466231773694354	20.186034986873427
1.8466231773694355	21.36171498810467
1.9466231773694356	22.53740091466472
2.0466231773694354	23.713092013126705
2.1466231773694355	24.888789721241345
2.2466231773694356	26.064494409272132
2.3466231773694357	27.240204084988125
2.446623177369436	28.415919884281905
2.546623177369436	29.59164137262331
2.646623177369436	30.76736878561737
2.746623177369436	31.94310212323124
2.846623177369436	33.11884138543153
2.9466231773694362	34.29458657218556
3.0466231773694363	35.4703376834604
3.1466231773694364	36.64609471922264
3.2466231773694365	37.82185767943972
3.3466231773694366	38.99762535199217
3.4466231773694367	40.17340012307135
3.5466231773694368	41.34918257218891
3.646623177369437	42.524971030921975
3.746623177369437	43.70076239005448
3.846623177369437	44.876559908181
3.946623177369437	46.05236257072109
4.046623177369437	47.228170377725
4.146623177369436	48.40398332924214
4.246623177369436	49.57980142532287
4.346623177369436	50.75562466601715
4.446623177369435	51.93145305137459
4.546623177369435	53.10728658144501
4.646623177369435	54.28312525627864
4.746623177369434	55.45896907592505
4.846623177369434	56.634819113484475
4.946623177369434	57.81067496150764
5.046623177369433	58.986532931729215
5.146623177369433	60.16239566484975
5.2466231773694325	61.33826248125738
5.346623177369432	62.51413338097963
5.446623177369432	63.690008364044104
5.5466231773694314	64.86588743047905
5.646623177369431	66.04177058031206
5.746623177369431	67.2176578135712
5.84662317736943	68.39354913028427
5.94662317736943	69.56944453047817
6.04662317736943	70.74534401418171
6.146623177369429	71.92124950400533
6.246623177369429	73.09715753425232
6.346623177369429	74.27306743470605
6.446623177369428	75.44898026523799
6.546623177369428	76.62489602586584
6.6466231773694275	77.80081471660536
6.746623177369427	78.97673633747337
6.846623177369427	80.15266088848539
6.9466231773694265	81.32858836965893
7.046623177369426	82.50451878101025
7.146623177369426	83.6804521225549
7.246623177369425	84.85638839430986
7.346623177369425	86.03232797203783
7.446623177369425	87.20827087823443
7.546623177369424	88.38421469136449
7.646623177369424	89.56015989523434
7.746623177369424	90.73610672982106
7.846623177369423	91.91205519512226
7.946623177369423	93.08800602638203
8.046623177369423	94.26395752558716
8.146623177369422	95.43991018538017
8.246623177369422	96.6158640057646
8.346623177369421	97.79181898674375
8.446623177369421	98.96777512832142
8.54662317736942	100.14373243050134
8.64662317736942	101.31969076076322
8.74662317736942	102.49565011928443
8.84662317736942	103.67161090139484
8.94662317736942	104.8475728444181
9.046623177369419	106.02353594834683
9.146623177369419	107.19950021317229
9.246623177369418	108.37546563888658
9.346623177369418	109.55143222548134
9.446623177369418	110.72739997294792
9.546623177369417	111.90336888127882
9.646623177369417	113.07933895046595
9.746623177369417	114.25531018049978
9.846623177369416	115.43128239854137
9.946623177369416	116.6072557158922
10.046623177369415	117.78323024663109
10.146623177369415	118.95920610593791
10.246623177369415	120.13518303575857
10.346623177369414	121.31116122652207
10.446623177369414	122.48714057813491
10.546623177369414	123.66312109058734
10.646623177369413	124.83910276386963
10.746623177369413	126.0150855979721
10.846623177369413	127.19106959288526
10.946623177369412	128.36705474859832
11.046623177369412	129.54304106510276
11.146623177369412	130.71902854238817
11.246623177369411	131.7305607325219
11.34662317736941	132.70796184896778
11.44662317736941	133.6853641936705
11.54662317736941	134.66276769893236
11.64662317736941	135.64017236476755
11.74662317736941	136.61757819118944
11.846623177369409	137.59498517821186
11.946623177369409	138.57239321795367
12.046623177369408	139.57780724819193
12.146623177369408	140.58420180407407
12.246623177369408	141.59059752070056
12.346623177369407	142.59699439805493
12.446623177369407	143.60339243611782
12.546623177369407	144.6097916225509
12.56	144.74442336000405
1000012.56	144.74442336000405
