-100000	0
-0.002999218463898501	0
0.00033411486943483266	0.03306184284340435
0.005334114869434832	0.0832791414314344
0.012834114869434832	0.15942315185946815
0.024084114869434833	0.2749321747502171
0.040959114869434834	0.4503427370156136
0.06627161486943484	0.7170900860770879
0.10424036486943483	1.1233687702182154
0.16119348986943483	1.7431326638245126
0.24662317736943484	2.689786898672437
0.3466231773694348	3.816643370824564
0.4466231773694348	4.958189194234547
0.5466231773694348	6.110581728686442
0.6466231773694348	7.271051288620744
0.7466231773694347	8.437466391660044
0.8466231773694347	9.608114369564525
0.9466231773694347	10.781572325138955
1.0466231773694348	11.956632827653777
1.1466231773694349	13.132260912519426
1.246623177369435	14.307927250723042
1.346623177369435	15.483598090006328
1.4466231773694351	16.65928078399697
1.5466231773694352	17.834967862202124
1.6466231773694353	19.010656896510547
1.7466231773694354	20.186358644042546
1.8466231773694355	21.36206472514283
1.9466231773694356	22.53777689695202
2.0466231773694354	23.713495160329312
2.1466231773694355	24.889224965201286
2.2466231773694356	26.06495588468017
2.3466231773694357	27.240686618214855
2.446623177369436	28.416429355938373
2.546623177369436	29.592176969301715
2.646623177369436	30.767929993257535
2.746623177369436	31.943688427982522
2.846623177369436	33.11945227365356
2.9466231773694362	34.295221530446824
3.0466231773694363	35.47099619853935
3.1466231773694364	36.64677627810748
3.2466231773694365	37.82256176932785
3.3466231773694366	38.998363192768984
3.4466231773694367	40.17415986729859
3.5466231773694368	41.34995054378348
3.646623177369437	42.52575845570086
3.746623177369437	43.701570479457544
3.846623177369437	44.87738727158506
3.946623177369437	46.053208832125264
4.046623177369437	47.22903516111892
4.146623177369436	48.404866258606084
4.246623177369436	49.580702124628054
4.346623177369436	50.7565427592257
4.446623177369435	51.93238816243983
4.546623177369435	53.10823833431126
4.646623177369435	54.28409327488086
4.746623177369434	55.459964110796356
4.846623177369434	56.63581709348774
4.946623177369434	57.81168644992014
5.046623177369433	58.98755977859781
5.146623177369433	60.16343737189234
5.2466231773694325	61.33931922974859
5.346623177369432	62.51520535211316
5.446623177369432	63.691095738929775
5.5466231773694314	64.86699039014559
5.646623177369431	66.04288930570549
5.746623177369431	67.21879248555514
5.84662317736943	68.39469992963974
5.94662317736943	69.57061163790543
6.04662317736943	70.74652761029692
6.146623177369429	71.92244716099073
6.246623177369429	73.0983702498546
6.346623177369429	74.27429603096812
6.446623177369428	75.45022450433842
6.546623177369428	76.6261556699703
6.6466231773694275	77.80208952787012
6.746623177369427	78.97802607804368
6.846623177369427	80.15396532049651
6.9466231773694265	81.3299072552346
7.046623177369426	82.5058518822641
7.146623177369426	83.68179920159076
7.246623177369425	84.85774921322
7.346623177369425	86.03371014168623
7.446623177369425	87.20965424831978
7.546623177369424	88.38561409606936
7.646623177369424	89.56157231063018
7.746623177369424	90.73753191561126
7.846623177369423	91.91349291102911
7.946623177369423	93.0894541060302
8.046623177369423	94.26541750260093
8.146623177369422	95.44138180012261
8.246623177369422	96.61734699859724
8.346623177369421	97.79331309802744
8.446623177369421	98.96928009841444
8.54662317736942	100.14524799976067
8.64662317736942	101.32121680206845
8.74662317736942	102.49718684132421
8.84662317736942	103.67315740252408
8.94662317736942	104.84912886456323
9.046623177369419	106.02510122744923
9.146623177369419	107.20107449118817
9.246623177369418	108.37704865578688
9.346623177369418	109.55302372125215
9.446623177369418	110.72899968758966
9.546623177369417	111.90497655480769
9.646623177369417	113.08095432291249
9.746623177369417	114.25693299191113
9.846623177369416	115.43291250167034
9.946623177369416	116.60889433519064
10.046623177369415	117.78487569474039
10.146623177369415	118.96085612877287
10.246623177369415	120.13683959614575
10.346623177369414	121.31282396494812
10.446623177369414	122.48880923515449
10.546623177369414	123.66479626013471
10.646623177369413	124.84078308496368
10.746623177369413	126.01677081076336
10.846623177369413	127.1927594375336
10.946623177369412	128.36874896527632
11.046623177369412	129.5447393939946
11.146623177369412	130.72073072368912
11.246623177369411	131.73226598879666
11.34662317736941	132.70967075580438
11.44662317736941	133.68707642401563
11.54662317736941	134.66448357935775
11.64662317736941	135.64188974688804
11.74662317736941	136.61929811786212
11.846623177369409	137.59670738996726
11.946623177369409	138.57411756317893
12.046623177369408	139.57953315679663
12.146623177369408	140.5859286706216
12.246623177369408	141.59232580857199
12.346623177369407	142.59872358484662
12.446623177369407	143.60512183560763
12.546623177369407	144.61152098735045
12.56	144.74614388713854
1000012.56	144.74614388713854
