-179769313486231570000000000000000000000000000000000000000000000000000000000000000000000000000000000000000000000000000000000000000000000000000000000000000000000000000000000000000000000000000000000000000000000000000000000000000000000000000000000000000000000000000000000000000000000000000000000000000000000000000	0
2.0126159624978643	0
2.0159492958311978	0.0000000563537642648583
2.019282629164531	0.00000023316839811802353
2.024282629164531	0.0000007512032767350782
2.031782629164531	0.0000021651105598608986
2.043032629164531	0.0000057719102873046366
2.059907629164531	0.000014735509019220099
2.085220129164531	0.0000358259195028408
2.1231888791645313	0.00008357477801623336
2.1801420041645314	0.00018435557446530148
2.2655716916645314	0.00038320417170261117
2.3655716916645315	0.0006092917332046919
2.4655716916645316	0.0006655865659806913
2.5655716916645317	0.0006655865659808856
2.665571691664532	0.0006655865659810798
2.765571691664532	0.0006655865659812741
2.865571691664532	0.0006655865659814684
2.965571691664532	0.0006655865659816627
3.065571691664532	0.000665586565981857
3.1655716916645322	0.0006655865659820513
3.2655716916645323	0.0006655865659822456
3.3655716916645324	0.0006655865659824399
3.4655716916645325	0.0006655865659826342
3.5655716916645326	0.0006655865659828284
3.6655716916645327	0.0006655865659830227
3.7655716916645328	0.000665586565983217
3.865571691664533	0.0006655865659834113
3.965571691664533	0.0006655865659836056
4.065571691664533	0.0006655865659837999
4.165571691664533	0.0006655865659841052
4.265571691664532	0.0006655865659844105
4.365571691664532	0.0006655865659847158
4.465571691664532	0.0006655865659850211
4.565571691664531	0.0006655865659853264
4.665571691664531	0.0006655865659856318
4.7655716916645305	0.0006655865659859371
4.86557169166453	0.0006655865659862424
4.96557169166453	0.0006655865659865477
5.0655716916645295	0.000665586565986853
5.165571691664529	0.0006655865659871583
5.265571691664529	0.0006655865659874636
5.365571691664528	0.0006655865659877689
5.465571691664528	0.0032187132101125114
5.565571691664528	0.030409428226361012
5.665571691664527	0.10643222903978379
5.765571691664527	0.22878297352397126
5.865571691664527	0.3932373418869551
5.965571691664526	0.5961835133483522
6.065571691664526	0.8345677790668846
6.165571691664526	1.1058723772631034
6.265571691664525	1.4079627256379916
6.365571691664525	1.7386946340762968
6.4655716916645245	2.0961855684815487
6.565571691664524	2.478820615885562
6.665571691664524	2.8852685196190784
6.765571691664523	3.314242760884296
6.865571691664523	3.764547582145262
6.965571691664523	4.235060997356287
7.065571691664522	4.724607080420665
7.165571691664522	5.232390953306277
7.265571691664522	5.757656694756652
7.365571691664521	6.29943895986654
7.465571691664521	6.857011438525144
7.565571691664521	7.429711003884793
7.66557169166452	8.016810752717934
7.76557169166452	8.61777038823687
7.8655716916645195	9.231922312001865
7.965571691664519	9.858831679790908
8.06557169166452	10.49785899192349
8.16557169166452	11.148489111247947
8.265571691664519	11.810305783644255
8.365571691664519	12.482812374923038
8.465571691664518	13.165680017792345
8.565571691664518	13.858428103128201
8.665571691664518	14.560668689928765
8.765571691664517	15.272041165875144
8.865571691664517	15.992189156240693
8.965571691664517	16.720693020232815
9.065571691664516	17.457309033063307
9.165571691664516	18.201712040653874
9.265571691664515	18.953625572005592
9.365571691664515	19.712749399461597
9.465571691664515	20.47881892107222
9.565571691664514	21.251566243940463
9.665571691664514	22.030725158154674
9.765571691664514	22.81609308532515
9.865571691664513	23.607425673379034
9.965571691664513	24.40452541495005
10.065571691664513	25.207196055811195
10.165571691664512	26.015259009412194
10.265571691664512	26.82851146702809
10.365571691664512	27.646768954577883
10.465571691664511	28.469850470771703
10.56557169166451	29.297550229772845
10.66557169166451	30.129685624288253
10.76557169166451	30.966060699217895
10.86557169166451	31.80646745255206
10.96557169166451	32.650721557959756
11.065571691664509	33.498612655583756
11.165571691664509	34.34993605256142
11.265571691664508	35.204498656069326
11.365571691664508	36.06208167215068
11.465571691664508	36.92248730049065
11.565571691664507	37.785508399181474
11.665571691664507	38.65092511168568
11.765571691664507	39.51854401148939
11.865571691664506	40.38814584818639
11.965571691664506	41.25954034993581
12.065571691664505	42.132499071619584
12.165571691664505	43.00681122626699
12.265571691664505	43.88226766630059
12.365571691664504	44.7586583445506
12.465571691664504	45.6357711661526
12.565571691664504	46.51339559129339
12.665571691664503	47.39132234280498
12.765571691664503	47.910888417680965
12.865571691664503	48.18088841768096
12.965571691664502	48.45088841768096
13.065571691664502	48.72088841768095
13.165571691664502	48.99088841768095
13.265571691664501	49.260888417680945
13.3655716916645	49.53088841768094
13.4655716916645	49.80088841768094
13.5655716916645	50.07088841768093
13.6655716916645	50.34088841768093
13.7655716916645	50.610888417680925
13.865571691664499	50.88088841768092
13.965571691664499	51.15088841768092
14.065571691664498	51.420888417680914
14.165571691664498	51.69088841768091
14.265571691664498	51.960888417680906
14.365571691664497	52.2308884176809
14.465571691664497	52.5008884176809
14.565571691664497	52.770888417680894
14.665571691664496	53.04088841768089
14.765571691664496	53.310888417680886
14.865571691664496	53.58088841768088
14.965571691664495	53.85088841768088
15.065571691664495	54.120888417680874
15.165571691664494	54.39088841768087
15.265571691664494	54.660888417680866
15.365571691664494	54.93088841768086
15.465571691664493	55.20088841768086
15.565571691664493	55.470888417680854
15.665571691664493	55.74088841768085
15.765571691664492	56.010888417680846
15.865571691664492	56.28088841768084
15.965571691664492	56.55088841768084
16.06557169166449	56.820888417680834
16.165571691664493	57.09088841768084
16.265571691664494	57.36088841768084
16.365571691664496	57.63088841768084
16.465571691664497	57.90088841768085
16.5655716916645	58.17088841768085
16.6655716916645	58.44088841768085
16.7655716916645	58.710888417680856
16.865571691664503	58.98088841768086
16.965571691664504	59.25088841768086
17.065571691664505	59.520888417680865
17.165571691664507	59.79088841768087
17.26557169166451	60.06088841768087
17.36557169166451	60.330888417680875
17.46557169166451	60.60088841768088
17.565571691664513	60.87088841768088
17.665571691664514	61.140888417680884
17.765571691664515	61.41088841768089
17.865571691664517	61.68088841768089
17.96557169166452	61.95088841768089
18.06557169166452	62.2208884176809
18.16557169166452	62.4908884176809
18.265571691664523	62.7608884176809
18.365571691664524	63.030888417680906
18.465571691664525	63.30088841768091
18.565571691664527	63.57088841768091
18.66557169166453	63.840888417680915
18.76557169166453	64.11088841768093
18.86557169166453	64.38088841768094
18.965571691664532	64.65088841768095
19.065571691664534	64.92088841768096
19.165571691664535	65.19088841768097
19.265571691664537	65.46088841768098
19.365571691664538	65.73088841768099
19.46557169166454	66.000888417681
19.56557169166454	66.27088841768101
19.665571691664542	66.54088841768102
19.765571691664544	66.81088841768103
19.865571691664545	67.08088841768104
19.965571691664547	67.35088841768105
20.065571691664548	67.62088841768106
20.16557169166455	67.89088841768107
20.26557169166455	68.16088841768108
20.365571691664552	68.43088841768109
20.465571691664554	68.7008884176811
20.565571691664555	68.97088841768111
20.665571691664557	69.24088841768112
20.765571691664558	69.51088841768113
20.86557169166456	69.78088841768114
20.96557169166456	70.05088841768115
21.065571691664562	70.32088841768116
21.165571691664564	70.59088841768117
21.265571691664565	70.86088841768118
21.365571691664567	71.13088841768119
21.465571691664568	71.4008884176812
21.56557169166457	71.67088841768121
21.66557169166457	71.94088841768122
21.765571691664572	72.21088841768123
21.865571691664574	72.48088841768124
21.965571691664575	72.75088841768125
22.065571691664577	73.02088841768126
22.165571691664578	73.29088841768127
22.26557169166458	73.56088841768128
22.36557169166458	73.8308884176813
22.465571691664582	74.1008884176813
22.565571691664584	74.37088841768131
22.665571691664585	74.64088841768132
22.765571691664586	74.91088841768133
22.865571691664588	75.18088841768135
22.96557169166459	75.45088841768136
23.06557169166459	75.72088841768137
23.165571691664592	75.99088841768138
23.265571691664594	76.26088841768139
23.365571691664595	76.5308884176814
23.45	76.98680128269258
179769313486231570000000000000000000000000000000000000000000000000000000000000000000000000000000000000000000000000000000000000000000000000000000000000000000000000000000000000000000000000000000000000000000000000000000000000000000000000000000000000000000000000000000000000000000000000000000000000000000000000000	76.98680128269258
