-179769313486231570000000000000000000000000000000000000000000000000000000000000000000000000000000000000000000000000000000000000000000000000000000000000000000000000000000000000000000000000000000000000000000000000000000000000000000000000000000000000000000000000000000000000000000000000000000000000000000000000000	0
-0.00000000000000065516578234850195	0
0.0033333333333326783	0.03294001938795304
0.006666666666666012	0.06625646678564762
0.011666666666666013	0.11666265397548306
0.019166666666666013	0.1929584271269545
0.030416666666666013	0.30856205348367327
0.04729166666666601	0.48398942457406824
0.07260416666666601	0.7506027345318305
0.11057291666666602	1.1564157062366776
0.16752604166666601	1.7754041728834298
0.25295572916666603	2.7205924537051795
0.35295572916666607	3.8454578195015863
0.45295572916666604	4.984830884195468
0.552955729166666	6.134950879420014
0.652955729166666	7.293099213973125
0.752955729166666	8.457185863248508
0.852955729166666	9.625525009322278
0.9529557291666659	10.796727388774391
1.052955729166666	11.969613333569335
1.152955729166666	13.14317171546655
1.2529557291666662	14.316811715466555
1.3529557291666663	15.490451715466559
1.4529557291666664	16.66409171546656
1.5529557291666665	17.837731715466568
1.6529557291666666	19.011371715466574
1.7529557291666666	20.18501171546658
1.8529557291666667	21.358651715466586
1.9529557291666668	22.53229171546659
2.052955729166667	23.705931715466598
2.152955729166667	24.879571715466604
2.252955729166667	26.05321171546661
2.352955729166667	27.226851715466616
2.4529557291666673	28.40049171546662
2.5529557291666674	29.574131715466628
2.6529557291666674	30.747771715466634
2.7529557291666675	31.92141171546664
2.8529557291666676	33.095051715466646
2.9529557291666677	34.26869171546665
3.052955729166668	35.44233171546666
3.152955729166668	36.615971715466664
3.252955729166668	37.78961171546667
3.352955729166668	38.963251715466676
3.452955729166668	40.13689171546668
3.5529557291666682	41.31053171546669
3.6529557291666683	42.484171715466694
3.7529557291666684	43.6578117154667
3.8529557291666685	44.831451715466706
3.9529557291666686	46.00509171546671
4.052955729166668	47.17873171546671
4.152955729166668	48.35237171546671
4.2529557291666675	49.52601171546671
4.352955729166667	50.69965171546671
4.452955729166667	51.873291715466706
4.5529557291666665	53.046931715466705
4.652955729166666	54.220571715466704
4.752955729166666	55.3942117154667
4.852955729166665	56.5678517154667
4.952955729166665	57.7414917154667
5.052955729166665	58.9151317154667
5.152955729166664	60.0887717154667
5.252955729166664	61.2624117154667
5.352955729166664	62.4360517154667
5.452955729166663	63.609691715466695
5.552955729166663	64.7833317154667
5.652955729166663	65.95697171546671
5.752955729166662	67.13061171546671
5.852955729166662	68.30425171546672
5.9529557291666615	69.47789171546673
6.052955729166661	70.65153171546673
6.152955729166661	71.82517171546674
6.25295572916666	72.99881171546674
6.35295572916666	74.17245171546675
6.45295572916666	75.34609171546676
6.552955729166659	76.51973171546676
6.652955729166659	77.69337171546677
6.752955729166659	78.86701171546677
6.852955729166658	80.04065171546678
6.952955729166658	81.21429171546679
7.052955729166658	82.38793171546679
7.152955729166657	83.5615717154668
7.252955729166657	84.7352117154668
7.3529557291666565	85.90885171546681
7.452955729166656	87.08249171546682
7.552955729166656	88.25613171546682
7.6529557291666555	89.42977171546683
7.752955729166655	90.60341171546683
7.852955729166655	91.77705171546684
7.952955729166654	92.95069171546685
8.052955729166655	94.12433171546685
8.152955729166655	95.29797171546686
8.252955729166654	96.47161171546686
8.352955729166654	97.64525171546687
8.452955729166653	98.81889171546688
8.552955729166653	99.99253171546688
8.652955729166653	101.16617171546689
8.752955729166652	102.3398117154669
8.852955729166652	103.5134517154669
8.952955729166652	104.6870917154669
9.052955729166651	105.86073171546691
9.152955729166651	107.03437171546692
9.25295572916665	108.20801171546692
9.35295572916665	109.38165171546693
9.45295572916665	110.55529171546694
9.55295572916665	111.72893171546694
9.65295572916665	112.90257171546695
9.752955729166649	114.07621171546695
9.852955729166649	115.24985171546696
9.952955729166648	116.42349171546697
10.052955729166648	117.59713171546697
10.152955729166647	118.77077171546698
10.252955729166647	119.94441171546698
10.352955729166647	121.11805171546699
10.452955729166646	122.291691715467
10.552955729166646	123.465331715467
10.652955729166646	124.63897171546701
10.752955729166645	125.81261171546701
10.852955729166645	126.98625171546702
10.952955729166645	128.159891715467
11.052955729166644	129.33353171546702
11.152955729166644	130.50717171546702
11.252955729166644	131.5057112581754
11.352955729166643	132.4825112581754
11.452955729166643	133.4593112581754
11.552955729166642	134.4361112581754
11.652955729166642	135.4129112581754
11.752955729166642	136.3897112581754
11.852955729166641	137.3665112581754
11.952955729166641	138.34418615400872
12.05295572916664	139.3505861540087
12.15295572916664	140.3569861540087
12.25295572916664	141.36338615400868
12.35295572916664	142.36978615400866
12.45295572916664	143.37618615400865
12.552955729166639	144.38258615400864
12.56	144.52437323734253
179769313486231570000000000000000000000000000000000000000000000000000000000000000000000000000000000000000000000000000000000000000000000000000000000000000000000000000000000000000000000000000000000000000000000000000000000000000000000000000000000000000000000000000000000000000000000000000000000000000000000000000	144.52437323734253
