-100000	0
-0.002999218463898501	0
0.00033411486943483266	0.0330638465289792
0.005334114869434832	0.08328417934652077
0.012834114869434832	0.15943271099752404
0.024084114869434833	0.2749485480125413
0.040959114869434834	0.45036932367303084
0.06627161486943484	0.7171319637129125
0.10424036486943483	1.1234333423793674
0.16119348986943483	1.7432313360270022
0.24662317736943484	2.689935949374524
0.3466231773694348	3.816850491081323
0.4466231773694348	4.958453354134474
0.5466231773694348	6.110901959351051
0.6466231773694348	7.271426302256928
0.7466231773694347	8.437895191942495
0.8466231773694347	9.608595671053559
0.9466231773694347	10.782105228496608
1.0466231773694348	11.95721653695763
1.1466231773694349	13.132893553032824
1.246623177369435	14.308608107614896
1.346623177369435	15.484327620190003
1.4466231773694351	16.66004943474331
1.5466231773694352	17.835787823257913
1.6466231773694353	19.011526363554182
1.7466231773694354	20.187271455718193
1.8466231773694355	21.36301054689789
1.9466231773694356	22.538764913053466
2.0466231773694354	23.714537503090483
2.1466231773694355	24.890304252757367
2.2466231773694356	26.066076576404004
2.3466231773694357	27.24185447299245
2.446623177369436	28.41762824882041
2.546623177369436	29.59341597637767
2.646623177369436	30.76920900697915
2.746623177369436	31.94503304012774
2.846623177369436	33.12083828682458
2.9466231773694362	34.29662133298632
3.0466231773694363	35.4724354300232
3.1466231773694364	36.64825470488826
3.2466231773694365	37.82407915812856
3.3466231773694366	38.99990879029173
3.4466231773694367	40.175743601925525
3.5466231773694368	41.35158359357697
3.646623177369437	42.52743501604167
3.746623177369437	43.703285202345334
3.846623177369437	44.87914022210297
3.946623177369437	46.055000075730746
4.046623177369437	47.23086476364504
4.146623177369436	48.4067342862629
4.246623177369436	49.58260864400079
4.346623177369436	50.7584878372749
4.446623177369435	51.93440853101671
4.546623177369435	53.1102622558573
4.646623177369435	54.286155097403615
4.746623177369434	55.46205198757855
4.846623177369434	56.63795292688542
4.946623177369434	57.81386271034071
5.046623177369433	58.989771832890554
5.146623177369433	60.16568474447295
5.2466231773694325	61.341601445319284
5.346623177369432	62.51752193566143
5.446623177369432	63.69344621572938
5.5466231773694314	64.86937428575594
5.646623177369431	66.04530614597134
5.746623177369431	67.22124179660744
5.84662317736943	68.397181237895
5.94662317736943	69.5731802919789
6.04662317736943	70.74907195470631
6.146623177369429	71.92502450144966
6.246623177369429	73.10097622470849
6.346623177369429	74.2769296689129
6.446623177369428	75.45288483412054
6.546623177369428	76.62884172038957
6.6466231773694275	77.80480032777663
6.746623177369427	78.98076065634056
6.846623177369427	80.15672270613878
6.9466231773694265	81.33268647722753
7.046623177369426	82.50865196966723
7.146623177369426	83.68461918351377
7.246623177369425	84.86059106525875
7.346623177369425	86.0365596864317
7.446623177369425	87.2125335970943
7.546623177369424	88.38850608269584
7.646623177369424	89.56447945752895
7.746623177369424	90.74043948032188
7.846623177369423	91.91642588249262
7.946623177369423	93.09239965914851
8.046623177369423	94.26837521161471
8.146623177369422	95.44435139857276
8.246623177369422	96.62032822002409
8.346623177369421	97.79630567596782
8.446623177369421	98.97228376640557
8.54662317736942	100.14826249133682
8.64662317736942	101.32424185076223
8.74662317736942	102.5002227538569
8.84662317736942	103.67620310571536
8.94662317736942	104.85218409193538
9.046623177369419	106.02816571252318
9.146623177369419	107.204147967485
9.246623177369418	108.38013085682516
9.346623177369418	109.55611438055053
9.446623177369418	110.7320985386667
9.546623177369417	111.90808322920516
9.646623177369417	113.08407112294466
9.746623177369417	114.26005677618923
9.846623177369416	115.43604306369008
9.946623177369416	116.61203082970201
10.046623177369415	117.78802051391364
10.146623177369415	118.96400631570721
10.246623177369415	120.13999674960525
10.346623177369414	121.31598781828157
10.446623177369414	122.49198192887381
10.546623177369414	123.6679692805848
10.646623177369413	124.84396174706251
10.746623177369413	126.01995484814748
10.846623177369413	127.19594858383303
10.946623177369412	128.37194295411157
11.046623177369412	129.54793795897567
11.146623177369412	130.7239335984174
11.246623177369411	131.7354750894691
11.34662317736941	132.7128816218298
11.44662317736941	133.6902873208449
11.54662317736941	134.66769692959716
11.64662317736941	135.64510717291674
11.74662317736941	136.62251805079563
11.846623177369409	137.59992956322478
11.946623177369409	138.57734171019703
12.046623177369408	139.58275847522395
12.146623177369408	140.58915470588545
12.246623177369408	141.5955516813467
12.346623177369407	142.60195144001534
12.446623177369407	143.60835074361253
12.546623177369407	144.61474871864053
12.56	144.74937546820644
1000012.56	144.74937546820644
