-179769313486231570000000000000000000000000000000000000000000000000000000000000000000000000000000000000000000000000000000000000000000000000000000000000000000000000000000000000000000000000000000000000000000000000000000000000000000000000000000000000000000000000000000000000000000000000000000000000000000000000000	0
-0.0000000000000006682387472635374	0
0.0033333333333326652	0.03293971207370705
0.008333333333332665	0.11595483258247817
0.015833333333332665	0.24196860018105576
0.027083333333332665	0.4331258784770968
0.04395833333333267	0.7233344110202877
0.06927083333333267	1.1644483838413757
0.10723958333333267	1.8358136674202856
0.16419270833333266	2.8594128038832656
0.24962239583333268	4.42227554387318
0.34962239583333266	6.491072323949794
0.44962239583333263	8.7543198345922
0.5496223958333326	11.043082495069843
0.6496223958333326	13.350805739269948
0.7496223958333326	15.672638155049729
0.8496223958333325	18.004773441608968
0.9496223958333325	20.34412080343042
1.0496223958333326	22.688094664844574
1.1496223958333327	25.034490196372676
1.2496223958333328	27.38168051554495
1.3496223958333329	29.728960515544962
1.449622395833333	32.076240515544974
1.549622395833333	34.423520515544986
1.6496223958333331	36.770800515545
1.7496223958333332	39.11808051554501
1.8496223958333333	41.46536051554502
1.9496223958333334	43.812640515545034
2.0496223958333335	46.159920515545046
2.1496223958333336	48.50720051554506
2.2496223958333337	50.85448051554507
2.3496223958333338	53.20176051554508
2.449622395833334	55.549040515545094
2.549622395833334	57.896320515545106
2.649622395833334	60.24360051554512
2.749622395833334	62.59088051554513
2.849622395833334	64.93816051554514
2.9496223958333343	67.28544051554515
3.0496223958333344	69.63272051554516
3.1496223958333345	71.98000051554517
3.2496223958333346	74.32728051554518
3.3496223958333347	76.6745605155452
3.4496223958333347	79.02184051554521
3.549622395833335	81.36912051554522
3.649622395833335	83.71640051554523
3.749622395833335	86.06368051554524
3.849622395833335	88.41096051554526
3.949622395833335	90.75824051554527
4.049622395833335	93.10552051554528
4.149622395833335	95.45280051554529
4.249622395833335	97.8000805155453
4.349622395833334	100.14736051554532
4.449622395833334	102.49464051554533
4.5496223958333335	104.84192051554534
4.649622395833333	107.18920051554535
4.749622395833333	109.53648051554536
4.849622395833332	111.88376051554538
4.949622395833332	114.23104051554539
5.049622395833332	116.5783205155454
5.149622395833331	118.92560051554541
5.249622395833331	121.27288051554542
5.349622395833331	123.62016051554544
5.44962239583333	125.96744051554545
5.54962239583333	128.31472051554545
5.64962239583333	130.66200051554546
5.749622395833329	133.00928051554547
5.849622395833329	135.35656051554548
5.9496223958333285	137.7038405155455
6.049622395833328	140.0511205155455
6.149622395833328	142.39840051554552
6.2496223958333275	144.74568051554553
6.349622395833327	147.09296051554554
6.449622395833327	149.44024051554555
6.549622395833326	151.78752051554557
6.649622395833326	154.13480051554558
6.749622395833326	156.4820805155456
6.849622395833325	158.8293605155456
6.949622395833325	161.1766405155456
7.049622395833325	163.52392051554563
7.149622395833324	165.87120051554564
7.249622395833324	168.21848051554565
7.3496223958333236	170.56576051554566
7.449622395833323	172.91304051554567
7.549622395833323	175.2603205155457
7.6496223958333225	177.6076005155457
7.749622395833322	179.9548805155457
7.849622395833322	182.30216051554572
7.949622395833321	184.64944051554573
8.049622395833321	186.99672051554575
8.14962239583332	189.34400051554576
8.24962239583332	191.69128051554577
8.34962239583332	194.03856051554578
8.44962239583332	196.3858405155458
8.54962239583332	198.7331205155458
8.649622395833319	201.08040051554582
8.749622395833319	203.42768051554583
8.849622395833318	205.77496051554584
8.949622395833318	208.12224051554585
9.049622395833318	210.46952051554587
9.149622395833317	212.81680051554588
9.249622395833317	215.1640805155459
9.349622395833316	217.5113605155459
9.449622395833316	219.85864051554591
9.549622395833316	222.20592051554593
9.649622395833315	224.55320051554594
9.749622395833315	226.90048051554595
9.849622395833315	229.24776051554596
9.949622395833314	231.59504051554597
10.049622395833314	233.942320515546
10.149622395833314	236.289600515546
10.249622395833313	238.636880515546
10.349622395833313	240.98416051554602
10.449622395833313	243.33144051554603
10.549622395833312	245.67872051554605
10.649622395833312	248.02600051554606
10.749622395833311	250.37328051554607
10.849622395833311	252.72056051554608
10.94962239583331	255.0678405155461
11.04962239583331	257.41512051554605
11.14962239583331	259.762400515546
11.24962239583331	261.9411413915877
11.34962239583331	263.9230422676294
11.449622395833309	265.87664226762945
11.549622395833309	267.8302422676295
11.649622395833308	269.78384226762955
11.749622395833308	271.7374422676296
11.849622395833308	273.69104226762965
11.949622395833307	275.6446422676297
12.049622395833307	277.6277304967964
12.149622395833306	279.64041872596306
12.249622395833306	281.65321872596303
12.349622395833306	283.666018725963
12.449622395833305	285.67881872596297
12.549622395833305	287.69161872596294
12.56	288.90689914263015
179769313486231570000000000000000000000000000000000000000000000000000000000000000000000000000000000000000000000000000000000000000000000000000000000000000000000000000000000000000000000000000000000000000000000000000000000000000000000000000000000000000000000000000000000000000000000000000000000000000000000000000	289.1157795592974
