-179769313486231570000000000000000000000000000000000000000000000000000000000000000000000000000000000000000000000000000000000000000000000000000000000000000000000000000000000000000000000000000000000000000000000000000000000000000000000000000000000000000000000000000000000000000000000000000000000000000000000000000	0
-0.0000000000000006725964022352159	0
0.003333333333332661	0.032939609629006564
0.008333333333332662	0.11595447611460406
0.01583333333333266	0.2419678683791019
0.02708333333333266	0.4331245954010972
0.04395833333333266	0.7233323271174008
0.06927083333333267	1.1644451532741518
0.10723958333333267	1.8358088322207409
0.16419270833333266	2.8594057930820824
0.24962239583333268	4.422265734167633
0.34962239583333266	6.4910595474193515
0.44962239583333263	8.754304587215909
0.5496223958333326	11.043065432442303
0.6496223958333326	13.350787398297282
0.7496223958333326	15.672618961911798
0.8496223958333325	18.00475373201576
0.9496223958333325	20.34410081611856
1.0496223958333326	22.68807455997173
1.1496223958333327	25.0344700626535
1.2496223958333328	27.381660378805762
1.3496223958333329	29.728940378805767
1.449622395833333	32.07622037880577
1.549622395833333	34.423500378805784
1.6496223958333331	36.770780378805796
1.7496223958333332	39.11806037880581
1.8496223958333333	41.46534037880582
1.9496223958333334	43.81262037880583
2.0496223958333335	46.159900378805844
2.1496223958333336	48.507180378805856
2.2496223958333337	50.85446037880587
2.3496223958333338	53.20174037880588
2.449622395833334	55.54902037880589
2.549622395833334	57.896300378805904
2.649622395833334	60.243580378805916
2.749622395833334	62.59086037880593
2.849622395833334	64.93814037880594
2.9496223958333343	67.28542037880595
3.0496223958333344	69.63270037880596
3.1496223958333345	71.97998037880598
3.2496223958333346	74.32726037880599
3.3496223958333347	76.674540378806
3.4496223958333347	79.02182037880601
3.549622395833335	81.36910037880602
3.649622395833335	83.71638037880604
3.749622395833335	86.06366037880605
3.849622395833335	88.41094037880606
3.949622395833335	90.75822037880607
4.049622395833335	93.10550037880608
4.149622395833335	95.45278037880608
4.249622395833335	97.80006037880607
4.349622395833334	100.14734037880605
4.449622395833334	102.49462037880603
4.5496223958333335	104.84190037880602
4.649622395833333	107.189180378806
4.749622395833333	109.53646037880598
4.849622395833332	111.88374037880597
4.949622395833332	114.23102037880595
5.049622395833332	116.57830037880593
5.149622395833331	118.92558037880592
5.249622395833331	121.2728603788059
5.349622395833331	123.62014037880589
5.44962239583333	125.96742037880587
5.54962239583333	128.31470037880587
5.64962239583333	130.66198037880588
5.749622395833329	133.0092603788059
5.849622395833329	135.3565403788059
5.9496223958333285	137.70382037880591
6.049622395833328	140.05110037880593
6.149622395833328	142.39838037880594
6.2496223958333275	144.74566037880595
6.349622395833327	147.09294037880596
6.449622395833327	149.44022037880598
6.549622395833326	151.787500378806
6.649622395833326	154.134780378806
6.749622395833326	156.482060378806
6.849622395833325	158.82934037880602
6.949622395833325	161.17662037880604
7.049622395833325	163.52390037880605
7.149622395833324	165.87118037880606
7.249622395833324	168.21846037880607
7.3496223958333236	170.56574037880608
7.449622395833323	172.9130203788061
7.549622395833323	175.2603003788061
7.6496223958333225	177.60758037880612
7.749622395833322	179.95486037880613
7.849622395833322	182.30214037880614
7.949622395833321	184.64942037880616
8.049622395833321	186.99670037880617
8.14962239583332	189.34398037880618
8.24962239583332	191.6912603788062
8.34962239583332	194.0385403788062
8.44962239583332	196.38582037880622
8.54962239583332	198.73310037880623
8.649622395833319	201.08038037880624
8.749622395833319	203.42766037880625
8.849622395833318	205.77494037880626
8.949622395833318	208.12222037880628
9.049622395833318	210.4695003788063
9.149622395833317	212.8167803788063
9.249622395833317	215.1640603788063
9.349622395833316	217.51134037880632
9.449622395833316	219.85862037880634
9.549622395833316	222.20590037880635
9.649622395833315	224.55318037880636
9.749622395833315	226.90046037880637
9.849622395833315	229.24774037880638
9.949622395833314	231.5950203788064
10.049622395833314	233.9423003788064
10.149622395833314	236.28958037880642
10.249622395833313	238.63686037880643
10.349622395833313	240.98414037880644
10.449622395833313	243.33142037880646
10.549622395833312	245.67870037880647
10.649622395833312	248.02598037880648
10.749622395833311	250.3732603788065
10.849622395833311	252.7205403788065
10.94962239583331	255.06782037880652
11.04962239583331	257.41510037880647
11.14962239583331	259.7623803788064
11.24962239583331	261.9411212548481
11.34962239583331	263.9230221308898
11.449622395833309	265.87662213088987
11.549622395833309	267.8302221308899
11.649622395833308	269.78382213089
11.749622395833308	271.73742213089
11.849622395833308	273.6910221308901
11.949622395833307	275.6446221308901
12.049622395833307	277.6277103600568
12.149622395833306	279.6403985892235
12.249622395833306	281.65319858922345
12.349622395833306	283.6659985892234
12.449622395833305	285.6787985892234
12.549622395833305	287.69159858922336
12.56	288.9068790058906
179769313486231570000000000000000000000000000000000000000000000000000000000000000000000000000000000000000000000000000000000000000000000000000000000000000000000000000000000000000000000000000000000000000000000000000000000000000000000000000000000000000000000000000000000000000000000000000000000000000000000000000	289.1157594225578
