-100000	0
-0.002999218463898501	0
0.00033411486943483266	0.03306482638348351
0.005334114869434832	0.08328652799313745
0.012834114869434832	0.15943732169265687
0.024084114869434833	0.2749563836707529
0.040959114869434834	0.4503820162457829
0.06627161486943484	0.7171518283937731
0.10424036486943483	1.1234639665589325
0.16119348986943483	1.743277550829812
0.24662317736943484	2.6900052336420055
0.3466231773694348	3.8169457492862557
0.4466231773694348	4.958573751760111
0.5466231773694348	6.1110465726381475
0.6466231773694348	7.27159401191257
0.7466231773694347	8.438085285170324
0.8466231773694347	9.608807184839602
0.9466231773694347	10.782337453796517
1.0466231773694348	11.957467836604993
1.1466231773694349	13.13316425320104
1.246623177369435	14.308895632059922
1.346623177369435	15.484631886722452
1.4466231773694351	16.66037470588681
1.5466231773694352	17.83612145080103
1.6466231773694353	19.011874028609416
1.7466231773694354	20.187632778091345
1.8466231773694355	21.363395894524018
1.9466231773694356	22.539164024023183
2.0466231773694354	23.714937166170618
2.1466231773694355	24.890714394343302
2.2466231773694356	26.066497505436658
2.3466231773694357	27.24228685052993
2.446623177369436	28.41808087449278
2.546623177369436	29.593878026130334
2.646623177369436	30.769678240406282
2.746623177369436	31.94548403927973
2.846623177369436	33.12129416536897
2.9466231773694362	34.29710861881175
3.0466231773694363	35.472927399745366
3.1466231773694364	36.64875050830781
3.2466231773694365	37.82457794463612
3.3466231773694366	39.00040970886828
3.4466231773694367	40.17624580114165
3.5466231773694368	41.352086221594504
3.646623177369437	42.52793217671228
3.746623177369437	43.7037808993437
3.846623177369437	44.879633515364354
3.946623177369437	46.05549002467581
4.046623177369437	47.23135042718047
4.146623177369436	48.40721526493148
4.246623177369436	49.583083610847254
4.346623177369436	50.75895500672474
4.446623177369435	51.93482981196449
4.546623177369435	53.11070802656926
4.646623177369435	54.28658965054144
4.746623177369434	55.462474683884246
4.846623177369434	56.6383631265993
4.946623177369434	57.81425659243252
5.046623177369433	58.9901514457229
5.146623177369433	60.166049340809835
5.2466231773694325	61.34195027774233
5.346623177369432	62.51785425657022
5.446623177369432	63.69376127734385
5.5466231773694314	64.8696713401117
5.646623177369431	66.04558444492481
5.746623177369431	67.22150059183151
5.84662317736943	68.39742183271984
5.94662317736943	69.57334389789028
6.04662317736943	70.74926886545659
6.146623177369429	71.92519877741157
6.246623177369429	73.10112925858614
6.346623177369429	74.27706208541801
6.446623177369428	75.45299725788728
6.546623177369428	76.62893477597275
6.6466231773694275	77.80487463965426
6.746623177369427	78.98081684891147
6.846623177369427	80.15676140372342
6.9466231773694265	81.33270830406975
7.046623177369426	82.50866101694793
7.146623177369426	83.68461023969147
7.246623177369425	84.86056343302369
7.346623177369425	86.03651855496854
7.446623177369425	87.21247695070838
7.546623177369424	88.38843494622647
7.646623177369424	89.56439385894132
7.746623177369424	90.74035368885887
7.846623177369423	91.9163144359848
7.946623177369423	93.09227695126552
8.046623177369423	94.26824010444442
8.146623177369422	95.44420281340592
8.246623177369422	96.62016731155681
8.346623177369421	97.79613272952565
8.446623177369421	98.9720990672247
8.54662317736942	100.14806632456923
8.64662317736942	101.32403450147291
8.74662317736942	102.50000329972245
8.84662317736942	103.67597316247333
8.94662317736942	104.85194394039044
9.046623177369419	106.02791563355913
9.146623177369419	107.20388824206528
9.246623177369418	108.37986171938918
9.346623177369418	109.55583654762039
9.446623177369418	110.73181192514137
9.546623177369417	111.90778821854545
9.646623177369417	113.08376542789891
9.746623177369417	114.25974355326959
9.846623177369416	115.43572259472474
9.946623177369416	116.61170237825723
10.046623177369415	117.78768345160913
10.146623177369415	118.96366544451628
10.246623177369415	120.13964853859484
10.346623177369414	121.31563146143571
10.446623177369414	122.49161615006471
10.546623177369414	123.66760175712534
10.646623177369413	124.84358828254094
10.746623177369413	126.019575726233
10.846623177369413	127.19556440945941
10.946623177369412	128.37155329339308
11.046623177369412	129.54754290670306
11.146623177369412	130.72353419056293
11.246623177369411	131.7350690078765
11.34662317736941	132.7124733421231
11.44662317736941	133.689878594409
11.54662317736941	134.66728476466113
11.64662317736941	135.64469185280538
11.74662317736941	136.6220998587671
11.846623177369409	137.5995088088191
11.946623177369409	138.57691819516157
12.046623177369408	139.5823337319699
12.146623177369408	140.58872928318922
12.246623177369408	141.5951257514503
12.346623177369407	142.60152314669264
12.446623177369407	143.60792184996885
12.546623177369407	144.61432103988406
12.56	144.74895370447445
1000012.56	144.74895370447445
