-100000	0
-0.002999218463898501	0
0.00033411486943483266	0.03306437901573596
0.005334114869434832	0.08328550262181031
0.012834114869434832	0.15943523882032307
0.024084114869434833	0.274952817056958
0.040959114869434834	0.45037621602781924
0.06627161486943484	0.7171427177975781
0.10424036486943483	1.123449933535323
0.16119348986943483	1.7432561321033173
0.24662317736943484	2.6899728495873427
0.3466231773694348	3.816900783947975
0.4466231773694348	4.958516388451897
0.5466231773694348	6.110976995159977
0.6466231773694348	7.271512397729864
0.7466231773694347	8.437991892786705
0.8466231773694347	9.608702223612719
0.9466231773694347	10.782221147252992
1.0466231773694348	11.95734026397395
1.1466231773694349	13.13302557840877
1.246623177369435	14.308746089839364
1.346623177369435	15.484472475794314
1.4466231773694351	16.660203209171407
1.5466231773694352	17.835941610590503
1.6466231773694353	19.011684423994087
1.7466231773694354	20.18743043970539
1.8466231773694355	21.36318405509967
1.9466231773694356	22.53894581199452
2.0466231773694354	23.714710791132187
2.1466231773694355	24.890481326323606
2.2466231773694356	26.06625741741954
2.3466231773694357	27.2420390642701
2.446623177369436	28.417824275767238
2.546623177369436	29.593616843948258
2.646623177369436	30.769414961502118
2.746623177369436	31.94521862857218
2.846623177369436	33.121033656781655
2.9466231773694362	34.29684879421298
3.0466231773694363	35.47266319583134
3.1466231773694364	36.648488795850476
3.2466231773694365	37.824319632612465
3.3466231773694366	39.000155706117575
3.4466231773694367	40.17599701636588
3.5466231773694368	41.35184356335836
3.646623177369437	42.527697297721105
3.746623177369437	43.70355454841052
3.846623177369437	44.87941704335502
3.946623177369437	46.05527723575056
4.046623177369437	47.231156705023736
4.146623177369436	48.407033128873046
4.246623177369436	49.58291334974655
4.346623177369436	50.758797367577685
4.446623177369435	51.93468518230252
4.546623177369435	53.11057679385526
4.646623177369435	54.286472202170756
4.746623177369434	55.46237140718436
4.846623177369434	56.63827440883075
4.946623177369434	57.81418062095434
5.046623177369433	58.990090493409504
5.146623177369433	60.166003579626754
5.2466231773694325	61.34191987946562
5.346623177369432	62.51783939278329
5.446623177369432	63.693762119439036
5.5466231773694314	64.86968805929111
5.646623177369431	66.04561721219854
5.746623177369431	67.22154890621198
5.84662317736943	68.39748375884088
5.94662317736943	69.57342117125876
6.04662317736943	70.74936114324076
6.146623177369429	71.92530299133054
6.246623177369429	73.10124754504359
6.346623177369429	74.2771939400919
6.446623177369428	75.45314217644243
6.546623177369428	76.62909225406159
6.6466231773694275	77.80504417291502
6.746623177369427	78.98099793297054
6.846623177369427	80.15695353419409
6.9466231773694265	81.33290357802545
7.046623177369426	82.50886977442012
7.146623177369426	83.6848307691716
7.246623177369425	84.86079349023433
7.346623177369425	86.03675793758373
7.446623177369425	87.21272344573623
7.546623177369424	88.38869015722541
7.646623177369424	89.5646576160334
7.746623177369424	90.74062582215684
7.846623177369423	91.91659477559058
7.946623177369423	93.09256451827972
8.046623177369423	94.26853479068835
8.146623177369422	95.44450580937855
8.246623177369422	96.6204767666813
8.346623177369421	97.79645074750276
8.446623177369421	98.97242393911465
8.54662317736942	100.14839787673301
8.64662317736942	101.3243725604008
8.74662317736942	102.50034843413201
8.84662317736942	103.67632506550278
8.94662317736942	104.85230244513241
9.046623177369419	106.0282804014648
9.146623177369419	107.20425837496721
9.246623177369418	108.38023784968321
9.346623177369418	109.55621807194898
9.446623177369418	110.73219904175043
9.546623177369417	111.90818075907
9.646623177369417	113.08416322389412
9.746623177369417	114.26014643620664
9.846623177369416	115.43613039599195
9.946623177369416	116.61211498993346
10.046623177369415	117.78810019524431
10.146623177369415	118.96408614722823
10.246623177369415	120.14007284591713
10.346623177369414	121.3160591091422
10.446623177369414	122.49204899367525
10.546623177369414	123.66803805360288
10.646623177369413	124.8440278606151
10.746623177369413	126.02001841472105
10.846623177369413	127.19600971592894
10.946623177369412	128.37200176424733
11.046623177369412	129.5479955840571
11.146623177369412	130.7239877190171
11.246623177369411	131.73552594033472
11.34662317736941	132.71293113070087
11.44662317736941	133.69033875223616
11.54662317736941	134.66774753398343
11.64662317736941	135.64515609185153
11.74662317736941	136.6225653967763
11.846623177369409	137.59997544878783
11.946623177369409	138.57738624791523
12.046623177369408	139.58280378531612
12.146623177369408	140.5891998949832
12.246623177369408	141.59559754466378
12.346623177369407	142.60199575451153
12.446623177369407	143.6083947116252
12.546623177369407	144.61479441597245
12.56	144.7494191271051
1000012.56	144.7494191271051
