-179769313486231570000000000000000000000000000000000000000000000000000000000000000000000000000000000000000000000000000000000000000000000000000000000000000000000000000000000000000000000000000000000000000000000000000000000000000000000000000000000000000000000000000000000000000000000000000000000000000000000000000	0
-0.00000000000000069002702212193	0
0.0033333333333326436	0.0329391998171121
0.0066666666666659775	0.0662548375488831
0.011666666666665979	0.11665981681793838
0.019166666666665978	0.19295381836876324
0.030416666666665978	0.30855484807761546
0.04729166666666598	0.483978463737217
0.07260416666666598	0.7505864218202067
0.110572916666666	1.1563920013091122
0.16752604166666601	1.7753706153947917
0.25295572916666603	2.7205465506606115
0.35295572916666607	3.845400706719042
0.45295572916666604	4.98476540416729
0.552955729166666	6.134879406334903
0.652955729166666	7.293023619865696
0.752955729166666	8.457107647836182
0.852955729166666	9.625445342256784
0.9529557291666659	10.796647010526021
1.052955729166666	11.969532754941234
1.152955729166666	13.143091114677905
1.2529557291666662	14.31673111467792
1.3529557291666663	15.490371114677934
1.4529557291666664	16.66401111467795
1.5529557291666665	17.837651114677968
1.6529557291666666	19.011291114677984
1.7529557291666666	20.184931114678
1.8529557291666667	21.358571114678018
1.9529557291666668	22.532211114678034
2.052955729166667	23.70585111467805
2.152955729166667	24.879491114678068
2.252955729166667	26.053131114678084
2.352955729166667	27.2267711146781
2.4529557291666673	28.400411114678118
2.5529557291666674	29.574051114678134
2.6529557291666674	30.74769111467815
2.7529557291666675	31.921331114678168
2.8529557291666676	33.09497111467818
2.9529557291666677	34.268611114678194
3.052955729166668	35.44225111467821
3.152955729166668	36.61589111467822
3.252955729166668	37.78953111467823
3.352955729166668	38.96317111467825
3.452955729166668	40.13681111467826
3.5529557291666682	41.31045111467827
3.6529557291666683	42.484091114678286
3.7529557291666684	43.6577311146783
3.8529557291666685	44.83137111467831
3.9529557291666686	46.005011114678325
4.052955729166668	47.17865111467834
4.152955729166668	48.35229111467835
4.2529557291666675	49.525931114678365
4.352955729166667	50.69957111467838
4.452955729166667	51.87321111467839
4.5529557291666665	53.046851114678404
4.652955729166666	54.22049111467842
4.752955729166666	55.39413111467843
4.852955729166665	56.56777111467844
4.952955729166665	57.741411114678456
5.052955729166665	58.91505111467847
5.152955729166664	60.08869111467848
5.252955729166664	61.262331114678496
5.352955729166664	62.43597111467851
5.452955729166663	63.60961111467852
5.552955729166663	64.78325111467854
5.652955729166663	65.95689111467854
5.752955729166662	67.13053111467855
5.852955729166662	68.30417111467855
5.9529557291666615	69.47781111467856
6.052955729166661	70.65145111467857
6.152955729166661	71.82509111467857
6.25295572916666	72.99873111467858
6.35295572916666	74.17237111467858
6.45295572916666	75.34601111467859
6.552955729166659	76.5196511146786
6.652955729166659	77.6932911146786
6.752955729166659	78.86693111467861
6.852955729166658	80.04057111467861
6.952955729166658	81.21421111467862
7.052955729166658	82.38785111467863
7.152955729166657	83.56149111467863
7.252955729166657	84.73513111467864
7.3529557291666565	85.90877111467864
7.452955729166656	87.08241111467865
7.552955729166656	88.25605111467866
7.6529557291666555	89.42969111467866
7.752955729166655	90.60333111467867
7.852955729166655	91.77697111467867
7.952955729166654	92.95061111467868
8.052955729166655	94.1242511146787
8.152955729166655	95.2978911146787
8.252955729166654	96.47153111467871
8.352955729166654	97.64517111467872
8.452955729166653	98.81881111467872
8.552955729166653	99.99245111467873
8.652955729166653	101.16609111467874
8.752955729166652	102.33973111467874
8.852955729166652	103.51337111467875
8.952955729166652	104.68701111467875
9.052955729166651	105.86065111467876
9.152955729166651	107.03429111467877
9.25295572916665	108.20793111467877
9.35295572916665	109.38157111467878
9.45295572916665	110.55521111467878
9.55295572916665	111.72885111467879
9.65295572916665	112.9024911146788
9.752955729166649	114.0761311146788
9.852955729166649	115.24977111467881
9.952955729166648	116.42341111467881
10.052955729166648	117.59705111467882
10.152955729166647	118.77069111467883
10.252955729166647	119.94433111467883
10.352955729166647	121.11797111467884
10.452955729166646	122.29161111467884
10.552955729166646	123.46525111467885
10.652955729166646	124.63889111467886
10.752955729166645	125.81253111467886
10.852955729166645	126.98617111467887
10.952955729166645	128.1598111146789
11.052955729166644	129.3334511146789
11.152955729166644	130.5070911146789
11.252955729166644	131.5056306573873
11.352955729166643	132.48243065738728
11.452955729166643	133.45923065738728
11.552955729166642	134.43603065738728
11.652955729166642	135.41283065738727
11.752955729166642	136.38963065738727
11.852955729166641	137.36643065738727
11.952955729166641	138.3441055532206
12.05295572916664	139.35050555322061
12.15295572916664	140.35690555322063
12.25295572916664	141.36330555322064
12.35295572916664	142.36970555322065
12.45295572916664	143.37610555322067
12.552955729166639	144.38250555322068
12.652955729166639	144.45339909488763
12.752955729166638	144.45339909488763
12.852955729166638	144.45339909488763
12.952955729166638	144.45339909488763
13.052955729166637	144.45339909488763
13.152955729166637	144.45339909488763
13.252955729166636	144.45339909488763
13.352955729166636	144.45339909488763
13.452955729166636	144.45339909488763
13.552955729166635	144.45339909488763
13.652955729166635	144.45339909488763
13.752955729166635	144.45339909488763
13.852955729166634	144.45339909488763
13.952955729166634	144.45339909488763
14.052955729166634	144.45339909488763
14.152955729166633	144.45339909488763
14.252955729166633	144.45339909488763
14.352955729166633	144.45339909488763
14.452955729166632	144.45339909488763
14.552955729166632	144.45339909488763
14.652955729166631	144.45339909488763
14.752955729166631	144.45339909488763
14.85295572916663	144.45339909488763
14.95295572916663	144.45339909488763
15.05295572916663	144.45339909488763
15.15295572916663	144.45339909488763
15.25295572916663	144.45339909488763
15.352955729166629	144.45339909488763
15.452955729166629	144.45339909488763
15.552955729166628	144.45339909488763
15.652955729166628	144.45339909488763
15.752955729166628	144.45339909488763
15.852955729166627	144.45339909488763
15.952955729166627	144.45339909488763
16.052955729166626	144.45339909488763
16.152955729166628	144.45339909488763
16.25295572916663	144.45339909488763
16.35295572916663	144.45339909488763
16.452955729166632	144.45339909488763
16.552955729166634	144.45339909488763
16.652955729166635	144.45339909488763
16.752955729166636	144.45339909488763
16.852955729166638	144.45339909488763
16.95295572916664	144.45339909488763
17.05295572916664	144.45339909488763
17.152955729166642	144.45339909488763
17.252955729166644	144.45339909488763
17.352955729166645	144.45339909488763
17.452955729166646	144.45339909488763
17.552955729166648	144.45339909488763
17.65295572916665	144.45339909488763
17.75295572916665	144.45339909488763
17.852955729166652	144.45339909488763
17.952955729166653	144.45339909488763
18.052955729166655	144.45339909488763
18.152955729166656	144.45339909488763
18.252955729166658	144.45339909488763
18.35295572916666	144.45339909488763
18.45295572916666	144.45339909488763
18.552955729166662	144.45339909488763
18.652955729166663	144.45339909488763
18.752955729166665	144.45339909488763
18.852955729166666	144.45339909488763
18.952955729166668	144.45339909488763
19.05295572916667	144.45339909488763
19.15295572916667	144.45339909488763
19.252955729166672	144.45339909488763
19.352955729166673	144.45339909488763
19.452955729166675	144.45339909488763
19.552955729166676	144.45339909488763
19.652955729166678	144.45339909488763
19.75295572916668	144.45339909488763
19.85295572916668	144.45339909488763
19.952955729166682	144.45339909488763
20.052955729166683	144.45339909488763
20.152955729166685	144.45339909488763
20.252955729166686	144.45339909488763
20.352955729166688	144.45339909488763
20.45295572916669	144.45339909488763
20.55295572916669	144.45339909488763
20.652955729166692	144.45339909488763
20.752955729166693	144.45339909488763
20.852955729166695	144.45339909488763
20.952955729166696	144.45339909488763
21.052955729166698	144.45339909488763
21.1529557291667	144.45339909488763
21.2529557291667	144.45339909488763
21.352955729166702	144.45339909488763
21.452955729166703	144.45339909488763
21.552955729166705	144.45339909488763
21.652955729166706	144.45339909488763
21.752955729166707	144.45339909488763
21.85295572916671	144.45339909488763
21.95295572916671	144.45339909488763
22.05295572916671	144.45339909488763
22.152955729166713	144.45339909488763
22.252955729166715	144.45339909488763
22.352955729166716	144.45339909488763
22.452955729166717	144.45339909488763
22.55295572916672	144.45339909488763
22.65295572916672	144.45339909488763
22.75295572916672	144.45339909488763
22.852955729166723	144.45339909488763
22.952955729166725	144.45339909488763
23.052955729166726	144.45339909488763
23.152955729166727	144.45339909488763
23.25295572916673	144.45339909488763
23.35295572916673	144.45339909488763
23.45295572916673	144.45339909488763
23.552955729166733	144.45339909488763
23.652955729166734	144.45339909488763
23.752955729166736	144.45339909488763
23.852955729166737	144.45339909488763
23.95295572916674	144.45339909488763
24.05295572916674	144.45339909488763
24.15295572916674	144.45339909488763
24.252955729166743	144.45339909488763
24.352955729166744	144.45339909488763
24.452955729166746	144.45339909488763
24.552955729166747	144.46476006833535
24.65295572916675	144.56307538191618
24.75295572916675	144.66149538191618
24.85295572916675	144.7599153819162
24.952955729166753	144.8583353819162
25.052955729166754	144.9567553819162
25.152955729166756	145.0551753819162
25.20355905511811	145.10383223358525
179769313486231570000000000000000000000000000000000000000000000000000000000000000000000000000000000000000000000000000000000000000000000000000000000000000000000000000000000000000000000000000000000000000000000000000000000000000000000000000000000000000000000000000000000000000000000000000000000000000000000000000	145.10383223358525
