-179769313486231570000000000000000000000000000000000000000000000000000000000000000000000000000000000000000000000000000000000000000000000000000000000000000000000000000000000000000000000000000000000000000000000000000000000000000000000000000000000000000000000000000000000000000000000000000000000000000000000000000	0
5.86865138094845	0
5.871984714281783	0.00008153507625483849
5.875318047615116	0.00023549379500104642
5.880318047615116	0.0005972155866250039
5.8878180476151165	0.0014340616294465363
5.899068047615117	0.0033514232432969946
5.915943047615117	0.007717820489717114
5.941255547615117	0.017623006381281642
5.979224297615117	0.03962495574957495
6.036177422615117	0.08804015779264644
6.121607110115116	0.1928757119102975
6.221607110115116	0.3602967706978865
6.3216071101151154	0.5714016805315586
6.421607110115115	0.8223858971128626
6.521607110115115	1.1100463276312735
6.621607110115114	1.4319106926297551
6.721607110115114	1.785953850979983
6.821607110115114	2.1701414623821997
6.921607110115113	2.5827298052901515
7.021607110115113	3.0221973205154056
7.121607110115113	3.4870959255500846
7.221607110115112	3.976191172804845
7.321607110115112	4.488324021335799
7.4216071101151115	5.022463755079792
7.521607110115111	5.577556722031698
7.621607110115111	6.15260915476621
7.7216071101151105	6.7467405985621145
7.82160711011511	7.359131888284598
7.92160711011511	7.988899380020677
8.02160711011511	8.635481600029554
8.121607110115109	9.297956932539917
8.221607110115109	9.97585722809472
8.321607110115108	10.668342871267868
8.421607110115108	11.375047234091975
8.521607110115108	12.095265563324949
8.621607110115107	12.828360767808789
8.721607110115107	13.573805349496253
8.821607110115107	14.33122948717356
8.921607110115106	15.100187563267315
9.021607110115106	15.880154864037243
9.121607110115105	16.670904580099858
9.221607110115105	17.47187460857899
9.321607110115105	18.282941638252847
9.421607110115104	19.103589520620375
9.521607110115104	19.933788867920804
9.621607110115104	20.773173824320924
9.721607110115103	21.621497645383702
9.821607110115103	22.478528896795723
9.921607110115103	23.34403362815233
10.021607110115102	24.21776864898626
10.121607110115102	25.099580302057525
10.221607110115102	25.989187503390426
10.321607110115101	26.88636627182963
10.4216071101151	27.79090356102836
10.5216071101151	28.702573951228914
10.6216071101151	29.62119349743692
10.7216071101151	30.546512991983253
10.8216071101151	31.478276602155454
10.921607110115099	32.416297029819496
11.021607110115099	33.36031334022601
11.121607110115098	34.31007193776767
11.221607110115098	35.26537132678842
11.321607110115098	36.22591810272648
11.421607110115097	37.19146768304778
11.521607110115097	38.161778152212314
11.621607110115097	39.13653226762302
11.721607110115096	40.11549903655203
11.821607110115096	41.09838238953825
11.921607110115096	42.08485211465241
12.021607110115095	43.074694214146135
12.121607110115095	44.06755149016602
12.221607110115094	45.063103698124834
12.321607110115094	46.06102895298579
12.421607110115094	47.061008797948716
12.521607110115093	48.06270422806955
12.621607110115093	49.06577108253888
12.721607110115093	50.069830785022425
12.821607110115092	50.47271837217129
12.921607110115092	50.80571837211681
13.021607110115092	51.13871837206232
13.121607110115091	51.471718372007835
13.221607110115091	51.80471837195335
13.32160711011509	52.13771837189886
13.42160711011509	52.47071837184438
13.52160711011509	52.80371837178989
13.62160711011509	53.136718371735405
13.72160711011509	53.46971837168092
13.821607110115089	53.80271837162643
13.921607110115088	54.13571837157195
14.021607110115088	54.46871837151746
14.121607110115088	54.801718371462975
14.221607110115087	55.13471837140849
14.321607110115087	55.467718371354
14.421607110115087	55.80071837129952
14.521607110115086	56.13371837124503
14.621607110115086	56.466718371190545
14.721607110115086	56.79971837113606
14.821607110115085	57.13271837108157
14.921607110115085	57.46571837102709
15.021607110115085	57.7987183709726
15.121607110115084	58.131718370918115
15.221607110115084	58.46471837086363
15.321607110115083	58.79771837080914
15.421607110115083	59.13071837075466
15.521607110115083	59.46371837070017
15.621607110115082	59.796718370645685
15.721607110115082	60.1297183705912
15.821607110115082	60.46271837053671
15.921607110115081	60.79571837048223
16.02160711011508	61.12871837042774
16.121607110115082	61.46171837037326
16.221607110115084	61.79471837031878
16.321607110115085	62.127718370264304
16.421607110115087	62.460718370209825
16.521607110115088	62.79371837015535
16.62160711011509	63.12671837010087
16.72160711011509	63.45971837004639
16.821607110115092	63.79271836999191
16.921607110115094	64.12571836993743
17.021607110115095	64.45871836988296
17.121607110115097	64.79171836982849
17.221607110115098	65.12471836977402
17.3216071101151	65.45771836971954
17.4216071101151	65.79071836966507
17.521607110115102	66.1237183696106
17.621607110115104	66.45671836955613
17.721607110115105	66.78971836950166
17.821607110115107	67.12271836944718
17.921607110115108	67.45571836939271
18.02160711011511	67.78871836933824
18.12160711011511	68.12171836928377
18.221607110115112	68.4547183692293
18.321607110115114	68.78771836917483
18.421607110115115	69.12071836912035
18.521607110115117	69.45371836906588
18.621607110115118	69.78671836901141
18.72160711011512	70.11971836895694
18.82160711011512	70.45271836890247
18.921607110115122	70.785718368848
19.021607110115124	71.11871836879352
19.121607110115125	71.45171836873905
19.221607110115126	71.78471836868458
19.321607110115128	72.11771836863011
19.42160711011513	72.45071836857564
19.52160711011513	72.78371836852116
19.621607110115132	73.11671836846669
19.721607110115134	73.44971836841222
19.821607110115135	73.78271836835775
19.921607110115136	74.11571836830328
20.021607110115138	74.4487183682488
20.12160711011514	74.78171836819433
20.22160711011514	75.11471836813986
20.321607110115142	75.44771836808539
20.421607110115144	75.78071836803092
20.521607110115145	76.11371836797645
20.621607110115146	76.44671836792197
20.721607110115148	76.7797183678675
20.82160711011515	77.11271836781303
20.92160711011515	77.44571836775856
21.021607110115152	77.77871836770409
21.121607110115153	78.11171836764962
21.221607110115155	78.44471836759514
21.321607110115156	78.77771836754067
21.421607110115158	79.1107183674862
21.52160711011516	79.44371836743173
21.62160711011516	79.77671836737726
21.721607110115162	80.10971836732278
21.821607110115163	80.44271836726831
21.921607110115165	80.77571836721384
22.021607110115166	81.10871836715937
22.121607110115168	81.4417183671049
22.22160711011517	81.77471836705043
22.32160711011517	82.10771836699595
22.421607110115172	82.44071836694148
22.521607110115173	82.77371836688701
22.621607110115175	83.10671836683254
22.721607110115176	83.43971836677807
22.821607110115178	83.7727183667236
22.92160711011518	84.10571836666912
23.02160711011518	84.43871836661465
23.121607110115182	84.77171836656018
23.221607110115183	85.10471836650571
23.321607110115185	85.43771836645124
23.421607110115186	85.77071836639676
23.45	85.95981501299867
179769313486231570000000000000000000000000000000000000000000000000000000000000000000000000000000000000000000000000000000000000000000000000000000000000000000000000000000000000000000000000000000000000000000000000000000000000000000000000000000000000000000000000000000000000000000000000000000000000000000000000000	85.95981501299867
