-100000	0
0.005716506099489038	0
0.009049839432822372	0.000011245171177978184
0.014049839432822373	0.0001628925968286008
0.021549839432822373	0.000713286629041027
0.03279983943282237	0.0021157518578538894
0.049674839432822374	0.005246275485113355
0.07498733943282238	0.01176464801548523
0.11295608943282237	0.024753521328819212
0.16990921443282236	0.049840121633034966
0.2553389019328224	0.09711482806477124
0.35533890193282236	0.16374748201024072
0.45533890193282234	0.23996117148694066
0.5553389019328223	0.32398060292841063
0.6553389019328223	0.41455516735393455
0.7553389019328223	0.5107462690880197
0.8553389019328222	0.6118214340547671
0.9553389019328222	0.7171898867661415
1.0553389019328223	0.8263679215726153
1.1553389019328224	0.9389490519355829
1.2553389019328225	1.0545947454593794
1.3553389019328226	1.173015653216908
1.4553389019328227	1.2939664869828864
1.5553389019328228	1.4172391914913716
1.600000000000001	1.4729970280276357
1000001.6	1.4729970280276357
