-100000	0
0	0
0.0033333333333333335	0.0003340721220758085
0.008333333333333333	0.0011678106734044056
0.01583333333333333	0.002893765715976726
0.02708333333333333	0.006279749156196972
0.043958333333333335	0.012805522401940852
0.06927083333333334	0.025045206334159437
0.10723958333333333	0.04726048329751815
0.16419270833333333	0.08741558571442709
0.24962239583333334	0.15934919979562595
0.3496223958333333	0.25665858443563283
0.4496223958333333	0.3656630201282726
0.5496223958333333	0.48604468140946194
0.6496223958333333	0.6161372475031134
0.7496223958333332	0.7541660291199166
0.8496223958333332	0.8971509350757345
0.9496223958333332	1.045792300578846
1.0496223958333333	1.1973385488997188
1.1496223958333334	1.3509426677201979
1.2496223958333335	1.5107870821629212
1.3496223958333335	1.6748475102386926
1.4496223958333336	1.8381015731448478
1.5496223958333337	1.9982749739539047
1.600000000000001	2.0721239873279136
1000001.6	2.0721239873279136
