-100001.09694726563	0
0.003052734375000199	0
0.006386067708333609	0
0.011386067708333503	0.0000000000000000000017332069990242135
0.018886067708333565	0.00000000000000000000000000000007602307528914803
0.030136067708333547	0.00000000000000000000000000000010889854897656124
0.04701106770833352	0.0000000000000000000000000000004188897629042238
0.07232356770833359	0.0000000000000000000000000000019136039927431575
0.1102923177083337	0.0000000000000000000000000000003493636919118446
0.16724544270833364	0.0000000000000000000000000000012302840484745663
0.25267513020833365	0
0.35267513020833374	0
0.45267513020833383	0.0000000000000000000000000000001078520768856852
0.5526751302083339	0.0000000000000000000000000000007880905332432569
0.652675130208334	0
0.7526751302083341	0.00000000000000000000000000000032047474274603605
0.8526751302083342	0
0.952675130208334	0.00000000000000000000000000000867746995743113
1.0526751302083341	0.000000000000000000000000000007255363286495595
1.1526751302083342	0.000000000000000000000000000000517689969051289
1.2526751302083343	0.000000000000000000000000000011438483125704671
1.3526751302083344	0.0000000000000000000000000000011832913578315177
1.4526751302083345	0.000000000000000000000000000007494178599599612
1.5526751302083346	0.0000000000000000000000000000042031495106307035
1.6526751302083347	0.000000000000000000000000000004104541897478077
1.7526751302083348	0.0000000000000000000000000000056699377562760224
1.8526751302083349	0.000000000000000000000000000004209312486452743
1.952675130208335	0
2.052675130208335	0
2.152675130208335	0.000000000000000000000000000013453776219511475
2.252675130208335	0.000000000000000000000000000048071211411905407
2.3526751302083353	0.0000000000000000000000000000006902532920683853
2.4526751302083354	0.0000000000000000000000000000056699377562760224
2.5526751302083355	0.0000000000000000000000000000021693674893577825
2.6526751302083356	0
2.7526751302083357	0.00000000000000000000000000001668933852608203
2.8526751302083357	0
2.952675130208336	0.000000000000000000000000000017946585593778019
3.0526751302083355	0.000000000000000000000000000002711709361697228
3.152675130208335	0.00000000000000000000000000001480346792453805
3.2526751302083348	0.000000000000000000000000000026075550703047664
3.3526751302083344	0.000000000000000000000000000017601458947743826
3.452675130208334	0.000000000000000000000000000049180547059872455
3.5526751302083337	0.0000000000000000000000000000282695700956936
3.6526751302083333	0.000000000000000000000000000005780871321072727
3.752675130208333	0.00000000000000000000000000001407623677753743
3.8526751302083326	0.000000000000000000000000000019425699791067419
3.9526751302083323	0
4.052675130208332	0
4.152675130208332	0.000000000000000000000000000007395570986446986
4.252675130208331	0.000000000000000000000000000011062541600560283
4.352675130208331	0.000000000000000000000000000027610131682735413
4.4526751302083305	0
4.55267513020833	0.000000000000000000000000000008283039504820624
4.65267513020833	0.00000000000000000000000000000998402083170343
4.752675130208329	0.000000000000000000000000000006668339839446365
4.852675130208329	0.000000000000000000000000000014988357199199224
4.952675130208329	0.000000000000000000000000000033132158019282496
5.052675130208328	0.000000000000000000000000000010452406994178406
5.152675130208328	0.00000000000000000000000000002396164999608823
5.252675130208328	0.0000000000000000000000000000027610131682735413
5.352675130208327	0.000000000000000000000000000002070759876205156
5.452675130208327	0.00000000000000000000000000005285368064980779
5.552675130208327	0.000000000000000000000000000041217982297797867
5.652675130208326	0.00000000000000000000000000011596255306748874
5.752675130208326	0.00000000000000000000000000005896735266527063
5.8526751302083255	0.000000000000000000000000000006902532920683853
5.952675130208325	0.00000000000000000000000000003944304526105059
6.052675130208325	0
6.1526751302083245	0.00000000000000000000000000001479114197289397
6.252675130208324	0.000000000000000000000000000008356995214685094
6.352675130208324	0.0000000000000000000000000000625665305453415
6.452675130208323	0.00000000000000000000000000009116273835960317
6.552675130208323	0.00000000000000000000000000002544076419337763
6.652675130208323	0.0000000000000000000000000002149645966727257
6.752675130208322	0
6.852675130208322	0.0000000000000000000000000001266121752879724
6.952675130208322	0.000000000000000000000000000018932661725304283
7.052675130208321	0.00000000000000000000000000005837570698635487
7.152675130208321	0.00000000000000000000000000009675872040601474
7.2526751302083206	0.000000000000000000000000000026426840324903895
7.35267513020832	0.00000000000000000000000000006310887241768094
7.45267513020832	0.00000000000000000000000000001735493991486226
7.5526751302083195	0.00000000000000000000000000016378724544651258
7.652675130208319	0.00000000000000000000000000007070165863043318
7.752675130208319	0.00000000000000000000000000013765622796106656
7.852675130208318	0.0000000000000000000000000005557525077282028
7.952675130208318	0.0000000000000000000000000004786906580494252
8.052675130208318	0.0000000000000000000000000002820177736165117
8.152675130208317	0.00000000000000000000000000023103763761660383
8.252675130208317	0.00000000000000000000000000003520291789548765
8.352675130208317	0.00000000000000000000000000017197167733818057
8.452675130208316	0.0000000000000000000000000003108111966570787
8.552675130208316	0.00000000000000000000000000005581190904438659
8.553052734375001	0.00000000000000000000000000013726179750845605
1000008.5530527344	0.00000000000000000000000000013726179750845605
