-100001.09694726563	0
0.003052734375000199	0
0.006386067708333609	0.0012924083030502833
0.011386067708333503	0.0032349493524603894
0.018886067708333565	0.006157578300895077
0.030136067708333547	0.010561286687069422
0.04701106770833352	0.01721104649716973
0.07232356770833359	0.027281931527895518
0.1102923177083337	0.042601362947019106
0.16724544270833364	0.06604002391039066
0.25267513020833365	0.10217463759567183
0.35267513020833374	0.1458548511078826
0.45267513020833383	0.19090929064385614
0.5526751302083339	0.23723228033140348
0.652675130208334	0.2847324008901901
0.7526751302083341	0.33332970953137453
0.8526751302083342	0.38295415780919934
0.952675130208334	0.4335487498243251
1.0526751302083341	0.48506289447486095
1.1526751302083342	0.5374516603330337
1.2526751302083343	0.590675422007323
1.3526751302083344	0.6447002677132541
1.4526751302083345	0.6994965619479466
1.5526751302083346	0.7550379967438212
1.6526751302083347	0.8113026186072393
1.7526751302083348	0.8682713222621995
1.8526751302083349	0.9259274811394935
1.952675130208335	0.9842576816675416
2.052675130208335	1.0432500664887578
2.152675130208335	1.1028955288315314
2.252675130208335	1.1631861941582602
2.3526751302083353	1.2241159546320166
2.4526751302083354	1.2856802350946912
2.5526751302083355	1.3478758117175995
2.6526751302083356	1.4107007908391296
2.7526751302083357	1.474153878484582
2.8526751302083357	1.5382352767205691
2.952675130208336	1.6029455671041677
3.0526751302083355	1.6682865309008361
3.152675130208335	1.7342603864540012
3.2526751302083348	1.8008696750090827
3.3526751302083344	1.8681178984114546
3.452675130208334	1.9360085505573041
3.5526751302083337	2.0045458872769863
3.6526751302083333	2.073734045595168
3.752675130208333	2.1435777870825805
3.8526751302083326	2.214081719068087
3.9526751302083323	2.2852505664897493
4.052675130208332	2.357089180717234
4.152675130208332	2.42960235399397
4.252675130208331	2.5027949367401514
4.352675130208331	2.576671319926282
4.4526751302083305	2.6512360790080263
4.55267513020833	2.7264934159530787
4.65267513020833	2.8024470506584813
4.752675130208329	2.8791007363230756
4.852675130208329	2.9564574931676937
4.952675130208329	3.0345202869777945
5.052675130208328	3.113291346942652
5.152675130208328	3.192772428206091
5.252675130208328	3.272964913085471
5.352675130208327	3.3538692371017604
5.452675130208327	3.4354855538655826
5.552675130208327	3.517813181326159
5.652675130208326	3.6008506882822178
5.752675130208326	3.6845956515835008
5.8526751302083255	3.7690452092231865
5.952675130208325	3.8541954003655303
6.052675130208325	3.9400415429255715
6.1526751302083245	4.026577878661135
6.252675130208324	4.113797806487777
6.352675130208324	4.2016936394739925
6.452675130208323	4.2902567366580655
6.552675130208323	4.379477347328665
6.652675130208323	4.469344766410196
6.752675130208322	4.559846924165825
6.852675130208322	4.65097086797607
6.952675130208322	4.742702322103649
7.052675130208321	4.835026062291775
7.152675130208321	4.927925512255283
7.2526751302083206	5.021383143007735
7.35267513020832	5.115380098000408
7.45267513020832	5.209896593119779
7.5526751302083195	5.304911590509634
7.652675130208319	5.400403172606151
7.752675130208319	5.496348324522441
7.852675130208318	5.5927231749021304
7.952675130208318	5.689503097035521
8.052675130208318	5.786662843026718
8.152675130208317	5.8841765078064245
8.252675130208317	5.982017815744719
8.352675130208317	6.080160835570755
8.452675130208316	6.178579789698413
8.552675130208316	6.277249934135551
8.553052734375001	6.277622967600887
1000008.5530527344	6.277622967600887
