-100001.09694726563	0
0.003052734375000199	0
0.006386067708333609	0.0011759148825947723
0.011386067708333503	0.002944928336237296
0.018886067708333565	0.005609986525690221
0.030136067708333547	0.009633434667837441
0.04701106770833352	0.015726436839808972
0.07232356770833359	0.024991762590268484
0.1102923177083337	0.039168062871266535
0.16724544270833364	0.061031847265403276
0.25267513020833365	0.09509871796100414
0.35267513020833374	0.13677180468258587
0.45267513020833383	0.18022509656492097
0.5526751302083339	0.22531804468125938
0.652675130208334	0.271929180058707
0.7526751302083341	0.3199538071662579
0.8526751302083342	0.3693007503239749
0.952675130208334	0.4198889719494605
1.0526751302083341	0.471647825342023
1.1526751302083342	0.5245177816674317
1.2526751302083343	0.578446594410043
1.3526751302083344	0.633387246599469
1.4526751302083345	0.6892981057560136
1.5526751302083346	0.7461424075857852
1.6526751302083347	0.8038881170085688
1.7526751302083348	0.8625071776571127
1.8526751302083349	0.9219750664407396
1.952675130208335	0.9822704164369639
2.052675130208335	1.0433746738482477
2.152675130208335	1.1052718661462273
2.252675130208335	1.1679483340343537
2.3526751302083353	1.2313924816192579
2.4526751302083354	1.2955945410083398
2.5526751302083355	1.360546483644269
2.6526751302083356	1.4262418256790284
2.7526751302083357	1.4926754420772161
2.8526751302083357	1.5598434716139857
2.952675130208336	1.6277431592532918
3.0526751302083355	1.6963727558544055
3.152675130208335	1.7657313975144138
3.2526751302083348	1.8358180609572636
3.3526751302083344	1.9066362919209285
3.452675130208334	1.9781844303890879
3.5526751302083337	2.0504652151487295
3.6526751302083333	2.123480886087186
3.752675130208333	2.1972340429075663
3.8526751302083326	2.2717275909629966
3.9526751302083323	2.346964685570306
4.052675130208332	2.422948643413687
4.152675130208332	2.49968289134526
4.252675130208331	2.5771708781667693
4.352675130208331	2.655416049117311
4.4526751302083305	2.7344217831079813
4.55267513020833	2.814191318028246
4.65267513020833	2.894727706668653
4.752675130208329	2.9760337768626814
4.852675130208329	3.0581120405899846
4.952675130208329	3.1409646462831864
5.052675130208328	3.224593343910463
5.152675130208328	3.3089994275405594
5.252675130208328	3.3916715757294846
5.352675130208327	3.470774758341088
5.452675130208327	3.5506560182431395
5.552675130208327	3.6313143630257763
5.652675130208326	3.712748192123525
5.752675130208326	3.794954812356541
5.8526751302083255	3.877931052317814
5.952675130208325	3.961672797913849
6.052675130208325	4.046175033740044
6.1526751302083245	4.1314318038666
6.252675130208324	4.217436174687127
6.352675130208324	4.304180180848823
6.452675130208323	4.391654800406419
6.552675130208323	4.479849897508585
6.652675130208323	4.568754208867257
6.752675130208322	4.6583553022608335
6.852675130208322	4.748639531108483
6.952675130208322	4.839592028106892
7.052675130208321	4.931196677213929
7.152675130208321	5.023436098005114
7.2526751302083206	5.116291640465156
7.35267513020832	5.209743381659752
7.45267513020832	5.303770135475042
7.5526751302083195	5.398349483153736
7.652675130208319	5.493457792274913
7.752675130208319	5.589070293816184
7.852675130208318	5.685161132557027
7.952675130208318	5.7817034704649775
8.052675130208318	5.878669624471599
8.152675130208317	5.976031212508387
8.252675130208317	6.073759150329979
8.352675130208317	6.17182482458742
8.452675130208316	6.270199228490452
8.552675130208316	6.368855488331376
8.553052734375001	6.369228521602857
1000008.5530527344	6.369228521602857
