-100001.09694726563	0
0.003052734375000199	0
0.006386067708333609	0.0013314389162343524
0.011386067708333503	0.003335119015355112
0.018886067708333565	0.006355273594852833
0.030136067708333547	0.010918284175382266
0.04701106770833352	0.017836027878047254
0.07232356770833359	0.02837197275206842
0.1102923177083337	0.04452768239187115
0.16724544270833364	0.06951779651423287
0.25267513020833365	0.10860341001126701
0.35267513020833374	0.15661089147163323
0.45267513020833383	0.2068484885560484
0.5526751302083339	0.2591347931469456
0.652675130208334	0.3133140415916113
0.7526751302083341	0.3692517898519352
0.8526751302083342	0.4268310959693665
0.952675130208334	0.48594953778794486
1.0526751302083341	0.5465165162607797
1.1526751302083342	0.6084516839535071
1.2526751302083343	0.6716863709952727
1.3526751302083344	0.7361603263922297
1.4526751302083345	0.8018191842304796
1.5526751302083346	0.8686145682695925
1.6526751302083347	0.9365036526258524
1.7526751302083348	1.0054484600802756
1.8526751302083349	1.075415347392004
1.952675130208335	1.1463745667153395
2.052675130208335	1.2182998398434912
2.152675130208335	1.2911680420176048
2.252675130208335	1.3649589154749218
2.3526751302083353	1.4396547417593086
2.4526751302083354	1.515240044667797
2.5526751302083355	1.5917015235465908
2.6526751302083356	1.6690277755421499
2.7526751302083357	1.7472091220579844
2.8526751302083357	1.826237431744146
2.952675130208336	1.90610601223266
3.0526751302083355	1.9868094356316142
3.152675130208335	2.0683434095859234
3.2526751302083348	2.1507046890688892
3.3526751302083344	2.2338909540237513
3.452675130208334	2.3179006931552544
3.5526751302083337	2.4027331199229107
3.6526751302083333	2.488388089658957
3.752675130208333	2.5748659987335154
3.8526751302083326	2.6621677102633887
3.9526751302083323	2.7502944954430015
4.052675130208332	2.8392479384681732
4.152675130208332	2.929029850907625
4.252675130208331	3.0196422212849985
4.352675130208331	3.1110871647832665
4.4526751302083305	3.203366820188936
4.55267513020833	3.296483304242057
4.65267513020833	3.390438657584875
4.752675130208329	3.4852347787889233
4.852675130208329	3.580873342753133
4.952675130208329	3.6773557901326637
5.052675130208328	3.7746832184382577
5.152675130208328	3.8728563366454916
5.252675130208328	3.9635977023902567
5.352675130208327	4.040859619225902
5.452675130208327	4.11896642484452
5.552675130208327	4.197916789524177
5.652675130208326	4.27770870637246
5.752675130208326	4.358339349064354
5.8526751302083255	4.4398051344016265
5.952675130208325	4.522101746301527
6.052675130208325	4.605223925380137
6.1526751302083245	4.689165472095955
6.252675130208324	4.773919205387388
6.352675130208324	4.859476901477891
6.452675130208323	4.94582924113997
6.552675130208323	5.032965761274984
6.652675130208323	5.120874811630768
6.752675130208322	5.209543510516405
6.852675130208322	5.298957719560642
6.952675130208322	5.3891019753961595
7.052675130208321	5.479959474991514
7.152675130208321	5.571512047164075
7.2526751302083206	5.66374012633246
7.35267513020832	5.75662274294864
7.45267513020832	5.850137521174913
7.5526751302083195	5.9442606854724405
7.652675130208319	6.03896708019626
7.752675130208319	6.1342302090788605
7.852675130208318	6.230022300425032
7.952675130208318	6.326314396562086
8.052675130208318	6.42307647864039
8.152675130208317	6.520277624140129
8.252675130208317	6.6178859383441235
8.352675130208317	6.715870010170787
8.452675130208316	6.814197930267627
8.552675130208316	6.912839015383681
8.553052734375001	6.913212048444417
1000008.5530527344	6.913212048444417
