-100001.09694726563	0
0.003052734375000199	0
0.006386067708333609	0.0014649822786563483
0.011386067708333503	0.0036705720370733296
0.018886067708333565	0.0069971800807866235
0.030136067708333547	0.012027741581268573
0.04701106770833352	0.01966358729303915
0.07232356770833359	0.03131578685637591
0.1102923177083337	0.049226819415085166
0.16724544270833364	0.07702396215879423
0.25267513020833365	0.1206816153948955
0.35267513020833374	0.17454652053834865
0.45267513020833383	0.23113313930928428
0.5526751302083339	0.2902143463461881
0.652675130208334	0.35159532884282274
0.7526751302083341	0.4151082071385555
0.8526751302083342	0.4806068241011118
0.952675130208334	0.5479637949142365
1.0526751302083341	0.6170675088164883
1.1526751302083342	0.6878193879668197
1.2526751302083343	0.7601318667339036
1.3526751302083344	0.8339258504694657
1.4526751302083345	0.9091319864875093
1.5526751302083346	0.985690324951933
1.6526751302083347	1.063547375887316
1.7526751302083348	1.142654524964599
1.8526751302083349	1.2229682403327
1.952675130208335	1.3044496463592197
2.052675130208335	1.387064093552235
2.152675130208335	1.4707807082879139
2.252675130208335	1.5555720743759813
2.3526751302083353	1.6414138014713207
2.4526751302083354	1.7282842452970963
2.5526751302083355	1.8161643700525936
2.6526751302083356	1.9050374236871292
2.7526751302083357	1.99488874447681
2.8526751302083357	2.08570558694814
2.952675130208336	2.1774769320183167
3.0526751302083355	2.270193317226089
3.152675130208335	2.3638467161803662
3.2526751302083348	2.4584303767843463
3.3526751302083344	2.553938706519036
3.452675130208334	2.650367152556835
3.5526751302083337	2.74771211212939
3.6526751302083333	2.8459708038615528
3.752675130208333	2.945141183223004
3.8526751302083326	3.045221845035857
3.9526751302083323	3.146211943352335
4.052675130208332	3.248111101316709
4.152675130208332	3.35091933413906
4.252675130208331	3.4546369756565523
4.352675130208331	3.559264599369568
4.4526751302083305	3.664802953749825
4.55267513020833	3.771252866823306
4.65267513020833	3.878615207017949
4.752675130208329	3.9868908156825653
4.852675130208329	4.096080404274773
4.952675130208329	4.206184533770516
5.052675130208328	4.317203523968571
5.152675130208328	4.429137387495504
5.252675130208328	4.527929303179586
5.352675130208327	4.603309269857464
5.452675130208327	4.679601669557805
5.552675130208327	4.756804759331495
5.652675130208326	4.834916119579944
5.752675130208326	4.913932719777396
5.8526751302083255	4.993850414344983
5.952675130208325	5.074664753174484
6.052675130208325	5.1563702280844605
6.1526751302083245	5.238960409869522
6.252675130208324	5.322427876836262
6.352675130208324	5.406764173971731
6.452675130208323	5.491959737668966
6.552675130208323	5.5780038268060945
6.652675130208323	5.66488448404523
6.752675130208322	5.752588486755984
6.852675130208322	5.841101272244173
6.952675130208322	5.9304068896382445
7.052675130208321	6.0204879665929365
7.152675130208321	6.11132566046544
7.2526751302083206	6.202899623754051
7.35267513020832	6.295187963309452
7.45267513020832	6.388167233677563
7.5526751302083195	6.481812429344765
7.652675130208319	6.576096984150665
7.752675130208319	6.670992787025613
7.852675130208318	6.7664702447384535
7.952675130208318	6.8624983616880595
8.052675130208318	6.959044840093463
8.152675130208317	7.0560762347480726
8.252675130208317	7.1535578669290505
8.352675130208317	7.251455420478819
8.452675130208316	7.3497337654495505
8.552675130208316	7.448358979016323
8.553052734375001	7.4487320118532
1000008.5530527344	7.4487320118532
