-100001.09694726563	0
0.003052734375000199	0
0.006386067708333609	0.0015763108110605488
0.011386067708333503	0.003950625778477605
0.018886067708333565	0.007534215709335765
0.030136067708333547	0.012958908826329154
0.04701106770833352	0.02120504839521461
0.07232356770833359	0.03381451926902998
0.1102923177083337	0.05325218549163211
0.16724544270833364	0.08353196875332847
0.25267513020833365	0.13131506088272732
0.35267513020833374	0.19055681272540587
0.45267513020833383	0.25305109612463134
0.5526751302083339	0.3185206305639351
0.652675130208334	0.3867266273056385
0.7526751302083341	0.4574648738909456
0.8526751302083342	0.530556495401726
0.952675130208334	0.6058470901381197
1.0526751302083341	0.6832007744870837
1.1526751302083342	0.7624976856219023
1.2526751302083343	0.843631188380303
1.3526751302083344	0.9265067815579124
1.4526751302083345	1.01104026858919
1.5526751302083346	1.097155195298514
1.6526751302083347	1.1847833765111793
1.7526751302083348	1.2738654064988952
1.8526751302083349	1.364348763596169
1.952675130208335	1.4561846854687914
2.052675130208335	1.5493297239477817
2.152675130208335	1.6437445593435636
2.252675130208335	1.739394028029056
2.3526751302083353	1.8362467172681465
2.4526751302083354	1.9342745522865477
2.5526751302083355	2.0334520809312
2.6526751302083356	2.13375678657578
2.7526751302083357	2.235168904835482
2.8526751302083357	2.337670713426251
2.952675130208336	2.4412463622696743
3.0526751302083355	2.5458821912984733
3.152675130208335	2.651566167122025
3.2526751302083348	2.7582875823481636
3.3526751302083344	2.8660372956688933
3.452675130208334	2.974807665976646
3.5526751302083337	3.084591964937114
3.6526751302083333	3.195384412172349
3.752675130208333	3.3071802914737862
3.8526751302083326	3.419975942277991
3.9526751302083323	3.5337680748354785
4.052675130208332	3.6485543874535296
4.152675130208332	3.7643319814028757
4.252675130208331	3.8811005388269595
4.352675130208331	3.9988584125522233
4.4526751302083305	4.117604748351315
4.55267513020833	4.237338959141398
4.65267513020833	4.358060822183215
4.752675130208329	4.479769761723654
4.852675130208329	4.60246540850505
4.952675130208329	4.7261473287453635
5.052675130208328	4.850815149647026
5.152675130208328	4.976467896097301
5.252675130208328	5.083269273395694
5.352675130208327	5.156726962135899
5.452675130208327	5.23116527148958
5.552675130208327	5.3065818878157485
5.652675130208326	5.382974126906749
5.752675130208326	5.460338682975905
5.8526751302083255	5.5386708044209945
5.952675130208325	5.617965814444173
6.052675130208325	5.698218108140187
6.1526751302083245	5.779420861208384
6.252675130208324	5.861566597811513
6.352675130208324	5.944646503984119
6.452675130208323	6.028650922514766
6.552675130208323	6.113568790576466
6.652675130208323	6.1993879081605545
6.752675130208322	6.286094875124265
6.852675130208322	6.3736746947709975
6.952675130208322	6.462111116365349
7.052675130208321	6.551386227851261
7.152675130208321	6.641480722263891
7.2526751302083206	6.732373507819022
7.35267513020832	6.8240419902228195
7.45267513020832	6.916461686913747
7.5526751302083195	7.009606548532201
7.652675130208319	7.103448753810171
7.752675130208319	7.197958715992089
7.852675130208318	7.293105095161385
7.952675130208318	7.388854991469306
8.052675130208318	7.485173908879973
8.152675130208317	7.582025923121428
8.252675130208317	7.6793736909817465
8.352675130208317	7.77717971675881
8.452675130208316	7.8754056675527595
8.552675130208316	7.974014110021874
8.553052734375001	7.97438714262672
1000008.5530527344	7.97438714262672
