-100001.09694726563	0
0	0
0.0033333333333334103	0.0001333011016496824
0.008333333333333304	0.002606688334659162
0.015833333333333366	0.006323726748347297
0.027083333333333348	0.011925608773161577
0.04395833333333332	0.02040313905879625
0.06927083333333339	0.0333283201851024
0.1072395833333335	0.053256099953945604
0.16419270833333344	0.08442015970224563
0.24962239583333345	0.13388286923142778
0.34962239583333354	0.1955792155509019
0.44962239583333363	0.26099889944800986
0.5496223958333337	0.32981472932145883
0.6496223958333338	0.4017499508544529
0.7496223958333339	0.47656593812162185
0.849622395833334	0.5540562831086022
0.9496223958333339	0.6340411145708985
1.049622395833334	0.7163624486022593
1.149622395833334	0.8008813733787515
1.2496223958333341	0.8874744417771044
1.3496223958333342	0.9760319879445195
1.4496223958333343	1.0664558201620886
1.5496223958333344	1.1586599151214176
1.6496223958333345	1.2525644687044701
1.7496223958333346	1.3480973229337603
1.8496223958333347	1.4451973470641764
1.9496223958333347	1.5438087150580642
2.049622395833335	1.6438804612834994
2.149622395833335	1.745366670535495
2.249622395833335	1.8482262697063423
2.349622395833335	1.9524223731081642
2.449622395833335	2.057921658417929
2.5496223958333353	2.1646944178149212
2.6496223958333354	2.272713981287334
2.7496223958333355	2.381956868556283
2.8496223958333355	2.492401983458281
2.9496223958333356	2.6040306761330045
3.0496223958333353	2.71682637746447
3.149622395833335	2.8307747911835905
3.2496223958333346	2.9458632862012206
3.349622395833334	3.0620809617382063
3.449622395833334	3.1794181853133034
3.5496223958333335	3.2978671569349807
3.649622395833333	3.4174210938664427
3.749622395833333	3.5380743892012028
3.8496223958333324	3.659822251854855
3.949622395833332	3.7826612387053937
4.049622395833332	3.9065884883489006
4.149622395833331	4.031601646348518
4.249622395833331	4.157699494153917
4.349622395833331	4.284881109424421
4.44962239583333	4.413146006740425
4.54962239583333	4.542493798779454
4.64962239583333	4.6729249987527846
4.749622395833329	4.804439658514697
4.849622395833329	4.937039410683153
4.9496223958333285	5.070723485319836
5.049622395833328	5.205493229180795
5.149622395833328	5.341349206840077
5.2496223958333275	5.454812667234355
5.349622395833327	5.5229008178062395
5.449622395833327	5.592075747964909
5.549622395833326	5.662336733347226
5.649622395833326	5.733683249162414
5.749622395833326	5.806114329914882
5.849622395833325	5.8796275874764685
5.949622395833325	5.954219819709875
6.049622395833325	6.029888889088116
6.149622395833324	6.1066305208625975
6.249622395833324	6.184439716048236
6.3496223958333236	6.2633110603196736
6.449622395833323	6.343237718885917
6.549622395833323	6.424212274897219
6.6496223958333225	6.506225861412639
6.749622395833322	6.589268804991353
6.849622395833322	6.673330046028598
6.949622395833321	6.758397338394082
7.049622395833321	6.84445725034737
7.149622395833321	6.931494792098474
7.24962239583332	7.019493986708465
7.34962239583332	7.108436992508406
7.44962239583332	7.198304745121766
7.549622395833319	7.289077309068782
7.649622395833319	7.380732549154271
7.749622395833319	7.473247345497572
7.849622395833318	7.56659732127186
7.949622395833318	7.660756885362617
8.049622395833318	7.755700263563792
8.149622395833317	7.851399553826534
8.249622395833317	7.9478265862614075
8.349622395833316	8.044954206962844
8.449622395833316	8.142755054826663
8.549622395833316	8.241212304529364
8.553052734375001	8.24460061993392
1000008.5530527344	8.24460061993392
