-100001.09694726563	0
0.0016924240689739634	0
0.005025757402307374	0.0010255174503740012
0.010025757402307267	0.0036238500457834526
0.01752575740230733	0.0075252744450197825
0.02877575740230731	0.013385828092726614
0.045650757402307285	0.02220356678976054
0.07096325740230736	0.035519710841512384
0.10893200740230746	0.05578059175980875
0.1658851324023074	0.08708126051403066
0.2513148199023074	0.13661941760568086
0.3513148199023075	0.19867511307178384
0.4513148199023076	0.26476463819322593
0.5513148199023077	0.33453087067052595
0.6513148199023078	0.4076736069021226
0.7513148199023079	0.4839329148320837
0.851314819902308	0.5630835444094725
0.9513148199023078	0.6449290789381987
1.051314819902308	0.7292971581143007
1.151314819902308	0.8160357481636824
1.251314819902308	0.9050102758715203
1.3513148199023082	0.9961009008655936
1.4513148199023083	1.089200897269166
1.5513148199023084	1.1842149532922381
1.6513148199023084	1.281057726412845
1.7513148199023085	1.379649864005258
1.8513148199023086	1.4799251196116192
1.9513148199023087	1.5818229978830258
2.051314819902309	1.6852884159703303
2.151314819902309	1.7902719406420733
2.251314819902309	1.8967293650021415
2.351314819902309	2.0046211647519394
2.451314819902309	2.1139120918857848
2.5513148199023092	2.224570592513757
2.6513148199023093	2.336568708371332
2.7513148199023094	2.4498818047428337
2.8513148199023095	2.56448817600351
2.9513148199023096	2.680368815455958
3.0513148199023092	2.79750721415333
3.151314819902309	2.9158891463256436
3.2513148199023085	3.0355025190702913
3.351314819902308	3.156337120087882
3.451314819902308	3.2783844676358096
3.5513148199023075	3.401637742321671
3.651314819902307	3.526091621215921
3.7513148199023068	3.6517420819928668
3.8513148199023064	3.7785863190246394
3.951314819902306	3.9066226276573612
4.051314819902306	4.035850402714154
4.151314819902305	4.166269869047252
4.251314819902305	4.297882050364049
4.351314819902305	4.430688722908686
4.451314819902304	4.564692277620335
4.551314819902304	4.699895650349272
4.6513148199023036	4.836302215336534
4.751314819902303	4.9739157519343875
4.851314819902303	5.11274035451668
4.9513148199023025	5.252780292891276
5.051314819902302	5.394039903737195
5.151314819902302	5.536523724280526
5.251314819902301	5.650009551022041
5.351314819902301	5.709235118636674
5.451314819902301	5.769698317099067
5.5513148199023	5.831403425752675
5.6513148199023	5.894354411687629
5.7513148199023	5.958555283878702
5.851314819902299	6.024008459602513
5.951314819902299	6.09071720673895
6.051314819902299	6.158683903020959
6.151314819902298	6.227910419493436
6.251314819902298	6.298398041436083
6.3513148199022975	6.370147414682228
6.451314819902297	6.4431585086373
6.551314819902297	6.517430568163206
6.6513148199022964	6.5929621040478095
6.751314819902296	6.669750835376322
6.851314819902296	6.747793675880185
6.951314819902295	6.827086653725101
7.051314819902295	6.907624968915232
7.151314819902295	6.989402968746318
7.251314819902294	7.072414155029751
7.351314819902294	7.156651199772974
7.451314819902294	7.242105962883319
7.551314819902293	7.328769587493828
7.651314819902293	7.4166325689252
7.7513148199022925	7.505684830157244
7.851314819902292	7.59591587297869
7.951314819902292	7.687315212334833
8.051314819902291	7.779871393910562
8.151314819902291	7.873574634608252
8.25131481990229	7.9684144667092305
8.35131481990229	8.064382937555923
8.45131481990229	8.161473093064876
8.55131481990229	8.259691354094914
8.553052734375001	8.2614080737755
1000008.5530527344	8.2614080737755
