-100001.09694726563	0
0.003052734375000199	0
0.006386067708333609	0.0017883145273892855
0.011386067708333503	0.004482734072018896
0.018886067708333565	0.00854530330797666
0.030136067708333547	0.01467392762821919
0.04701106770833352	0.0239251091386996
0.07232356770833359	0.037907057855645944
0.1102923177083337	0.05910632064658118
0.16724544270833364	0.09151143103491063
0.25267513020833365	0.14195134256524686
0.35267513020833374	0.2045365213708538
0.45267513020833383	0.27126121862310565
0.5526751302083339	0.3418901789425187
0.652675130208334	0.4161074667191022
0.7526751302083341	0.49363868364687147
0.8526751302083342	0.5742454721082517
0.952675130208334	0.6577191785278556
1.0526751302083341	0.7438763596376682
1.1526751302083342	0.8325549364056488
1.2526751302083343	0.923611223689096
1.3526751302083344	1.0169175686418996
1.4526751302083345	1.1123600066931245
1.5526751302083346	1.209836688493332
1.6526751302083347	1.3092562672689707
1.7526751302083348	1.4105346002065775
1.8526751302083349	1.5136016262288217
1.952675130208335	1.618392758033688
2.052675130208335	1.7248496019526185
2.152675130208335	1.8329200207584058
2.252675130208335	1.9425575596981663
2.3526751302083353	2.0537208625276504
2.4526751302083354	2.1663733012853497
2.5526751302083355	2.280482508703356
2.6526751302083356	2.3960198762509877
2.7526751302083357	2.5129604287620704
2.8526751302083357	2.631282509228786
2.952675130208336	2.7509674941353417
3.0526751302083355	2.8719995181555364
3.152675130208335	2.9943652738748456
3.2526751302083348	3.1180538175803156
3.3526751302083344	3.2430563698567596
3.452675130208334	3.36936615085359
3.5526751302083337	3.4969781954734396
3.6526751302083333	3.6258892583155973
3.752675130208333	3.756097620183137
3.8526751302083326	3.887603000487819
3.9526751302083323	4.020406429011662
4.052675130208332	4.154510082528783
4.152675130208332	4.289917277925027
4.252675130208331	4.4266322455511125
4.352675130208331	4.564660109795991
4.4526751302083305	4.704006718177101
4.55267513020833	4.844678665603375
4.65267513020833	4.986683180911665
4.752675130208329	5.130027995392212
4.852675130208329	5.27472130402134
4.952675130208329	5.42077170138752
5.052675130208328	5.568188053211696
5.152675130208328	5.716979306216705
5.252675130208328	5.829983045055345
5.352675130208327	5.880052159637587
5.452675130208327	5.931524102534144
5.552675130208327	5.984408222546677
5.652675130208326	6.0387137878435455
5.752675130208326	6.094450098938577
5.8526751302083255	6.151625355506026
5.952675130208325	6.210248554920849
6.052675130208325	6.270327907381065
6.1526751302083245	6.33187149969712
6.252675130208324	6.394886892021927
6.352675130208324	6.459381245378606
6.452675130208323	6.525361269030688
6.552675130208323	6.592833198351454
6.652675130208323	6.661802724498378
6.752675130208322	6.732274990240635
6.852675130208322	6.804254582651956
6.952675130208322	6.87774557095737
7.052675130208321	6.952751491833232
7.152675130208321	7.0292753628622515
7.2526751302083206	7.107319727698605
7.35267513020832	7.186886684254942
7.45267513020832	7.267977916191739
7.5526751302083195	7.350594837058317
7.652675130208319	7.4347386123912855
7.752675130208319	7.520410328177772
7.852675130208318	7.607611132959062
7.952675130208318	7.696342437850366
8.052675130208318	7.78660613954399
8.152675130208317	7.878404880756223
8.252675130208317	7.971742211663502
8.352675130208317	8.066623741803328
8.452675130208316	8.16305690976783
8.552675130208316	8.261062866960039
8.553052734375001	8.261435891167702
1000008.5530527344	8.261435891167702
