-100001.09694726563	0
0.003052734375000199	0
0.006386067708333609	0.0018223809801536592
0.011386067708333503	0.004570489661441917
0.018886067708333565	0.008721115907396434
0.030136067708333547	0.015000630919329313
0.04701106770833352	0.024518682820943792
0.07232356770833359	0.03897035561117143
0.1102923177083337	0.06096700943346191
0.16724544270833364	0.0946070523074833
0.25267513020833365	0.14661676115962544
0.35267513020833374	0.2103196719540401
0.45267513020833383	0.2775684548953456
0.5526751302083339	0.3486396209912829
0.652675130208334	0.4234459936068663
0.7526751302083341	0.5017263655058917
0.8526751302083342	0.5832366755743082
0.952675130208334	0.6677622638381623
1.0526751302083341	0.7551133909413807
1.1526751302083342	0.8451216834772514
1.2526751302083343	0.9376374502117812
1.3526751302083344	1.0325272068653168
1.4526751302083345	1.1296718160863732
1.5526751302083346	1.2289648042138568
1.6526751302083347	1.3303091664009623
1.7526751302083348	1.4336186061588214
1.8526751302083349	1.5388195352783822
1.952675130208335	1.6458438951691399
2.052675130208335	1.7546308832991104
2.152675130208335	1.8651263946163228
2.252675130208335	1.9772823211546398
2.3526751302083353	2.091056058390317
2.4526751302083354	2.2064100399015008
2.5526751302083355	2.323311381160648
2.6526751302083356	2.441731513497027
2.7526751302083357	2.5616457250771134
2.8526751302083357	2.6830328795371745
2.952675130208336	2.8058752266939155
3.0526751302083355	2.9301580231422304
3.152675130208335	3.0558694038209318
3.2526751302083348	3.1830001577008917
3.3526751302083344	3.3115434568899342
3.452675130208334	3.44149476093471
3.5526751302083337	3.572851527641223
3.6526751302083333	3.7056131649803
3.752675130208333	3.839780848334701
3.8526751302083326	3.9753573681574053
3.9526751302083323	4.112347020130551
4.052675130208332	4.250755428078705
4.152675130208332	4.39058950864981
4.252675130208331	4.531857256667896
4.352675130208331	4.674567783465968
4.4526751302083305	4.818731161146087
4.55267513020833	4.9643582233644326
4.65267513020833	5.111460287595186
4.752675130208329	5.260050401422679
4.852675130208329	5.410140621994706
4.952675130208329	5.561744582867796
5.052675130208328	5.714876146445191
5.152675130208328	5.869549489928685
5.252675130208328	5.982828501057772
5.352675130208327	6.023349473162347
5.452675130208327	6.065455928822504
5.552675130208327	6.109162794120683
5.652675130208326	6.154485003704104
5.752675130208326	6.201437603941954
5.8526751302083255	6.250034861132143
5.952675130208325	6.300291686429846
6.052675130208325	6.352222601041595
6.1526751302083245	6.405841928583408
6.252675130208324	6.46116372909144
6.352675130208324	6.5182017672538155
6.452675130208323	6.5769685792656984
6.552675130208323	6.637480001905857
6.652675130208323	6.699745959169881
6.752675130208322	6.763779765996143
6.852675130208322	6.829593470929209
6.952675130208322	6.897198753111093
7.052675130208321	6.966606967261415
7.152675130208321	7.037829131947418
7.2526751302083206	7.110875924870448
7.35267513020832	7.1857579538170535
7.45267513020832	7.2624854073042355
7.5526751302083195	7.341068538203498
7.652675130208319	7.421517548520727
7.752675130208319	7.503842724873084
7.852675130208318	7.588054638527552
7.952675130208318	7.674164262541841
8.052675130208318	7.762183170460739
8.152675130208317	7.85212377357073
8.252675130208317	7.9439994935539
8.352675130208317	8.037825364963814
8.452675130208316	8.133618331626161
8.552675130208316	8.231408601827606
8.553052734375001	8.231781622971988
1000008.5530527344	8.231781622971988
