-100001.09694726563	0
0.003052734375000199	0
0.006386067708333609	0.0018408483550720405
0.011386067708333503	0.00461722142139835
0.018886067708333565	0.008812668036961221
0.030136067708333547	0.015167436240633575
0.04701106770833352	0.024818410862686494
0.07232356770833359	0.039517994187982255
0.1102923177083337	0.06197849951115979
0.16724544270833364	0.09645258908713675
0.25267513020833365	0.14978113894720124
0.35267513020833374	0.2147635147343914
0.45267513020833383	0.28279825406628456
0.5526751302083339	0.3541523623470044
0.652675130208334	0.4289915123550641
0.7526751302083341	0.507333478062587
0.8526751302083342	0.5890124363339936
0.952675130208334	0.6738196175235843
1.0526751302083341	0.7615668808509515
1.1526751302083342	0.8520860814702516
1.2526751302083343	0.9452265983095051
1.3526751302083344	1.0408533629453012
1.4526751302083345	1.1388452955015642
1.5526751302083346	1.239093765193424
1.6526751302083347	1.3414998077575622
1.7526751302083348	1.4459750625167958
1.8526751302083349	1.552443833371936
1.952675130208335	1.6608365195360089
2.052675130208335	1.7710908658457327
2.152675130208335	1.8831515876388802
2.252675130208335	1.9969696566495636
2.3526751302083353	2.1125019443882573
2.4526751302083354	2.2297107706870767
2.5526751302083355	2.3485634318592954
2.6526751302083356	2.4690317298392768
2.7526751302083357	2.5910917322958302
2.8526751302083357	2.714723335153871
2.952675130208336	2.8399101197190255
3.0526751302083355	2.9666390845641994
3.152675130208335	3.094900350638726
3.2526751302083348	3.22468682693927
3.3526751302083344	3.3559941940256772
3.452675130208334	3.4888206761705685
3.5526751302083337	3.6231667380695614
3.6526751302083333	3.759034970295278
3.752675130208333	3.896429974513636
3.8526751302083326	4.035358231229713
3.9526751302083323	4.175827894085224
4.052675130208332	4.317848601448716
4.152675130208332	4.4614314648926
4.252675130208331	4.606588982307551
4.352675130208331	4.753334781748565
4.4526751302083305	4.901683543898281
4.55267513020833	5.051650976697281
4.65267513020833	5.2032536968376455
4.752675130208329	5.356509145496657
4.852675130208329	5.511435435259026
4.952675130208329	5.668051203630581
5.052675130208328	5.82637564779011
5.152675130208328	5.986428572085381
5.252675130208328	6.099500988468923
5.352675130208327	6.130013110396334
5.452675130208327	6.162314682851566
5.552675130208327	6.196426643545404
5.652675130208326	6.232369958127999
5.752675130208326	6.27016577013782
5.8526751302083255	6.309834611909918
5.952675130208325	6.351397613039976
6.052675130208325	6.394875634527859
6.1526751302083245	6.4402894221407045
6.252675130208324	6.487659525383121
6.352675130208324	6.537006266146043
6.452675130208323	6.588349613042461
6.552675130208323	6.641709313214412
6.652675130208323	6.6971049193453025
6.752675130208322	6.75455569870922
6.852675130208322	6.814080639951146
6.952675130208322	6.87569840637659
7.052675130208321	6.939427374306434
7.152675130208321	7.005285691102171
7.2526751302083206	7.073291183145514
7.35267513020832	7.143461706136595
7.45267513020832	7.21581465005874
7.5526751302083195	7.290367541116485
7.652675130208319	7.367137851918525
7.752675130208319	7.44614313462084
7.852675130208318	7.5274011542398025
7.952675130208318	7.610929986193053
8.052675130208318	7.6967481571734675
8.152675130208317	7.78487482449665
8.252675130208317	7.875329908791545
8.352675130208317	7.968134353059986
8.452675130208316	8.063310745667863
8.552675130208316	8.160894028360653
8.553052734375001	8.16126704656756
1000008.5530527344	8.16126704656756
