-100001.09694726563	0
0.003052734375000199	0
0.006386067708333609	0.0018382689485473254
0.011386067708333503	0.004611665207056461
0.018886067708333565	0.008805661146383552
0.030136067708333547	0.01516678160202668
0.04701106770833352	0.024849760684775516
0.07232356770833359	0.039650260190293045
0.1102923177083337	0.062371951755940985
0.16724544270833364	0.09741308193718891
0.25267513020833365	0.1517423774825248
0.35267513020833374	0.21770616514518717
0.45267513020833383	0.2861523479170837
0.5526751302083339	0.35719110397623366
0.652675130208334	0.4309935895570827
0.7526751302083341	0.5077103009012555
0.8526751302083342	0.5874253610415305
0.952675130208334	0.6701472399244075
1.0526751302083341	0.7558310802209307
1.1526751302083342	0.8443754745631346
1.2526751302083343	0.9356576657220353
1.3526751302083344	1.0295629367091268
1.4526751302083345	1.1259855941164427
1.5526751302083346	1.2248295367426458
1.6526751302083347	1.326003496785941
1.7526751302083348	1.4294309197855022
1.8526751302083349	1.5350394488597634
1.952675130208335	1.6427649051640358
2.052675130208335	1.752549347466507
2.152675130208335	1.8643409394293184
2.252675130208335	1.978094337277262
2.3526751302083353	2.093770048899003
2.4526751302083354	2.211333814063976
2.5526751302083355	2.3307564586660594
2.6526751302083356	2.4520139056267025
2.7526751302083357	2.575086257979437
2.8526751302083357	2.699958407735956
2.952675130208336	2.8266191539514063
3.0526751302083355	2.955060832715718
3.152675130208335	3.085279954925084
3.2526751302083348	3.217276124503686
3.3526751302083344	3.3510518557735693
3.452675130208334	3.486613210181827
3.5526751302083337	3.6239688382916144
3.6526751302083333	3.7631297260363183
3.752675130208333	3.9041099236871086
3.8526751302083326	4.046924904375685
3.9526751302083323	4.191592757583633
4.052675130208332	4.33813381507714
4.152675130208332	4.486569264330519
4.252675130208331	4.636922795656814
4.352675130208331	4.789219540163341
4.4526751302083305	4.943485140186478
4.55267513020833	5.099747579536641
4.65267513020833	5.258035532420483
4.752675130208329	5.418377994493341
4.852675130208329	5.580806143607662
4.952675130208329	5.745350897183856
5.052675130208328	5.912043694780033
5.152675130208328	6.080918701827073
5.252675130208328	6.200661817741121
5.352675130208327	6.233799237156757
5.452675130208327	6.269217717355341
5.552675130208327	6.306950008783737
5.652675130208326	6.347029975900514
5.752675130208326	6.389492002156688
5.8526751302083255	6.434369744392666
5.952675130208325	6.481696320577708
6.052675130208325	6.531505889162434
6.1526751302083245	6.583831490564034
6.252675130208324	6.638706083414491
6.352675130208324	6.696162842270756
6.452675130208323	6.756233140856478
6.552675130208323	6.818949070996584
6.652675130208323	6.884342367628033
6.752675130208322	6.952444114668419
6.852675130208322	7.023284383626687
6.952675130208322	7.096893813680374
7.052675130208321	7.173301914536787
7.152675130208321	7.252536773263608
7.2526751302083206	7.334627384193646
7.35267513020832	7.419601094944457
7.45267513020832	7.507485929427826
7.5526751302083195	7.598308805970776
7.652675130208319	7.692096049701832
7.752675130208319	7.788872711608493
7.852675130208318	7.8886651263349545
7.952675130208318	7.991498926159206
8.052675130208318	8.097398379237692
8.152675130208317	8.20638835136123
8.252675130208317	8.318492992622241
8.352675130208317	8.433736477944747
8.452675130208316	8.552143578385218
8.552675130208316	8.673747908025721
8.553052734375001	8.674213078954143
1000008.5530527344	8.674213078954143
