-100001.09694726563	0
0.003052734375000199	0
0.006386067708333609	0.0017942180425945418
0.011386067708333503	0.0044963844246892655
0.018886067708333565	0.008573827272017512
0.030136067708333547	0.014743501130626582
0.04701106770833352	0.02411391487144553
0.07232356770833359	0.038420022055316146
0.1102923177083337	0.06040806936953068
0.16724544270833364	0.09448252126740328
0.25267513020833365	0.1477956107034665
0.35267513020833374	0.21317548999921035
0.45267513020833383	0.28142471445130407
0.5526751302083339	0.35229818634622045
0.652675130208334	0.42562242306916576
0.7526751302083341	0.5012689631344512
0.8526751302083342	0.5791390188138116
0.952675130208334	0.6591557914463196
1.0526751302083341	0.7412625674426524
1.1526751302083342	0.825426061667569
1.2526751302083343	0.911644301516951
1.3526751302083344	0.9999601808693217
1.4526751302083345	1.0905127645337351
1.5526751302083346	1.1834938713366407
1.6526751302083347	1.2789886274628526
1.7526751302083348	1.376940080633682
1.8526751302083349	1.4772790431422504
1.952675130208335	1.5799445019010454
2.052675130208335	1.684883090195325
2.152675130208335	1.792049007553133
2.252675130208335	1.9014033396792644
2.3526751302083353	2.0129137604348206
2.4526751302083354	2.1265541865318056
2.5526751302083355	2.242304339927364
2.6526751302083356	2.356600856694947
2.7526751302083357	2.467575255179334
2.8526751302083357	2.5806300134428937
2.952675130208336	2.695764708818321
3.0526751302083355	2.812983100035623
3.152675130208335	2.9322927903344653
3.2526751302083348	3.053705027646157
3.3526751302083344	3.177234351834582
3.452675130208334	3.3028982352901783
3.5526751302083337	3.430717198243184
3.6526751302083333	3.5607140941171633
3.752675130208333	3.6929140683406034
3.8526751302083326	3.827344729256934
3.9526751302083323	3.9640352029328874
4.052675130208332	4.103016322289004
4.152675130208332	4.244320820842157
4.252675130208331	4.387982336168231
4.352675130208331	4.534035748751716
4.4526751302083305	4.682517301826287
4.55267513020833	4.8334636215046185
4.65267513020833	4.986912217124835
4.752675130208329	5.142901351394904
4.852675130208329	5.301469514869114
4.952675130208329	5.462655678081218
5.052675130208328	5.626498917969563
5.152675130208328	5.793038631998997
5.252675130208328	5.914617261694285
5.352675130208327	5.956427898598991
5.452675130208327	6.001053021230073
5.552675130208327	6.04853189373795
5.652675130208326	6.098902886864822
5.752675130208326	6.1522049935924725
5.8526751302083255	6.2084768923780835
5.952675130208325	6.267755878340889
6.052675130208325	6.330079937972344
6.1526751302083245	6.395486933429819
6.252675130208324	6.464013010446578
6.352675130208324	6.535694703067397
6.452675130208323	6.610569091566757
6.552675130208323	6.688671106045355
6.652675130208323	6.770036636790678
6.752675130208322	6.85470153756165
6.852675130208322	6.942699579046101
6.952675130208322	7.034066364485077
7.052675130208321	7.128836578244647
7.152675130208321	7.227043507368041
7.2526751302083206	7.328722809934416
7.35267513020832	7.433908471232371
7.45267513020832	7.542633941833033
7.5526751302083195	7.654935372425999
7.652675130208319	7.770846836845951
7.752675130208319	7.89040271510925
7.852675130208318	8.013640274224867
7.952675130208318	8.140594603724988
8.052675130208318	8.271301860677784
8.152675130208317	8.405801290456486
8.252675130208317	8.544129925701684
8.352675130208317	8.686327040607106
8.452675130208316	8.832434787719864
8.552675130208316	8.982488688129283
8.553052734375001	8.983062839341075
1000008.5530527344	8.983062839341075
