-100001.09694726563	0
0.003052734375000199	0
0.006386067708333609	0.0017630592486403984
0.011386067708333503	0.004417024617984319
0.018886067708333565	0.008419008312117754
0.030136067708333547	0.014469015151679233
0.04701106770833352	0.023647120882379944
0.07232356770833359	0.037641504284707986
0.1102923177083337	0.05912468573566383
0.16724544270833364	0.09239643656141204
0.25267513020833365	0.14448869625261404
0.35267513020833374	0.20850326500929836
0.45267513020833383	0.2754890775720594
0.5526751302083339	0.345182312968301
0.652675130208334	0.4173613522673437
0.7526751302083341	0.4918359357435423
0.8526751302083342	0.5684412517552339
0.952675130208334	0.6470353536494453
1.0526751302083341	0.727499463048188
1.1526751302083342	0.809740757757546
1.2526751302083343	0.8936966706034088
1.3526751302083344	0.9793427902224231
1.4526751302083345	1.0667005390120932
1.5526751302083346	1.1558483359773832
1.6526751302083347	1.246963656047984
1.7526751302083348	1.3403072935756528
1.8526751302083349	1.4360543684501799
1.952675130208335	1.5342076892591945
2.052675130208335	1.6347147406147646
2.152675130208335	1.7375309399935466
2.252675130208335	1.8426202546740196
2.3526751302083353	1.949954486070368
2.4526751302083354	2.0595127557406765
2.5526751302083355	2.1712809374753355
2.6526751302083356	2.2754505172184643
2.7526751302083357	2.3668855304037613
2.8526751302083357	2.460523687813251
2.952675130208336	2.556373158183118
3.0526751302083355	2.6544462931315254
3.152675130208335	2.754759755358125
3.2526751302083348	2.857333720684654
3.3526751302083344	2.9621916598714
3.452675130208334	3.0693601146005913
3.5526751302083337	3.178868160358641
3.6526751302083333	3.2907472242216294
3.752675130208333	3.4050309014911675
3.8526751302083326	3.5217544024957275
3.9526751302083323	3.640953334937606
4.052675130208332	3.7626697265738533
4.152675130208332	3.8869387753838427
4.252675130208331	4.013802182544177
4.352675130208331	4.143300609688869
4.4526751302083305	4.2754752961591915
4.55267513020833	4.41036833298378
4.65267513020833	4.54802127048364
4.752675130208329	4.688476398355763
4.852675130208329	4.831775820610791
4.952675130208329	4.977961238479613
5.052675130208328	5.127074623777776
5.152675130208328	5.279157342393952
5.252675130208328	5.392515583538424
5.352675130208327	5.436699775215131
5.452675130208327	5.483975416624859
5.552675130208327	5.5343821107393705
5.652675130208326	5.587959160945656
5.752675130208326	5.6447456485115035
5.8526751302083255	5.704779365811154
5.952675130208325	5.768098319039482
6.052675130208325	5.834740160954911
6.1526751302083245	5.9047409876865
6.252675130208324	5.978137837771648
6.352675130208324	6.05496690966964
6.452675130208323	6.135263113756249
6.552675130208323	6.2190631374731655
6.652675130208323	6.306401810056943
6.752675130208322	6.397314378484296
6.852675130208322	6.4918370653885455
6.952675130208322	6.590004119426821
7.052675130208321	6.691852293350425
7.152675130208321	6.797417470526591
7.2526751302083206	6.906735245295406
7.35267513020832	7.019844273802985
7.45267513020832	7.136781194633404
7.5526751302083195	7.25758485288542
7.652675130208319	7.382295976036735
7.752675130208319	7.510953888039881
7.852675130208318	7.643602102185558
7.952675130208318	7.780284364957622
8.052675130208318	7.921044620812277
8.152675130208317	8.065932170519567
8.252675130208317	8.21499527373032
8.352675130208317	8.368284770894913
8.452675130208316	8.525856852374165
8.552675130208316	8.687761598902583
8.553052734375001	8.688381242072781
1000008.5530527344	8.688381242072781
