-100001.09694726563	0
0.003052734375000199	0
0.006386067708333609	0.0017289291232833888
0.011386067708333503	0.00433070001165811
0.018886067708333565	0.008252165772807206
0.030136067708333547	0.014176554084214851
0.04701106770833352	0.023156473833563295
0.07232356770833359	0.03683277576085602
0.1102923177083337	0.057799019621896666
0.16724544270833364	0.0902254958678385
0.25267513020833365	0.1409401562469876
0.35267513020833374	0.20324408207941647
0.45267513020833383	0.2684667436283624
0.5526751302083339	0.3363735811231613
0.652675130208334	0.4067534134780043
0.7526751302083341	0.47941330032724583
0.8526751302083342	0.5541766105548481
0.952675130208334	0.6308822768242204
1.0526751302083341	0.7093855914566864
1.1526751302083342	0.7895604934582757
1.2526751302083343	0.8713024121576218
1.3526751302083344	0.9545333772016679
1.4526751302083345	1.0392066488694456
1.5526751302083346	1.1253134582668842
1.6526751302083347	1.2128906019965378
1.7526751302083348	1.30202917558565
1.8526751302083349	1.3928919753366695
1.952675130208335	1.4857475685505748
2.052675130208335	1.5808298563710073
2.152675130208335	1.6782345744415177
2.252675130208335	1.7779420847872884
2.3526751302083353	1.8799284100764433
2.4526751302083354	1.9841787991406366
2.5526751302083355	2.0906868310810265
2.6526751302083356	2.183400906748881
2.7526751302083357	2.253920151306056
2.8526751302083357	2.326720627459272
2.952675130208336	2.4018220820865848
3.0526751302083355	2.4792492556151777
3.152675130208335	2.559031089566617
3.2526751302083348	2.641200533419001
3.3526751302083344	2.7257936487073087
3.452675130208334	2.8128495387360446
3.5526751302083337	2.902409494363124
3.6526751302083333	2.994517062085703
3.752675130208333	3.089217322451915
3.8526751302083326	3.186556673997121
3.9526751302083323	3.286582518628046
4.052675130208332	3.389343008736156
4.152675130208332	3.494886751826415
4.252675130208331	3.6032626401836274
4.352675130208331	3.7145193548631177
4.4526751302083305	3.8287058521018813
4.55267513020833	3.9458701874292523
4.65267513020833	4.066060659788713
4.752675130208329	4.1893240753795675
4.852675130208329	4.31570750339765
4.952675130208329	4.445256506204602
5.052675130208328	4.578016100136444
5.152675130208328	4.7140304698790505
5.252675130208328	4.8175698014972905
5.352675130208327	4.86254206451057
5.452675130208327	4.910895575146686
5.552675130208327	4.962670715239169
5.652675130208326	5.017906919198494
5.752675130208326	5.076642720838744
5.8526751302083255	5.138915737454339
5.952675130208325	5.204763247770925
6.052675130208325	5.274221153301125
6.1526751302083245	5.347325449314413
6.252675130208324	5.424111534889095
6.352675130208324	5.504613723339744
6.452675130208323	5.588867350285352
6.552675130208323	5.676906294355818
6.652675130208323	5.768765605413732
6.752675130208322	5.864480085759463
6.852675130208322	5.964084236575366
6.952675130208322	6.067614776103943
7.052675130208321	6.175106687237226
7.152675130208321	6.286598355076442
7.2526751302083206	6.4021274435672915
7.35267513020832	6.5217331993083825
7.45267513020832	6.64545777668334
7.5526751302083195	6.77334223322338
7.652675130208319	6.905432834155509
7.752675130208319	7.041775565536449
7.852675130208318	7.182418976806967
7.952675130208318	7.327416602476152
8.052675130208318	7.476820998628764
8.152675130208317	7.630691444221149
8.252675130208317	7.789088872250082
8.352675130208317	7.952076505096367
8.452675130208316	8.119725696585494
8.552675130208316	8.292102507437626
8.553052734375001	8.292762457953323
1000008.5530527344	8.292762457953323
