-100001.09694726563	0
0.003052734375000199	0
0.006386067708333609	0.001694324517042884
0.011386067708333503	0.004243436308002009
0.018886067708333565	0.008084234450556907
0.030136067708333547	0.013883888297675399
0.04701106770833352	0.022669115767508886
0.07232356770833359	0.03603602268057739
0.1102923177083337	0.05650378946774395
0.16724544270833364	0.0881132844719721
0.25267513020833365	0.13747943084346434
0.35267513020833374	0.19804257566627945
0.45267513020833383	0.26140948826228866
0.5526751302083339	0.3273745645668103
0.652675130208334	0.3957514383328747
0.7526751302083341	0.46636504162297127
0.8526751302083342	0.5390500795672888
0.952675130208334	0.6136508916757084
1.0526751302083341	0.6900219830228913
1.1526751302083342	0.7680294136956213
1.2526751302083343	0.8475528520992494
1.3526751302083344	0.9284884148162371
1.4526751302083345	1.0107519264641511
1.5526751302083346	1.0942830740643306
1.6526751302083347	1.1790499052795418
1.7526751302083348	1.26505421961077
1.8526751302083349	1.352337535825521
1.952675130208335	1.4409879932117606
2.052675130208335	1.5311484582102255
2.152675130208335	1.6230396649764736
2.252675130208335	1.7169200671542832
2.3526751302083353	1.8129579470215496
2.4526751302083354	1.9112047053823993
2.5526751302083355	2.0116651847433573
2.6526751302083356	2.0920467712191386
2.7526751302083357	2.1406869335111955
2.8526751302083357	2.1916039007961925
2.952675130208336	2.2448336041349157
3.0526751302083355	2.300417974644749
3.152675130208335	2.3584038004112218
3.2526751302083348	2.4188420529940173
3.3526751302083344	2.4817871587595786
3.452675130208334	2.547296252090416
3.5526751302083337	2.6154286464009746
3.6526751302083333	2.686245103844208
3.752675130208333	2.7598076800416007
3.8526751302083326	2.8361788024382846
3.9526751302083323	2.915421452678704
4.052675130208332	2.997598054491251
4.152675130208332	3.0827710500457783
4.252675130208331	3.171001752160012
4.352675130208331	3.262350772899663
4.4526751302083305	3.3568772266367186
4.55267513020833	3.4546397207278083
4.65267513020833	3.555694114609658
4.752675130208329	3.660095645176995
4.852675130208329	3.7678974099227993
4.952675130208329	3.879151109729415
5.052675130208328	3.9939062920266495
5.152675130208328	4.112211147572668
5.252675130208328	4.204301151042353
5.352675130208327	4.248442182251871
5.452675130208327	4.29626640268439
5.552675130208327	4.347815092040324
5.652675130208326	4.403128098917398
5.752675130208326	4.462243704376211
5.8526751302083255	4.525199130813859
5.952675130208325	4.592030387335101
6.052675130208325	4.662772398810649
6.1526751302083245	4.737459661654597
6.252675130208324	4.816125469975835
6.352675130208324	4.898803364942306
6.452675130208323	4.9855260039031375
6.552675130208323	5.076326388184921
6.652675130208323	5.171237978150103
6.752675130208322	5.270293999596949
6.852675130208322	5.373529423098014
6.952675130208322	5.480978600836798
7.052675130208321	5.592679186562996
7.152675130208321	5.708667765230435
7.2526751302083206	5.828985360288794
7.35267513020832	5.953672607776468
7.45267513020832	6.082774124194558
7.5526751302083195	6.216336632512418
7.652675130208319	6.354408704431255
7.752675130208319	6.49704475649988
7.852675130208318	6.64429894836837
7.952675130208318	6.796233456650253
8.052675130208318	6.952911295282482
8.152675130208317	7.114400942350682
8.252675130208317	7.2807773873769905
8.352675130208317	7.452116848733027
8.452675130208316	7.6285064650530545
8.552675130208316	7.810029326069556
8.553052734375001	7.810724611887343
1000008.5530527344	7.810724611887343
