-100001.09694726563	0
0.003052734375000199	0
0.006386067708333609	0.0016619198222877685
0.011386067708333503	0.004161907404044888
0.018886067708333565	0.007927867275499679
0.030136067708333547	0.013612710920566968
0.04701106770833352	0.022220452892924642
0.07232356770833359	0.03530902807747563
0.1102923177083337	0.055334208993110805
0.16724544270833364	0.08622784240438432
0.25267513020833365	0.13441062830090744
0.35267513020833374	0.1934644923026515
0.45267513020833383	0.25519844200438324
0.5526751302083339	0.31943556028841913
0.652675130208334	0.3860136691157071
0.7526751302083341	0.454762847168738
0.8526751302083342	0.5255463296912388
0.952675130208334	0.5982157578599618
1.0526751302083341	0.6726337324957611
1.1526751302083342	0.7486703773824782
1.2526751302083343	0.8262041794657821
1.3526751302083344	0.905123653116254
1.4526751302083345	0.9853294422924105
1.5526751302083346	1.0667366847055413
1.6526751302083347	1.1492779711204884
1.7526751302083348	1.2329064882359533
1.8526751302083349	1.3175998243245601
1.952675130208335	1.4033639906203745
2.052675130208335	1.4902380117916374
2.152675130208335	1.5782993261761598
2.252675130208335	1.6676694419951883
2.3526751302083353	1.7585213969506392
2.4526751302083354	1.8510834462787433
2.5526751302083355	1.945558295197558
2.6526751302083356	2.0135034682181563
2.7526751302083357	2.0400112437823443
2.8526751302083357	2.068647211553755
2.952675130208336	2.099469826625656
3.0526751302083355	2.13254542202797
3.152675130208335	2.167946617484489
3.2526751302083348	2.2057510802210922
3.3526751302083344	2.2460402613951587
3.452675130208334	2.2888983752922956
3.5526751302083337	2.3344115210807037
3.6526751302083333	2.3826667108339326
3.752675130208333	2.4337512474508713
3.8526751302083326	2.487752073099162
3.9526751302083323	2.5447550843805535
4.052675130208332	2.6048449341447215
4.152675130208332	2.6681043492849983
4.252675130208331	2.7346139065716057
4.352675130208331	2.8044519068631195
4.4526751302083305	2.8776936370149806
4.55267513020833	2.9544118458988957
4.65267513020833	3.034676177787164
4.752675130208329	3.1185532378405574
4.852675130208329	3.20610657027324
4.952675130208329	3.297396630029873
5.052675130208328	3.3924807577264313
5.152675130208328	3.4914132360966574
5.252675130208328	3.570397064168592
5.352675130208327	3.6120576640144115
5.452675130208327	3.657712747241704
5.552675130208327	3.7074053314267146
5.652675130208326	3.7611769351732955
5.752675130208326	3.8190661211673067
5.8526751302083255	3.881110261326121
5.952675130208325	3.9473445146200437
6.052675130208325	4.017803057157329
6.1526751302083245	4.092518626708745
6.252675130208324	4.171523149478121
6.352675130208324	4.254848187401883
6.452675130208323	4.34252456624108
6.552675130208323	4.434583763873609
6.652675130208323	4.531056916094716
6.752675130208322	4.6319768859411665
6.852675130208322	4.7373762254130325
6.952675130208322	4.847290408558444
7.052675130208321	4.961754806466037
7.152675130208321	5.080809017394703
7.2526751302083206	5.204492663160523
7.35267513020832	5.332850893795386
7.45267513020832	5.465929113861939
7.5526751302083195	5.603779326277268
7.652675130208319	5.746454598383473
7.752675130208319	5.894014706385578
7.852675130208318	6.046522709812409
7.952675130208318	6.204046753002344
8.052675130208318	6.366662296200365
8.152675130208317	6.53444702235134
8.252675130208317	6.707489852584244
8.352675130208317	6.8858808551788115
8.452675130208316	7.069722961107022
8.552675130208316	7.259116985331208
8.553052734375001	7.259842805493548
1000008.5530527344	7.259842805493548
