-100001.1	0
5.213000000000001	0
5.216333333333334	0.00000000000000000000000000000000028888949165808538
5.221333333333334	0.0000000000000000000000000000000011555579666323415
5.228833333333334	0.000000000000000000000000000000004622231866529366
5.2400833333333345	0.0000000000000000000000000000000007703719777548943
5.256958333333334	0
5.282270833333334	0
5.3202395833333345	0.000000000000000000000000000000007077792545623092
5.377192708333334	0.000000000000000000000000000000004622231866529366
5.462622395833334	0.0000000000000000000000000000001633188592840376
5.562622395833333	0.00000000000000000000000000000002311115933264683
5.662622395833333	0.0000000000000000000000000000005361788965174065
5.762622395833333	0.00000000000000000000000000000022571898948218404
5.862622395833332	0.000000000000000000000000000000043140830754274083
5.962622395833332	0.00000000000000000000000000000030275618725767343
6.062622395833332	0.0000000000000000000000000000001217187724852733
6.162622395833331	0.00000000000000000000000000000006829829065283235
6.262622395833331	0.000000000000000000000000000000677927340424307
6.362622395833331	0.00000000000000000000000000000003442599775592184
6.46262239583333	0
6.56262239583333	0
6.6626223958333295	0.0000000000000000000000000000008504906634414034
6.762622395833329	0.00000000000000000000000000000026192647243666408
6.862622395833329	0.00000000000000000000000000000011863728457425373
6.962622395833328	0.0000000000000000000000000000004930380657631324
7.062622395833328	0.0000000000000000000000000000009367723249499515
7.162622395833328	0.00000000000000000000000000000005700752635386218
7.262622395833327	0.0000000000000000000000000000006409494854920721
7.362622395833327	0.0000000000000000000000000000006902532920683853
7.462622395833327	0.00000000000000000000000000000005238529448733282
7.562622395833326	0.0000000000000000000000000000020461079729169994
7.662622395833326	0.0000000000000000000000000000012141062369417137
7.762622395833326	0.00000000000000000000000000000008628166150854817
7.862622395833325	0.0000000000000000000000000000004760898822525247
7.962622395833325	0.00000000000000000000000000000019721522630525295
8.062622395833325	0.0000000000000000000000000000036792965657573754
8.162622395833324	0.000000000000000000000000000003443562740564378
8.262622395833324	0.000000000000000000000000000004209312486452743
8.362622395833323	0.00000000000000000000000000000034050441416766326
8.462622395833323	0.00000000000000000000000000000026423758836992876
8.55	0.00000000000000000000000000001975541899754651
1000008.55	0.00000000000000000000000000001975541899754651
