-100001.1	0
5.213000000000001	0
5.216333333333334	0.0028884866008287865
5.221333333333334	0.007235780645181781
5.228833333333334	0.013789108313708748
5.2400833333333345	0.023692429038258692
5.256958333333334	0.03869564566135696
5.282270833333334	0.06158376363341653
5.3202395833333345	0.09645732527326996
5.377192708333334	0.14927022568637527
5.462622395833334	0.2306598087601812
5.562622395833333	0.32941104691668344
5.662622395833333	0.4316553973426956
5.762622395833333	0.5341066476443541
5.862622395833332	0.6364714152201282
5.962622395833332	0.7414000073908318
6.062622395833332	0.8468660416885576
6.162622395833331	0.9492888507639939
6.262622395833331	1.0484385644564047
6.362622395833331	1.1578277305233584
6.46262239583333	1.2662122110054435
6.56262239583333	1.3736033915840622
6.6626223958333295	1.47749903946664
6.762622395833329	1.577300094102261
6.862622395833329	1.6764331583808345
6.962622395833328	1.7818890585653397
7.062622395833328	1.8844519086694642
7.162622395833328	1.97954928305629
7.262622395833327	2.0847439771988183
7.362622395833327	2.1983596395341043
7.462622395833327	2.310682618737699
7.562622395833326	2.416084706211647
7.662622395833326	2.522925184541158
7.762622395833326	2.623211067271533
7.862622395833325	2.725553158447645
7.962622395833325	2.8372341961282435
8.062622395833325	2.9527394885817104
8.162622395833324	3.058426342395414
8.262622395833324	3.167854471540573
8.362622395833323	3.2761025124439165
8.462622395833323	3.3809048345816497
8.55	3.4719969538235493
1000008.55	3.4719969538235493
