-100001.1	0
5.213000000000001	0
5.216333333333334	0.0031113946976452428
5.221333333333334	0.007780211612785956
5.228833333333334	0.01478730247552311
5.2400833333333345	0.025306625282138496
5.256958333333334	0.04110509596703222
5.282270833333334	0.0648460981341863
5.3202395833333345	0.10055262490143385
5.377192708333334	0.15431782452059317
5.462622395833334	0.23539911575080918
5.562622395833333	0.3309139652559188
5.662622395833333	0.427012970255039
5.762622395833333	0.523627354425248
5.862622395833332	0.6206917662397291
5.962622395833332	0.718144645453286
6.062622395833332	0.8159278595343207
6.162622395833331	0.9139865981330598
6.262622395833331	1.012269936238764
6.362622395833331	1.1107309672598555
6.46262239583333	1.209326136161134
6.56262239583333	1.3080157582330836
6.6626223958333295	1.4067644591609567
6.762622395833329	1.5055407145799753
6.862622395833329	1.604316784163847
6.962622395833328	1.703069321101808
7.062622395833328	1.8017792453249746
7.162622395833328	1.900431477832372
7.262622395833327	1.9990152891096935
7.362622395833327	2.0975217120440424
7.462622395833327	2.1959539136596384
7.562622395833326	2.2943116953834624
7.662622395833326	2.3926017302050457
7.762622395833326	2.490834897841268
7.862622395833325	2.5890266672121394
7.962622395833325	2.6871969155418065
8.062622395833325	2.7853693675106985
8.162622395833324	2.8835717984916815
8.262622395833324	2.9818368396214012
8.362622395833323	3.080200628178779
8.462622395833323	3.1787026652333386
8.55	3.264918374748641
1000008.55	3.264918374748641
