-100001.1	0
5.213000000000001	0
5.216333333333334	0.0031406027162729283
5.221333333333334	0.007853045881033398
5.228833333333334	0.014925144104081987
5.2400833333333345	0.02554098529031387
5.256958333333334	0.041482062082890375
5.282270833333334	0.06543252017255474
5.3202395833333345	0.10144354571765264
5.377192708333334	0.15564288525628317
5.462622395833334	0.23732876923716476
5.562622395833333	0.33348471709141525
5.662622395833333	0.43015868607214663
5.762622395833333	0.5272886550330276
5.862622395833332	0.6248152503718527
5.962622395833332	0.7226819212751582
6.062622395833332	0.820836041743535
6.162622395833331	0.9192286396468733
6.262622395833331	1.01781352021207
6.362622395833331	1.1165477253288694
6.46262239583333	1.2153924575891124
6.56262239583333	1.314312528583001
6.6626223958333295	1.4132757783345085
6.762622395833329	1.5122537276947385
6.862622395833329	1.6112220750735924
6.962622395833328	1.7101601412648295
7.062622395833328	1.8090506064477507
7.162622395833328	1.9078801686652758
7.262622395833327	2.0066395044157694
7.362622395833327	2.105323003840073
7.462622395833327	2.203928803104763
7.562622395833326	2.3024590332966373
7.662622395833326	2.4009195790388653
7.762622395833326	2.4993200773109
7.862622395833325	2.5976742561259996
7.962622395833325	2.6959993913212426
8.062622395833325	2.794316282449359
8.162622395833324	2.8926494332177444
8.262622395833324	2.991027530569056
8.362622395833323	3.089482105233928
8.462622395833323	3.188047881992686
8.55	3.27429279503081
1000008.55	3.27429279503081
