-100001.1	0
5.213000000000001	0
5.216333333333334	0.003095609359756454
5.221333333333334	0.007740649843688648
5.228833333333334	0.014711866707832769
5.2400833333333345	0.025176906794766613
5.256958333333334	0.040892909392240745
5.282270833333334	0.06450782743582051
5.3202395833333345	0.1000186545904455
5.377192708333334	0.1534813225126033
5.462622395833334	0.23409031101161754
5.562622395833333	0.32903372806948067
5.662622395833333	0.4245524185632517
5.762622395833333	0.5205881384610355
5.862622395833332	0.6170844728323377
5.962622395833332	0.7139890867822277
6.062622395833332	0.811252463828368
6.162622395833331	0.9088273315317283
6.262622395833331	1.0066685360959917
6.362622395833331	1.104735060496892
6.46262239583333	1.2029887685690244
6.56262239583333	1.3013940169605827
6.6626223958333295	1.399917735117172
6.762622395833329	1.4985306677280477
6.862622395833329	1.5972067818314863
6.962622395833328	1.6959226329797081
7.062622395833328	1.7946576591244203
7.162622395833328	1.8933950077878863
7.262622395833327	1.9921210063198738
7.362622395833327	2.0908249343321224
7.462622395833327	2.1894990470332214
7.562622395833326	2.2881392067184296
7.662622395833326	2.386744306808579
7.762622395833326	2.485316324769349
7.862622395833325	2.5838605090469797
7.962622395833325	2.6823851403004113
8.062622395833325	2.7809015047534476
8.162622395833324	2.8794239575368983
8.262622395833324	2.977970131786073
8.362622395833323	3.0765601834887626
8.462622395833323	3.1752169723372266
8.55	3.2614949325221465
1000008.55	3.2614949325221465
