-100001.1	0
5.213000000000001	0
5.216333333333334	0.0030280147676395057
5.221333333333334	0.0075720223218985775
5.228833333333334	0.014390715006631166
5.2400833333333345	0.02462781354717465
5.256958333333334	0.04000220873423255
5.282270833333334	0.06310550549333646
5.3202395833333345	0.09785208185067622
5.377192708333334	0.15017313334367247
5.462622395833334	0.22908668174546426
5.562622395833333	0.3220788499439322
5.662622395833333	0.41568926791232097
5.762622395833333	0.5098741360604164
5.862622395833332	0.6045837193551329
5.962622395833332	0.699772276585185
6.062622395833332	0.7953995019848574
6.162622395833331	0.8914240722737696
6.262622395833331	0.9878084599040644
6.362622395833331	1.0845163828025235
6.46262239583333	1.181514121744424
6.56262239583333	1.278769787707829
6.6626223958333295	1.376253609352234
6.762622395833329	1.4739379114405422
6.862622395833329	1.571791159030987
6.962622395833328	1.6698060897891367
7.062622395833328	1.7679472118429806
7.162622395833328	1.866198883727129
7.262622395833327	1.964544259660341
7.362622395833327	2.062966728393125
7.462622395833327	2.161453829043361
7.562622395833326	2.2599934536117092
7.662622395833326	2.358575206787482
7.762622395833326	2.457191588104944
7.862622395833325	2.5558362651562834
7.962622395833325	2.654504394818892
8.062622395833325	2.753192425138942
8.162622395833324	2.85189784719446
8.262622395833324	2.9506202480327937
8.362622395833323	3.049360264383022
8.462622395833323	3.1481185425593576
8.55	3.2344295459200283
1000008.55	3.2344295459200283
