-100001.1	0
5.213000000000001	0
5.216333333333334	0.00309642162356271
5.221333333333334	0.007742265740521637
5.228833333333334	0.014713764399263937
5.2400833333333345	0.025177178046376165
5.256958333333334	0.04088621910410824
5.282270833333334	0.06447999104524044
5.3202395833333345	0.09993834291751187
5.377192708333334	0.1532735562909092
5.462622395833334	0.23359451904290757
5.562622395833333	0.3280707460168012
5.662622395833333	0.42300274931701
5.762622395833333	0.518359281861322
5.862622395833332	0.6141023874442668
5.962622395833332	0.7102011536306295
6.062622395833332	0.8066248510417481
6.162622395833331	0.9033442895275998
6.262622395833331	1.0003317143946806
6.362622395833331	1.09755801591193
6.46262239583333	1.1950002820937387
6.56262239583333	1.2926374652802146
6.6626223958333295	1.3904478584447755
6.762622395833329	1.488411400270825
6.862622395833329	1.5865094822480417
6.962622395833328	1.6847249518106597
7.062622395833328	1.7830420623530816
7.162622395833328	1.8814464723276099
7.262622395833327	1.979925198723601
7.362622395833327	2.078466577894073
7.462622395833327	2.177060206243929
7.562622395833326	2.275696914508211
7.662622395833326	2.374368708114934
7.762622395833326	2.4730687182299764
7.862622395833325	2.571791100437618
7.962622395833325	2.6705310073074715
8.062622395833325	2.769284518484058
8.162622395833324	2.868048505466898
8.262622395833324	2.966820615578247
8.362622395833323	3.0655991355026364
8.462622395833323	3.1643828885454686
8.55	3.250701579472602
1000008.55	3.250701579472602
