-100001.1	0
5.213000000000001	0
5.216333333333334	0.003145263718583002
5.221333333333334	0.007864026085056826
5.228833333333334	0.014944112182195646
5.2400833333333345	0.025568588692861677
5.256958333333334	0.04151510823236929
5.282270833333334	0.06545692495393982
5.3202395833333345	0.1014172000611673
5.377192708333334	0.15546338622518777
5.462622395833334	0.23675964287214965
5.562622395833333	0.33224789184540504
5.662622395833333	0.42806431586319016
5.762622395833333	0.5241843758473115
5.862622395833332	0.6205847125218104
5.962622395833332	0.7172408410167144
6.062622395833332	0.8141334622330588
6.162622395833331	0.9112417810994049
6.262622395833331	1.008548534693114
6.362622395833331	1.1060357277659325
6.46262239583333	1.2036864526388895
6.56262239583333	1.3014848250056135
6.6626223958333295	1.399415969882782
6.762622395833329	1.4974660277802805
6.862622395833329	1.5956221258560346
6.962622395833328	1.693872327536847
7.062622395833328	1.7922056612154067
7.162622395833328	1.8906120608054042
7.262622395833327	1.9890823478797532
7.362622395833327	2.0876081870283127
7.462622395833327	2.18618203146085
7.562622395833326	2.2847971260059077
7.662622395833326	2.38344741886437
7.762622395833326	2.4821275564874608
7.862622395833325	2.5808328164955974
7.962622395833325	2.679559030612931
8.062622395833325	2.778302535811483
8.162622395833324	2.8770601351539464
8.262622395833324	2.9758290039732813
8.362622395833323	3.0746066429384777
8.462622395833323	3.1733907864293185
8.55	3.2597096970975254
1000008.55	3.2597096970975254
