-100001.1	0
5.213000000000001	0
5.216333333333334	0.003179662741917289
5.221333333333334	0.007949741460080748
5.228833333333334	0.015106187380034221
5.2400833333333345	0.025843884393659304
5.256958333333334	0.041957092026485045
5.282270833333334	0.06614145740545344
5.3202395833333345	0.10245003010015812
5.377192708333334	0.15698554018726568
5.462622395833334	0.23894404217622525
5.562622395833333	0.3351025828230665
5.662622395833333	0.4314892539975162
5.762622395833333	0.5280873952959118
5.862622395833332	0.6248839447303423
5.962622395833332	0.7218650238451603
6.062622395833332	0.8190174438137882
6.162622395833331	0.9163286943600489
6.262622395833331	1.01378691322518
6.362622395833331	1.111380907615913
6.46262239583333	1.2091001126378613
6.56262239583333	1.3069345984207827
6.6626223958333295	1.4048750367301686
6.762622395833329	1.502912676853948
6.862622395833329	1.6010393444923918
6.962622395833328	1.6992474108962203
7.062622395833328	1.7975297504733292
7.162622395833328	1.8958797190279792
7.262622395833327	1.9942911429805148
7.362622395833327	2.092758290196822
7.462622395833327	2.1912757952113027
7.562622395833326	2.2898386575147396
7.662622395833326	2.3884421954116988
7.762622395833326	2.4870819951363683
7.862622395833325	2.5857538703465766
7.962622395833325	2.6844538329148464
8.062622395833325	2.7831780325400777
8.162622395833324	2.881922688372595
8.262622395833324	2.9806840506379397
8.362622395833323	3.0794583594526066
8.462622395833323	3.1782417946427053
8.55	3.264560699886861
1000008.55	3.264560699886861
