-100001.1	0
5.213000000000001	0
5.216333333333334	0.0031927071840019594
5.221333333333334	0.007982231070135733
5.228833333333334	0.015167560553030783
5.2400833333333345	0.025947909674801598
5.256958333333334	0.04212367885025029
5.282270833333334	0.06639844676309009
5.3202395833333345	0.10283624259599952
5.377192708333334	0.15755322586752465
5.462622395833334	0.2397548107595179
5.562622395833333	0.3361595756585992
5.662622395833333	0.43275170082427616
5.762622395833333	0.5295197841566913
5.862622395833332	0.6264529642508709
5.962622395833332	0.7235409117607516
6.062622395833332	0.8207737927944324
6.162622395833331	0.9181422984251046
6.262622395833331	1.0156376199956636
6.362622395833331	1.1132513970025575
6.46262239583333	1.2109757674770307
6.56262239583333	1.3088033132506556
6.6626223958333295	1.4067270103873302
6.762622395833329	1.5047402729576718
6.862622395833329	1.602836887677076
6.962622395833328	1.7010110165557804
7.062622395833328	1.799257138175594
7.162622395833328	1.8975700428830666
7.262622395833327	1.9959447873830454
7.362622395833327	2.0943766830317503
7.462622395833327	2.1928612522218196
7.562622395833326	2.291394187769521
7.662622395833326	2.3899713136134917
7.762622395833326	2.488588555389948
7.862622395833325	2.58724188581072
7.962622395833325	2.6859272921639885
8.062622395833325	2.784640746909989
8.162622395833324	2.8833781259421336
8.262622395833324	2.9821351676961263
8.362622395833323	3.080907446403499
8.462622395833323	3.1796903113639927
8.55	3.2660091634065735
1000008.55	3.2660091634065735
