-100001.1	0
5.213000000000001	0
5.216333333333334	0.003213158526596234
5.221333333333334	0.00803320150533028
5.228833333333334	0.01526394192958279
5.2400833333333345	0.02611153749210159
5.256958333333334	0.042386151991130105
5.282270833333334	0.06680493049554918
5.3202395833333345	0.10344855848727766
5.377192708333334	0.15845166198681992
5.462622395833334	0.24103613802604015
5.562622395833333	0.3378238284241533
5.662622395833333	0.4347336566662292
5.762622395833333	0.5317606035195244
5.862622395833332	0.6288995950117808
5.962622395833332	0.7261460494812618
6.062622395833332	0.823495580894811
6.162622395833331	0.9209440453832014
6.262622395833331	1.0184874990954877
6.362622395833331	1.1161221967426245
6.46262239583333	1.2138446062995139
6.56262239583333	1.3116513301918806
6.6626223958333295	1.4095390944827597
6.762622395833329	1.5075047741172034
6.862622395833329	1.605545325337963
6.962622395833328	1.703657754280221
7.062622395833328	1.801839131898731
7.162622395833328	1.900086522790666
7.262622395833327	1.9983969632218257
7.362622395833327	2.0967674515673074
7.462622395833327	2.1951948840081115
7.562622395833326	2.293676058409314
7.662622395833326	2.392207593805936
7.762622395833326	2.4907859165222614
7.862622395833325	2.589407246445655
7.962622395833325	2.688067529294982
8.062622395833325	2.7867623808626707
8.162622395833324	2.885487080866583
8.262622395833324	2.9842365037607483
8.362622395833323	3.0830051071442193
8.462622395833323	3.1817868747622233
8.55	3.2681056152791044
1000008.55	3.2681056152791044
