-100001.1	0
5.213000000000001	0
5.216333333333334	0.003221653390661922
5.221333333333334	0.00805435479808477
5.228833333333334	0.015303904433562103
5.2400833333333345	0.026179346925573763
5.256958333333334	0.04249502155633897
5.282270833333334	0.06697404394270888
5.3202395833333345	0.10370419964368714
5.377192708333334	0.1588280020393204
5.462622395833334	0.2415757174830782
5.562622395833333	0.33852877523406705
5.662622395833333	0.4355784376199346
5.762622395833333	0.5327221791542752
5.862622395833332	0.629957064170509
5.962622395833332	0.7272807005076942
6.062622395833332	0.824690753808455
6.162622395833331	0.9221850260631361
6.262622395833331	1.019761423910079
6.362622395833331	1.117417951717347
6.46262239583333	1.2151526766680218
6.56262239583333	1.3129637426457443
6.6626223958333295	1.4108493135581628
6.762622395833329	1.5088075607193137
6.862622395833329	1.606836647843591
6.962622395833328	1.7049346638945744
7.062622395833328	1.8030996424852195
7.162622395833328	1.901329535905003
7.262622395833327	1.9996221516395913
7.362622395833327	2.097975124529419
7.462622395833327	2.196385919571884
7.562622395833326	2.2948517495395206
7.662622395833326	2.393369593349714
7.762622395833326	2.4919361130773225
7.862622395833325	2.5905476416461575
7.962622395833325	2.6892001588604755
8.062622395833325	2.787889226424238
8.162622395833324	2.8866099561439995
8.262622395833324	2.9853569921058263
8.362622395833323	3.0841244491328776
8.462622395833323	3.182905872215578
8.55	3.269224582756326
1000008.55	3.269224582756326
