-100001.1	0
5.213000000000001	0
5.216333333333334	0.0032297524204458815
5.221333333333334	0.008074536053553487
5.228833333333334	0.015342064470613526
5.2400833333333345	0.026244165540068608
5.256958333333334	0.04259918429481102
5.282270833333334	0.06713602433088917
5.3202395833333345	0.10395014231594298
5.377192708333334	0.15919219667005308
5.462622395833334	0.2421024435168638
5.562622395833333	0.33922396543936323
5.662622395833333	0.43642060662838544
5.762622395833333	0.5336914050422809
5.862622395833332	0.6310354767261707
5.962622395833332	0.7284520316733477
6.062622395833332	0.8259403411384102
6.162622395833331	0.9234997417691532
6.262622395833331	1.0211295987082558
6.362622395833331	1.1188292663242798
6.46262239583333	1.2165980971301595
6.56262239583333	1.314435441711959
6.6626223958333295	1.4123405813581824
6.762622395833329	1.5103127057329586
6.862622395833329	1.6083509271815626
6.962622395833328	1.7064542243098744
7.062622395833328	1.804621419328835
7.162622395833328	1.9028511527392085
7.262622395833327	2.0011418590782
7.362622395833327	2.0994917483443682
7.462622395833327	2.1978987470244356
7.562622395833326	2.296360479015131
7.662622395833326	2.3948742363342217
7.762622395833326	2.493436954601365
7.862622395833325	2.592045147998394
7.962622395833325	2.6906949028469094
8.062622395833325	2.789381853039858
8.162622395833324	2.888101120850561
8.262622395833324	2.98684728160448
8.362622395833323	3.085614336849093
8.462622395833323	3.1843956671234848
8.55	3.2707143991102234
1000008.55	3.2707143991102234
