-100001.1	0
5.213000000000001	0
5.216333333333334	0.0032380304954908595
5.221333333333334	0.008095190615728536
5.228833333333334	0.015381189432554683
5.2400833333333345	0.026310774000859523
5.256958333333334	0.042706485047905564
5.282270833333334	0.06730311408280719
5.3202395833333345	0.1042045406326374
5.377192708333334	0.15957163020312667
5.462622395833334	0.2426568195588546
5.562622395833333	0.3399648925116159
5.662622395833333	0.4373298214586207
5.762622395833333	0.5347519895051762
5.862622395833332	0.6322318084969601
5.962622395833332	0.7297697103234898
6.062622395833332	0.8273661321980913
6.162622395833331	0.9250214925440627
6.262622395833331	1.0227362103312472
6.362622395833331	1.1205106352992935
6.46262239583333	1.218345055040382
6.56262239583333	1.3162396751474534
6.6626223958333295	1.4141945949177848
6.762622395833329	1.5122097664842766
6.862622395833329	1.6102850142585272
6.962622395833328	1.7084200654433075
7.062622395833328	1.8066140231441656
7.162622395833328	1.9048664218758233
7.262622395833327	2.0031760849274156
7.362622395833327	2.101541665500414
7.462622395833327	2.1999615160984467
7.562622395833326	2.2984336411478514
7.662622395833326	2.396955696550883
7.762622395833326	2.4955249137635818
7.862622395833325	2.5941380751211582
7.962622395833325	2.6927915239825344
8.062622395833325	2.791481119261777
8.162622395833324	2.8902021816534846
8.262622395833324	2.98894945701458
8.362622395833323	3.0877171254940268
8.462622395833323	3.1864987249643817
8.55	3.2728175360728105
1000008.55	3.2728175360728105
