-100001.1	0
5.213000000000001	0
5.216333333333334	0.003257441148213085
5.221333333333334	0.008143650196734405
5.228833333333334	0.01547307254673645
5.2400833333333345	0.026467458551768883
5.256958333333334	0.04295963173247017
5.282270833333334	0.06769931645728824
5.3202395833333345	0.10481198377202339
5.377192708333334	0.16048747190701726
5.462622395833334	0.24401632030534098
5.562622395833333	0.3418159654249515
5.662622395833333	0.43964366149542244
5.762622395833333	0.5375009164538518
5.862622395833332	0.6353891928028279
5.962622395833332	0.7333096617847192
6.062622395833332	0.8312638933076401
6.162622395833331	0.9292532854182713
6.262622395833331	1.0272790877719604
6.362622395833331	1.1253424551415052
6.46262239583333	1.2234444558787425
6.56262239583333	1.321586037549799
6.6626223958333295	1.419767988964504
6.762622395833329	1.5179909536995209
6.862622395833329	1.6162554320697358
6.962622395833328	1.714561718032928
7.062622395833328	1.812909896946778
7.162622395833328	1.9112998492282018
7.262622395833327	2.009731190898689
7.362622395833327	2.10820330089513
7.462622395833327	2.2067152720741934
7.562622395833326	2.3052658714403598
7.662622395833326	2.4038535766430438
7.762622395833326	2.5024765081938045
7.862622395833325	2.601132418484671
7.962622395833325	2.699818687545619
8.062622395833325	2.7985322830300365
8.162622395833324	2.897269737337137
8.262622395833324	2.9960271263050458
8.362622395833323	3.094800051765059
8.462622395833323	3.1935836137557954
8.55	3.2799028599163456
1000008.55	3.2799028599163456
