-100001.1	0
5.213000000000001	0
5.216333333333334	0.0032697605726304747
5.221333333333334	0.008174420784894334
5.228833333333334	0.015531456882633594
5.2400833333333345	0.026567121573768615
5.256958333333334	0.04312089278654358
5.282270833333334	0.06795225232731308
5.3202395833333345	0.10520099332831052
5.377192708333334	0.1610777013794343
5.462622395833334	0.24490120146392244
5.562622395833333	0.3430349605231532
5.662622395833333	0.441184923200028
5.762622395833333	0.539352385925788
5.862622395833332	0.6375386073380186
5.962622395833332	0.7357455477116011
6.062622395833332	0.8339752550061408
6.162622395833331	0.9322272247550198
6.262622395833331	1.0305024818036808
6.362622395833331	1.1288020121270517
6.46262239583333	1.2271267128426728
6.56262239583333	1.325477398805359
6.6626223958333295	1.423854130072454
6.762622395833329	1.522258659794704
6.862622395833329	1.6206903016103373
6.962622395833328	1.7191506137952517
7.062622395833328	1.8176384721864982
7.162622395833328	1.9161552287699726
7.262622395833327	2.014700076546768
7.362622395833327	2.113272597145743
7.462622395833327	2.211871528026648
7.562622395833326	2.310497523758549
7.662622395833326	2.4091481911404635
7.762622395833326	2.5078236412771475
7.862622395833325	2.6065216830929954
7.962622395833325	2.705239993318591
8.062622395833325	2.8039776095383644
8.162622395833324	2.902731169250747
8.262622395833324	3.0014988571128964
8.362622395833323	3.1002769296452266
8.462622395833323	3.1990625957011023
8.55	3.2853822262837156
1000008.55	3.2853822262837156
