-100001.1	0
5.213000000000001	0
5.216333333333334	0.003284627440998083
5.221333333333334	0.008211559076304045
5.228833333333334	0.015601944633756885
5.2400833333333345	0.02668752878803103
5.256958333333334	0.04331598451303859
5.282270833333334	0.06825887223997701
5.3202395833333345	0.10567365224298972
5.377192708333334	0.16179685726329063
5.462622395833334	0.24598431168361964
5.562622395833333	0.34453461139861624
5.662622395833333	0.44309020428788615
5.762622395833333	0.5416516538978794
5.862622395833332	0.6402194703355916
5.962622395833332	0.7387943030763614
6.062622395833332	0.8373767775850244
6.162622395833331	0.935967124378092
6.262622395833331	1.0345658042165888
6.362622395833331	1.1331732236935999
6.46262239583333	1.2317899512956123
6.56262239583333	1.3304162185455675
6.6626223958333295	1.4290526987380314
6.762622395833329	1.5276988040166488
6.862622395833329	1.6263555463266774
6.962622395833328	1.7250222248347515
7.062622395833328	1.8236998236039297
7.162622395833328	1.9223874351610841
7.262622395833327	2.021085464027323
7.362622395833327	2.119793820719258
7.462622395833327	2.2185128154648153
7.562622395833326	2.3172412022141993
7.662622395833326	2.4159795379435067
7.762622395833326	2.5147264675395173
7.862622395833325	2.613496030954153
7.962622395833325	2.712245484254374
8.062622395833325	2.8110157983500565
8.162622395833324	2.909792506911244
8.262622395833324	3.008574151663565
8.362622395833323	3.107359935068216
8.462622395833323	3.206148366954282
8.55	3.292468502770095
1000008.55	3.292468502770095
