-100001.1	0
5.213000000000001	0
5.216333333333334	0.003293000000000492
5.221333333333334	0.008232500000000354
5.228833333333334	0.015641750000000582
5.2400833333333345	0.026755625000000918
5.256958333333334	0.043426437500000546
5.282270833333334	0.06843265625000046
5.3202395833333345	0.10594198437500031
5.377192708333334	0.1622059765624996
5.462622395833334	0.2466019648437487
5.562622395833333	0.3453919648437477
5.662622395833333	0.4441819648437467
5.762622395833333	0.5429719648437455
5.862622395833332	0.6417619648437443
5.962622395833332	0.7405519648437443
6.062622395833332	0.8393419648437419
6.162622395833331	0.9381319648437404
6.262622395833331	1.036921964843741
6.362622395833331	1.1357119648437393
6.46262239583333	1.2345019648437392
6.56262239583333	1.3332919648437378
6.6626223958333295	1.4320819648437362
6.762622395833329	1.530871964843736
6.862622395833329	1.6296619648437347
6.962622395833328	1.7284519648437318
7.062622395833328	1.8272419648437348
7.162622395833328	1.926031964843729
7.262622395833327	2.024821964843729
7.362622395833327	2.1236119648437297
7.462622395833327	2.2224019648437254
7.562622395833326	2.321191964843724
7.662622395833326	2.4199819648437235
7.762622395833326	2.5187719648437232
7.862622395833325	2.617565214411171
7.962622395833325	2.7163519648437275
8.062622395833325	2.8151419648437197
8.162622395833324	2.913931964843719
8.262622395833324	3.0127219648437205
8.362622395833323	3.1115119648437193
8.462622395833323	3.210301964843715
8.55	3.296622299999983
1000008.55	3.296622299999983
