-100001.1	0
0	0
0.0033333333333334103	0
0.008333333333333304	0
0.015833333333333366	0
0.027083333333333348	0
0.04395833333333332	0
0.06927083333333339	0
0.1072395833333335	0
0.16419270833333344	0
0.24962239583333345	0
0.34962239583333354	0
0.44962239583333363	0
0.5496223958333337	0
0.6496223958333338	0
0.7496223958333339	0
0.849622395833334	0
0.9496223958333339	0
1.049622395833334	0
1.149622395833334	0
1.2496223958333341	0
1.3496223958333342	0
1.4496223958333343	0
1.5496223958333344	0
1.6496223958333345	0
1.7496223958333346	0
1.8496223958333347	0
1.9496223958333347	0
2.049622395833335	0
2.149622395833335	0
2.249622395833335	0
2.349622395833335	0
2.449622395833335	0
2.5496223958333353	0
2.6496223958333354	0.000000000000008377317312149397
2.7496223958333355	0.000000000000008687860544190745
2.8496223958333355	0.000000000000008992338333734237
2.9496223958333356	0.00000000000000929075068077987
3.0496223958333353	0.000000000000009583097585327649
3.149622395833335	0.000000000000009869379047377572
3.2496223958333346	0.000000000000010149595066929637
3.349622395833334	0.000000000000010423745643983846
3.449622395833334	0.0000000000000106918307785402
3.5496223958333335	0.000000000000010953850470598696
3.649622395833333	0.000000000000011209804720159338
3.749622395833333	0.000000000000011459693527222123
3.8496223958333324	0.00000000000001170351689178705
3.949622395833332	0.000000000000011941274813854125
4.049622395833332	0.000000000000012172967293423337
4.149622395833331	0.0000000000000123985943304947
4.249622395833331	0.000000000000012618155925068204
4.349622395833331	0.000000000000012831652077143852
4.44962239583333	0.00000000000001303908278672164
4.54962239583333	0.000000000000013240448053801578
4.64962239583333	0.000000000000013435747878383655
4.749622395833329	0.00000000000001362498226046788
4.849622395833329	0.000000000000013808151200054247
4.9496223958333285	0.000000000000013985254697142755
5.049622395833328	0.000000000000014156292751733413
5.149622395833328	0.000000000000014321265363826207
5.2496223958333275	1.0422397732479562
5.349622395833327	1.1852070530034586
5.449622395833327	1.2679182211358326
5.549622395833326	1.3531753593036877
5.649622395833326	1.4133226998109312
5.749622395833326	1.4597557178422316
5.849622395833325	1.599459102488206
5.949622395833325	1.5819476157807584
6.049622395833325	1.7736499943271946
6.149622395833324	1.8913772144772487
6.249622395833324	1.9351142556787708
6.3496223958333236	2.000034072397382
6.449622395833323	2.16019209221117
6.549622395833323	2.2346671389133883
6.6496223958333225	2.334918816881217
6.749622395833322	2.427892653931632
6.849622395833322	2.413931245155813
6.949622395833321	2.558383173527913
7.049622395833321	2.6572689774867695
7.149622395833321	2.7679497904845927
7.24962239583332	2.9069694617368014
7.34962239583332	3.007284055883225
7.44962239583332	3.1056768953657503
7.549622395833319	3.1739843832381216
7.649622395833319	3.276211565292346
7.749622395833319	3.3834177669513523
7.849622395833318	3.480164113422415
7.949622395833318	3.570594905273896
8.049622395833318	3.653243080629052
8.149622395833317	3.7183479136181057
8.249622395833317	3.819288283590521
8.349622395833316	3.9114476310173782
8.449622395833316	3.99756142392134
8.549622395833316	4.095711244179794
8.55	4.1300911079944935
1000008.55	4.1300911079944935
