-100001.1	0
0	0
0.0033333333333334103	0.0032929999999996144
0.008333333333333304	0.008232499999999476
0.015833333333333366	0.01564174999999949
0.027083333333333348	0.026755624999999388
0.04395833333333332	0.04342643749999924
0.06927083333333339	0.06843265624999914
0.1072395833333335	0.10594198437499898
0.16419270833333344	0.1622059765624985
0.24962239583333345	0.24660196484374802
0.34962239583333354	0.3453919648437473
0.44962239583333363	0.44418196484374667
0.5496223958333337	0.5429719648437462
0.6496223958333338	0.6417619648437455
0.7496223958333339	0.740551964843745
0.849622395833334	0.8393419648437442
0.9496223958333339	0.9381319648437437
1.049622395833334	1.036921964843743
1.149622395833334	1.1357119648437424
1.2496223958333341	1.2345019648437416
1.3496223958333342	1.3332919648437411
1.4496223958333343	1.4320819648437404
1.5496223958333344	1.5308719648437394
1.6496223958333345	1.6296619648437394
1.7496223958333346	1.728451964843739
1.8496223958333347	1.8272419648437381
1.9496223958333347	1.9260319648437376
2.049622395833335	2.024821964843737
2.149622395833335	2.123611964843737
2.249622395833335	2.2224019648437356
2.349622395833335	2.3211919648437345
2.449622395833335	2.419981964843735
2.5496223958333353	2.518771964843733
2.6496223958333354	2.6175619648437327
2.7496223958333355	2.7163519648437324
2.8496223958333355	2.815141964843731
2.9496223958333356	2.9139319648437314
3.0496223958333353	3.0127219648437302
3.149622395833335	3.111511964843731
3.2496223958333346	3.210301964843728
3.349622395833334	3.3090919648437267
3.449622395833334	3.4078819648437277
3.5496223958333335	3.5066719648437257
3.649622395833333	3.6054619648437254
3.749622395833333	3.7042519648437224
3.8496223958333324	3.8030419648437226
3.949622395833332	3.9018319648437214
4.049622395833332	4.000621964843719
4.149622395833331	4.0994119648437195
4.249622395833331	4.198201964843718
4.349622395833331	4.2969919648437145
4.44962239583333	4.395781964843717
4.54962239583333	4.494571964843716
4.64962239583333	4.593361964843713
4.749622395833329	4.6921519648437116
4.849622395833329	4.790941964843711
4.9496223958333285	4.88973196484371
5.049622395833328	4.988521964843712
5.149622395833328	5.08731196484371
5.2496223958333275	5.18610196484371
5.349622395833327	5.284891964843711
5.449622395833327	5.383681964843707
5.549622395833326	5.482471964843704
5.649622395833326	5.581261964843706
5.749622395833326	5.6800519648437
5.849622395833325	5.778841964843702
5.949622395833325	5.8776319648437
6.049622395833325	5.976421964843701
6.149622395833324	6.0752119648437
6.249622395833324	6.1740019648437015
6.3496223958333236	6.272791964843693
6.449622395833323	6.3715819648436955
6.549622395833323	6.470371964843694
6.6496223958333225	6.569161964843693
6.749622395833322	6.667951964843698
6.849622395833322	6.76674196484369
6.949622395833321	6.86553196484369
7.049622395833321	6.964321964843693
7.149622395833321	7.06311196484369
7.24962239583332	7.161901964843688
7.34962239583332	7.2606919648436845
7.44962239583332	7.359481964843685
7.549622395833319	7.458271964843682
7.649622395833319	7.557061964843685
7.749622395833319	7.65585196484368
7.849622395833318	7.754641964843681
7.949622395833318	7.853431964843679
8.049622395833318	7.9522219648436785
8.149622395833317	8.05101196484368
8.249622395833317	8.149801964843673
8.349622395833316	8.248591964843673
8.449622395833316	8.347381964843674
8.549622395833316	8.446171964843673
8.55	8.44654499999994
1000008.55	8.44654499999994
