-100001.1	0
0	0
0.0033333333333334103	0.003292999999999678
0.008333333333333304	0.008232499999999632
0.015833333333333366	0.015641749999999784
0.027083333333333348	0.0267556249999999
0.04395833333333332	0.04342643750000009
0.06927083333333339	0.06843265625000045
0.1072395833333335	0.10594198437500103
0.16419270833333344	0.16220597656250166
0.24962239583333345	0.24660196484375269
0.34962239583333354	0.3453919648437539
0.44962239583333363	0.44418196484375533
0.5496223958333337	0.5429719648437566
0.6496223958333338	0.6417619648437579
0.7496223958333339	0.7405519648437592
0.849622395833334	0.8393419648437603
0.9496223958333339	0.9381319648437617
1.049622395833334	1.0369219648437633
1.149622395833334	1.1357119648437628
1.2496223958333341	1.2345019648437643
1.3496223958333342	1.3332919648437658
1.4496223958333343	1.432081964843767
1.5496223958333344	1.5308719648437645
1.6496223958333345	1.6296619648437656
1.7496223958333346	1.728451964843767
1.8496223958333347	1.8272419648437677
1.9496223958333347	1.926031964843769
2.049622395833335	2.0248219648437704
2.149622395833335	2.1236119648437715
2.249622395833335	2.2224019648437734
2.349622395833335	2.321191964843773
2.449622395833335	2.4199819648437746
2.5496223958333353	2.518771964843775
2.6496223958333354	2.617561964843776
2.7496223958333355	2.7163519648437773
2.8496223958333355	2.815141964843777
2.9496223958333356	2.9139319648437785
3.0496223958333353	3.0127219648437795
3.149622395833335	3.1115119648437797
3.2496223958333346	3.2103019648437807
3.349622395833334	3.3090919648437804
3.449622395833334	3.4078819648437806
3.5496223958333335	3.506671964843778
3.649622395833333	3.605461964843778
3.749622395833333	3.704251964843778
3.8496223958333324	3.803041964843777
3.949622395833332	3.901831964843778
4.049622395833332	4.000621964843779
4.149622395833331	4.099411964843783
4.249622395833331	4.19820196484378
4.349622395833331	4.29699196484378
4.44962239583333	4.39578196484378
4.54962239583333	4.494571964843781
4.64962239583333	4.593361964843781
4.749622395833329	4.692151964843779
4.849622395833329	4.790941964843779
4.9496223958333285	4.889731964843779
5.049622395833328	4.988521964843779
5.149622395833328	5.08731196484378
5.2496223958333275	5.186101964843779
5.349622395833327	5.284891964843778
5.449622395833327	5.383681964843782
5.549622395833326	5.482471964843781
5.649622395833326	5.58126196484378
5.749622395833326	5.680051964843779
5.849622395833325	5.778841964843779
5.949622395833325	5.877631964843776
6.049622395833325	5.976421964843778
6.149622395833324	6.075211964843777
6.249622395833324	6.174001964843778
6.3496223958333236	6.272791964843777
6.449622395833323	6.371581964843778
6.549622395833323	6.470371964843778
6.6496223958333225	6.569161964843781
6.749622395833322	6.667951964843777
6.849622395833322	6.76674196484378
6.949622395833321	6.865531964843777
7.049622395833321	6.964321964843777
7.149622395833321	7.063111964843778
7.24962239583332	7.161901964843777
7.34962239583332	7.260691964843781
7.44962239583332	7.359481964843775
7.549622395833319	7.45827196484378
7.649622395833319	7.557061964843782
7.749622395833319	7.655851964843782
7.849622395833318	7.754641964843781
7.949622395833318	7.853431964843786
8.049622395833318	7.952221964843785
8.149622395833317	8.051011964843786
8.249622395833317	8.149801964843787
8.349622395833316	8.248591964843785
8.449622395833316	8.347381964843784
8.549622395833316	8.44617196484379
8.55	8.446545000000055
1000008.55	8.446545000000055
