-100001.1	0
0	0
0.0033333333333334103	0.003292999999999678
0.008333333333333304	0.008232499999999634
0.015833333333333366	0.015641749999999784
0.027083333333333348	0.026755624999999904
0.04395833333333332	0.04342643750000008
0.06927083333333339	0.06843265625000046
0.1072395833333335	0.10594198437500103
0.16419270833333344	0.16220597656250169
0.24962239583333345	0.24660196484375269
0.34962239583333354	0.345391964843754
0.44962239583333363	0.4441819648437553
0.5496223958333337	0.5429719648437565
0.6496223958333338	0.641761964843758
0.7496223958333339	0.740551964843759
0.849622395833334	0.8393419648437603
0.9496223958333339	0.9381319648437615
1.049622395833334	1.0369219648437629
1.149622395833334	1.1357119648437624
1.2496223958333341	1.2345019648437632
1.3496223958333342	1.3332919648437644
1.4496223958333343	1.4320819648437655
1.5496223958333344	1.5308719648437654
1.6496223958333345	1.6296619648437665
1.7496223958333346	1.7284519648437677
1.8496223958333347	1.8272419648437688
1.9496223958333347	1.9260319648437696
2.049622395833335	2.0248219648437713
2.149622395833335	2.123611964843772
2.249622395833335	2.222401964843772
2.349622395833335	2.3211919648437718
2.449622395833335	2.4199819648437755
2.5496223958333353	2.518771964843776
2.6496223958333354	2.617561964843776
2.7496223958333355	2.716351964843777
2.8496223958333355	2.8151419648437783
2.9496223958333356	2.9139319648437776
3.0496223958333353	3.0127219648437795
3.149622395833335	3.1115119648437792
3.2496223958333346	3.2103019648437794
3.349622395833334	3.3090919648437813
3.449622395833334	3.4078819648437815
3.5496223958333335	3.5066719648437794
3.649622395833333	3.605461964843781
3.749622395833333	3.704251964843782
3.8496223958333324	3.8030419648437803
3.949622395833332	3.9018319648437823
4.049622395833332	4.0006219648437815
4.149622395833331	4.0994119648437835
4.249622395833331	4.198201964843784
4.349622395833331	4.296991964843784
4.44962239583333	4.395781964843783
4.54962239583333	4.494571964843784
4.64962239583333	4.593361964843785
4.749622395833329	4.692151964843785
4.849622395833329	4.790941964843786
4.9496223958333285	4.889731964843786
5.049622395833328	4.9885219648437875
5.149622395833328	5.087311964843789
5.2496223958333275	5.186101964843788
5.349622395833327	5.284891964843787
5.449622395833327	5.383681964843788
5.549622395833326	5.482471964843788
5.649622395833326	5.581261964843789
5.749622395833326	5.6800519648437895
5.849622395833325	5.778841964843789
5.949622395833325	5.877631964843788
6.049622395833325	5.976421964843793
6.149622395833324	6.07521196484379
6.249622395833324	6.17400196484379
6.3496223958333236	6.272791964843793
6.449622395833323	6.371581964843793
6.549622395833323	6.4703719648437925
6.6496223958333225	6.569161964843794
6.749622395833322	6.667951964843793
6.849622395833322	6.766741964843797
6.949622395833321	6.865531964843797
7.049622395833321	6.964321964843794
7.149622395833321	7.063111964843798
7.24962239583332	7.161901964843796
7.34962239583332	7.260691964843795
7.44962239583332	7.359481964843797
7.549622395833319	7.4582719648437985
7.649622395833319	7.557061964843801
7.749622395833319	7.6558519648438015
7.849622395833318	7.754641964843799
7.949622395833318	7.853431964843803
8.049622395833318	7.952221964843801
8.149622395833317	8.051011964843804
8.249622395833317	8.149801964843805
8.349622395833316	8.248591964843806
8.449622395833316	8.347381964843802
8.549622395833316	8.446171964843803
8.55	8.446545000000075
1000008.55	8.446545000000075
