-100001.1	0
0	0
0.0033333333333334103	0.003292999999999615
0.008333333333333304	0.008232499999999475
0.015833333333333366	0.015641749999999486
0.027083333333333348	0.026755624999999398
0.04395833333333332	0.04342643749999924
0.06927083333333339	0.06843265624999914
0.1072395833333335	0.10594198437499901
0.16419270833333344	0.16220597656249855
0.24962239583333345	0.24660196484374797
0.34962239583333354	0.3453919648437475
0.44962239583333363	0.44418196484374683
0.5496223958333337	0.5429719648437462
0.6496223958333338	0.6417619648437457
0.7496223958333339	0.7405519648437451
0.849622395833334	0.8393419648437442
0.9496223958333339	0.9381319648437437
1.049622395833334	1.0369219648437429
1.149622395833334	1.1357119648437424
1.2496223958333341	1.234501964843742
1.3496223958333342	1.3332919648437411
1.4496223958333343	1.4320819648437406
1.5496223958333344	1.5308719648437397
1.6496223958333345	1.6296619648437396
1.7496223958333346	1.7284519648437389
1.8496223958333347	1.8272419648437381
1.9496223958333347	1.9260319648437378
2.049622395833335	2.024821964843737
2.149622395833335	2.1236119648437364
2.249622395833335	2.222401964843735
2.349622395833335	2.321191964843735
2.449622395833335	2.419981964843735
2.5496223958333353	2.5187719648437334
2.6496223958333354	2.6175619648437336
2.7496223958333355	2.7163519648437333
2.8496223958333355	2.815141964843733
2.9496223958333356	2.9139319648437314
3.0496223958333353	3.0127219648437316
3.149622395833335	3.1115119648437295
3.2496223958333346	3.210301964843728
3.349622395833334	3.309091964843727
3.449622395833334	3.407881964843726
3.5496223958333335	3.5066719648437252
3.649622395833333	3.6054619648437254
3.749622395833333	3.7042519648437224
3.8496223958333324	3.8030419648437217
3.949622395833332	3.9018319648437214
4.049622395833332	4.00062196484372
4.149622395833331	4.099411964843719
4.249622395833331	4.198201964843719
4.349622395833331	4.296991964843718
4.44962239583333	4.395781964843717
4.54962239583333	4.494571964843715
4.64962239583333	4.593361964843714
4.749622395833329	4.692151964843714
4.849622395833329	4.7909419648437135
4.9496223958333285	4.889731964843712
5.049622395833328	4.9885219648437085
5.149622395833328	5.087311964843707
5.2496223958333275	5.186101964843705
5.349622395833327	5.284891964843708
5.449622395833327	5.3836819648437055
5.549622395833326	5.482471964843705
5.649622395833326	5.581261964843704
5.749622395833326	5.680051964843704
5.849622395833325	5.778841964843702
5.949622395833325	5.877631964843702
6.049622395833325	5.976421964843702
6.149622395833324	6.0752119648437
6.249622395833324	6.174001964843698
6.3496223958333236	6.2727919648436945
6.449622395833323	6.371581964843695
6.549622395833323	6.470371964843696
6.6496223958333225	6.569161964843691
6.749622395833322	6.667951964843691
6.849622395833322	6.76674196484369
6.949622395833321	6.865531964843688
7.049622395833321	6.96432196484369
7.149622395833321	7.063111964843686
7.24962239583332	7.161901964843685
7.34962239583332	7.260691964843687
7.44962239583332	7.359481964843686
7.549622395833319	7.458271964843682
7.649622395833319	7.557061964843685
7.749622395833319	7.655851964843683
7.849622395833318	7.754641964843681
7.949622395833318	7.8534319648436774
8.049622395833318	7.9522219648436785
8.149622395833317	8.051011964843681
8.249622395833317	8.149801964843679
8.349622395833316	8.248591964843676
8.449622395833316	8.347381964843677
8.549622395833316	8.446171964843671
8.55	8.446544999999942
1000008.55	8.446544999999942
