-100001.1	0
0.0000000000000008881784197001252	0
0.0033333333333342985	0.0000000000000000000061635773374911964
0.008333333333334192	0.000000000000000000038522358359313434
0.015833333333334254	0.00000000000000000013906571367712963
0.027083333333334236	0.00000000000000000040689241017026587
0.04395833333333421	0.000000000000000001071908697821892
0.06927083333333428	0.0000000000000000026618046758511732
0.10723958333333439	0.000000000000000006379484622636761
0.16419270833333433	0.000000000000000014954885497233903
0.24962239583333434	0.00000000000000003456546895657182
0.34962239583333443	0.00000000000000006780689351430274
0.4496223958333345	0.00000000000000011214275727951602
0.5496223958333346	0.00000000000000016757306025221187
0.6496223958333347	0.00000000000000023409780243239
0.7496223958333348	0.0000000000000003117169838200499
0.8496223958333349	0.00000000000000040043060441519273
0.9496223958333347	0.00000000000000050023866421781785
1.0496223958333348	0.0000000000000006111411632279246
1.149622395833335	0.0000000000000007331381014455147
1.249622395833335	0.000000000000000866229478870586
1.349622395833335	0.0000000000000010104152955031396
1.4496223958333352	0.0000000000000011656955513431757
1.5496223958333353	0.000000000000001332070246390694
1.6496223958333354	0.000000000000001509539380645695
1.7496223958333355	0.0000000000000016981029541081775
1.8496223958333355	0.000000000000001897760966778143
1.9496223958333356	0.0000000000000021085134186555903
2.0496223958333357	0.0000000000000023303603097405218
2.149622395833336	0.000000000000002563301640032933
2.249622395833336	0.000000000000002807337409532829
2.349622395833336	0.0000000000000030624676182402046
2.449622395833336	0.000000000000003328692266155064
2.549622395833336	0.000000000000003606011353277403
2.6496223958333363	0.000000000000003894424879607228
2.7496223958333363	0.0000000000000041939328451445345
2.8496223958333364	0.0000000000000045045352498893225
2.9496223958333365	0.000000000000004815221282573585
3.049622395833336	0.000000000000005114813034240321
3.149622395833336	0.000000000000005403310346699575
3.2496223958333355	0.000000000000005680713219951345
3.349622395833335	0.000000000000005947021653995634
3.4496223958333347	0.0000000000000062022356488324405
3.5496223958333344	0.000000000000006446355204461765
3.649622395833334	0.000000000000006679380320883608
3.7496223958333337	0.0000000000000069013109980979695
3.8496223958333333	0.000000000000007112147236104847
3.949622395833333	0.000000000000007311889034904241
4.049622395833333	0.000000000000007500536394496156
4.149622395833332	0.000000000000007678089314880588
4.249622395833332	0.000000000000007844547796057535
4.3496223958333315	0.000000000000007999911838027004
4.449622395833331	0.000000000000008144181440788989
4.549622395833331	0.000000000000008277356604343492
4.6496223958333305	0.00000000000000839943732869051
4.74962239583333	0.000000000000008510423613830052
4.84962239583333	0.000000000000008610315459762109
4.949622395833329	0.00000000000000869911286648668
5.049622395833329	0.000000000000008776815834003772
5.149622395833329	0.000000000000008843424362313381
5.249622395833328	0.000000000000008898938451415507
5.349622395833328	0.000000000000008943358101310158
5.449622395833328	0.00000000000000897668331199732
5.549622395833327	0.000000000000008998914083477
5.649622395833327	0.000000000000009010050415749196
5.7	0.000000000000009011458246277468
1000005.7000000001	0.000000000000009011458246277468
