-100003.5	0
3.0337165510911692	0
3.037049884424502	0.00000011101927196308909
3.042049884424502	0.0000017064089184265576
3.0495498844245024	0.000009517358141313981
3.060799884424503	0.00003492258781465739
3.0776748844245025	0.00010754441247811839
3.1029873844245026	0.0003048809013516446
3.1409561344245027	0.000830039485306921
3.1979092594245024	0.002214881884462927
3.283338946924502	0.005850917773918675
3.3833389469245017	0.012826816942694686
3.4833389469245013	0.02308408653898629
3.583338946924501	0.03692361770467333
3.6833389469245006	0.05460076680366661
3.75	0.06862723626180799
1000003.75	0.06862723626180799
