-100003.5	0
2.908049317237394	0
2.9113826505707268	0.00000011838669807787648
2.9163826505707267	0.0000018497868798409726
2.923882650570727	0.000012643402990663501
2.9351326505707274	0.00006262238154525864
2.952007650570727	0.00026343553331903576
2.977320150570727	0.0010062284123762398
3.0152889005707273	0.0036087300574351366
3.072242025570727	0.012202938210348357
3.1576717130707266	0.03580052392641745
3.2576717130707262	0.07779199590787281
3.357671713070726	0.13370721928070745
3.4576717130707255	0.20241199093040685
3.557671713070725	0.2830550706699806
3.657671713070725	0.37495306084305224
3.75	0.4692976323309034
1000003.75	0.4692976323309034
