-100003.5	0
1.7480081000871301	0
1.7513414334204631	0.00000003987419560228544
1.756341433420463	0.0000006230343062861164
1.7638414334204633	0.0000043156824758141055
1.7750914334204637	0.000022171690351571388
1.7919664334204635	0.00009868309818388759
1.8172789334204635	0.0004104526592511472
1.8552476834204636	0.0016699320096087626
1.9122008084204634	0.00687976945948596
1.997630495920463	0.02769174828101418
2.0976304959204626	0.07496570720166633
2.1976304959204622	0.14551436163264614
2.297630495920462	0.23733952291279078
2.3976304959204615	0.34863719910827434
2.497630495920461	0.477843075821098
2.597630495920461	0.623609097768207
2.6976304959204604	0.784766110097867
2.79763049592046	0.96029021128204
2.8976304959204597	1.1492762242951902
2.9976304959204594	1.3509167377666367
3.097630495920459	1.5644848404632063
3.1976304959204587	1.7893218616695477
3.2976304959204583	2.024826965724807
3.397630495920458	2.2704488760746875
3.4976304959204576	2.525679419320729
3.5976304959204572	2.7900480735946394
3.697630495920457	3.063116780276818
3.75	3.209454578475129
1000003.75	3.209454578475129
