-100003.5	0
1.3186491662402844	0
1.3219824995736174	0.000000002505181424663685
1.3269824995736172	0.00000003914354706154087
1.3344824995736175	0.00000027571647999340577
1.345732499573618	0.0000014215506686589813
1.3626074995736177	0.0000063549499643731836
1.3879199995736178	0.00002656543805193442
1.4258887495736179	0.00010884519946108711
1.4828418745736176	0.00045382043651402687
1.5682715620736172	0.0020046877841561886
1.6682715620736168	0.0072603261706728145
1.7682715620736165	0.02056606659891948
1.868271562073616	0.048210846184036156
1.9682715620736158	0.09456488232211262
2.0682715620736154	0.16292827316409927
2.168271562073615	0.25289059752116333
2.2682715620736147	0.36294360340775966
2.3682715620736143	0.49156967649988714
2.468271562073614	0.6373797216632008
2.5682715620736136	0.799144438269736
2.6682715620736133	0.9757826574362117
2.768271562073613	1.1663387424042226
2.8682715620736126	1.3699630775426213
2.968271562073612	1.5858934171378174
3.068271562073612	1.813441673680174
3.1682715620736115	2.051981406506131
3.268271562073611	2.300938921586636
3.368271562073611	2.559786055166564
3.4682715620736104	2.828033915116026
3.56827156207361	3.1052276488854673
3.6682715620736097	3.390943578935007
3.75	3.630505901181226
1000003.75	3.630505901181226
