-100003.5	0
1.1999999999999993	0
1.2033333333333323	0.0003304270635102013
1.2083333333333321	0.0008312198808117048
1.2158333333333324	0.0015940511794934234
1.2270833333333329	0.0027659585012555516
1.2439583333333326	0.004588058205961286
1.2692708333333327	0.007477705492298965
1.3072395833333328	0.012206558475580054
1.3641927083333325	0.020345351695575917
1.449622395833332	0.03543222295851467
1.5496223958333317	0.058713916635757014
1.6496223958333314	0.08998291653252266
1.749622395833331	0.13172613641245254
1.8496223958333307	0.18691477930791336
1.9496223958333303	0.2590166839969325
2.04962239583333	0.35118595232399147
2.1496223958333296	0.4631246163580852
2.2496223958333292	0.5937203616177955
2.349622395833329	0.7417347490498545
2.4496223958333285	0.9059778979466637
2.549622395833328	1.085363603082617
2.649622395833328	1.278924619399676
2.7496223958333275	1.4857939873580395
2.849622395833327	1.7051946464778802
2.9496223958333267	1.9364244692502475
3.0496223958333264	2.1788461561547705
3.149622395833326	2.431876238688028
3.2496223958333257	2.694977690479049
3.3496223958333253	2.967653754788439
3.449622395833325	3.24944244679792
3.5496223958333246	3.5399118587136704
3.6496223958333243	3.8386577846047194
3.749622395833324	4.145299187528564
3.75	4.146471597648086
1000003.75	4.146471597648086
