-100003.5	0
0.0000000000000004440892098500626	0
0.0033333333333338544	0.0013735734057610755
0.008333333333333748	0.0034453600127291283
0.015833333333333588	0.006578831920453388
0.02708333333333357	0.011332425279182929
0.043958333333333766	0.018599491332105235
0.06927083333333384	0.029679974795873854
0.10723958333333394	0.046639972231730824
0.1641927083333341	0.07260114491451895
0.24962239583333412	0.11216307008029594
0.3496223958333342	0.16109528584802257
0.4496223958333343	0.21137709994816833
0.5496223958333344	0.2636278019488081
0.649622395833334	0.3193993011342277
0.7496223958333337	0.3765252864974535
0.8496223958333333	0.43364786340889677
0.949622395833333	0.4968134792593893
1.0496223958333326	0.565270102319121
1.1496223958333323	0.6390558240001775
1.249622395833332	0.7211615193231109
1.3496223958333315	0.8110487151872119
1.4496223958333312	0.911696981955098
1.5496223958333308	1.020958164601024
1.6496223958333305	1.1442551758448
1.7496223958333301	1.2816516185989146
1.8496223958333298	1.440070436412553
1.9496223958333294	1.6141143220967078
2.049622395833329	1.8048312362762926
2.1496223958333287	2.0102285752604687
2.2496223958333283	2.229361842013456
2.349622395833328	2.461712545977031
2.4496223958333276	2.710564586766167
2.5496223958333273	2.968651542745337
2.649622395833327	3.2362196808745356
2.7496223958333266	3.5079171732867565
2.8000000000000007	3.6327837714853173
1000002.8	3.6327837714853173
