-100003.5	0
0.0000000000000004440892098500626	0
0.0033333333333338544	0
0.008333333333333748	0
0.015833333333333588	0.0000000000000000000000000000000001925929944387236
0.02708333333333357	0.00000000000000000000000000000000057777898331617076
0.043958333333333766	0.0000000000000000000000000000000030814879110195774
0.06927083333333384	0.000000000000000000000000000000001925929944387236
0.10723958333333394	0.0000000000000000000000000000000030814879110195774
0.1641927083333341	0.000000000000000000000000000000003851859888774472
0.24962239583333412	0.000000000000000000000000000000015148642718820852
0.3496223958333342	0.000000000000000000000000000000029274135154685985
0.4496223958333343	0.00000000000000000000000000000009244463733058732
0.5496223958333344	0.0000000000000000000000000000000007703719777548943
0.649622395833334	0.0000000000000000000000000000003977707373578025
0.7496223958333337	0.00000000000000000000000000000004930380657631324
0.8496223958333333	0.000000000000000000000000000000576238239360661
0.949622395833333	0.00000000000000000000000000000016100774335077292
1.0496223958333326	0.0000000000000000000000000000002719413081474777
1.1496223958333323	0.00000000000000000000000000000001232595164407831
1.249622395833332	0.0000000000000000000000000000007380163546891889
1.3496223958333315	0.0000000000000000000000000000015499884192428476
1.4496223958333312	0.0000000000000000000000000000008628166150854817
1.5496223958333308	0.00000000000000000000000000000029120060759135006
1.6496223958333305	0.000000000000000000000000000001996804166340686
1.7496223958333301	0.0000000000000000000000000000030506730319093816
1.8496223958333298	0.0000000000000000000000000000013312027775604574
1.9496223958333294	0.000000000000000000000000000000030814879110195774
2.049622395833329	0.000000000000000000000000000011697328110230317
2.1496223958333287	0.0000000000000000000000000000049242176818092846
2.2496223958333283	0.000000000000000000000000000014680208408097267
2.349622395833328	0.0000000000000000000013358117028472818
2.4496223958333276	0.00000000000000000000000000004330723110146914
2.5496223958333273	0.0000000000000000000000000000006101346063818762
2.649622395833327	0.000000000000000000000000000005817849176004962
2.7496223958333266	0.00000000000000000000000000001508696481235185
2.8000000000000007	0.000000000000000000000000000019080573145033223
1000002.8	0.000000000000000000000000000019080573145033223
