-100003.5	0
2.405379852540829	0
2.408713185874162	0.00000013678531244044232
2.413713185874162	0.0000021372705068812283
2.421213185874162	0.000014655847698894206
2.4324631858741625	0.00007291063319319791
2.4493381858741623	0.0003088964040805429
2.4746506858741624	0.001190600637969331
2.5126194358741625	0.004321661890819059
2.569572560874162	0.0148375179292144
2.6550022483741618	0.0442590477043024
2.7550022483741614	0.09736518452185514
2.855002248374161	0.16865446102532528
2.9550022483741607	0.2565879536428309
3.0550022483741603	0.3599340128666036
3.15500224837416	0.4776603541058112
3.2550022483741596	0.6088760728402546
3.3550022483741593	0.7527966171807577
3.455002248374159	0.9087209879246024
3.5550022483741586	1.0760159077478817
3.655002248374158	1.2541045431446762
3.75	1.4328003593642287
1000003.75	1.4328003593642287
