-100003.5	0
2.154045236834346	0
2.157378570167679	0.00000014106074423896927
2.1623785701676788	0.0000022040741287353076
2.169878570167679	0.000015109672335225912
2.1811285701676795	0.00007534511575711362
2.198003570167679	0.0003199799323249197
2.2233160701676793	0.0012386059423731188
2.2612848201676794	0.004521279729039186
2.318237945167679	0.01563330014421332
2.4036676326676787	0.04702496715939539
2.5036676326676783	0.10412136423418263
2.603667632667678	0.18109262537113954
2.7036676326676776	0.2762177877624285
2.8036676326676773	0.3880836169500861
2.903667632667677	0.51549240156791
3.0036676326676766	0.6574067356637509
3.103667632667676	0.8129168803651703
3.203667632667676	0.9812100350662011
3.3036676326676755	1.1615584042370182
3.403667632667675	1.3533026938726551
3.503667632667675	1.5558424032755076
3.6036676326676744	1.7686273919346442
3.703667632667674	1.9911512785657752
3.75	2.0974222500777424
1000003.75	2.0974222500777424
