-100003.5	0
2.028377929687501	0
2.031711263020834	0.0000001424632351669782
2.036711263020834	0.0000022259880494833307
2.0442112630208342	0.000015260887531170752
2.0554612630208347	0.00007612942389888948
2.0723362630208344	0.00032366238619583216
2.0976487630208345	0.0012551768791628573
2.1356175130208346	0.004593801654028922
2.1925706380208343	0.015938465526402143
2.278000325520834	0.048144805235629626
2.3780003255208335	0.1069540898716536
2.478000325520833	0.18640810554383322
2.578000325520833	0.2846994117383087
2.6780003255208324	0.40032660171542234
2.778000325520832	0.532012089552243
2.8780003255208317	0.6786497401287348
2.9780003255208314	0.8392688044359383
3.078000325520831	1.0130079744484417
3.1780003255208307	1.199096154009891
3.2780003255208303	1.396837635272484
3.37800032552083	1.6056008062739993
3.4780003255208296	1.824808740207844
3.5780003255208293	2.0539321848829437
3.678000325520829	2.2924830623198424
3.75	2.469822261597014
1000003.75	2.469822261597014
