-100003.5	0
1.9190405177558496	0
1.9223738510891826	0.00000012079597447346058
1.9273738510891825	0.0000018991125563333193
1.9348738510891828	0.00001321908792547142
1.9461238510891832	0.00006748244999569217
1.962998851089183	0.00029639789043050066
1.988311351089183	0.0012034711992170428
2.026280101089183	0.0046876045878930205
2.083233226089183	0.01685258924003196
2.1686629135891824	0.05070619031181267
2.268662913589182	0.11211469188082333
2.3686629135891817	0.19485782001891785
2.4686629135891813	0.2970449366280844
2.568662913589181	0.41709134930442315
2.6686629135891806	0.5536479382486857
2.7686629135891803	0.7055477048169387
2.86866291358918	0.8717700221573955
2.9686629135891796	1.0514118521058669
3.068662913589179	1.2436676336796813
3.168662913589179	1.4478121761268996
3.2686629135891785	1.6631882900734278
3.368662913589178	1.8891973542014635
3.4686629135891778	2.1252903742903686
3.5686629135891774	2.3709623000707905
3.668662913589177	2.625745530462126
3.75	2.8393981425560013
1000003.75	2.8393981425560013
