-100001.1	0
0	0
0.0033333333333334103	0
0.008333333333333304	0
0.015833333333333366	0
0.027083333333333348	0
0.04395833333333332	0
0.06927083333333339	0
0.1072395833333335	0
0.16419270833333344	0
0.24962239583333345	0
0.34962239583333354	0
0.44962239583333363	0
0.5496223958333337	0
0.6496223958333338	0
0.7496223958333339	0
0.849622395833334	0
0.9496223958333339	0
1.049622395833334	0
1.149622395833334	0
1.2496223958333341	0
1.3496223958333342	0
1.4496223958333343	0
1.5496223958333344	0
1.6496223958333345	0
1.7496223958333346	0
1.8496223958333347	0
1.9496223958333347	0
2.049622395833335	0
2.149622395833335	0
2.249622395833335	0
2.349622395833335	0
2.449622395833335	0
2.5496223958333353	0
2.6496223958333354	0
2.7496223958333355	0
2.8496223958333355	0
2.9496223958333356	0
3.0496223958333353	0
3.149622395833335	0
3.2496223958333346	0
3.349622395833334	0
3.449622395833334	0
3.5496223958333335	0
3.649622395833333	0
3.749622395833333	0
3.8496223958333324	0
3.949622395833332	0
4.049622395833332	0
4.149622395833331	0
4.249622395833331	0
4.349622395833331	0
4.44962239583333	0
4.54962239583333	0
4.64962239583333	0
4.749622395833329	0
4.849622395833329	0
4.9496223958333285	0
5.049622395833328	0
5.149622395833328	0
5.2496223958333275	0
5.349622395833327	0
5.449622395833327	0
5.549622395833326	0.00000000000000000000000000003367449989162194
5.649622395833326	0.000000000000000000000000000010452406994178406
5.749622395833326	0.000000000000000000000000000018932661725304283
5.849622395833325	0.0000000000000000000000000000019721522630525295
5.949622395833325	0.000000000000000000000000000014593926746588718
6.049622395833325	0.0000000000000000000000000000019721522630525295
6.149622395833324	0.00000000000000000000000000002129924444096732
6.249622395833324	0.000000000000000000000000000010255191767873153
6.3496223958333236	0.0000000000000000000000000000402319061662716
6.449622395833323	0.00000000000000000000000000002129924444096732
6.549622395833323	0.000000000000000000000000000037865323450608567
6.6496223958333225	0.00000000000000000000000000010334077858395255
6.749622395833322	0.00000000000000000000000000010097419586828951
6.849622395833322	0.00000000000000000000000000007336406418555409
6.949622395833321	0.00000000000000000000000000007178634237511207
7.049622395833321	0.000000000000000000000000000046542793408039697
7.149622395833321	0.00000000000000000000000000004890937612370273
7.24962239583332	0.00000000000000000000000000005522026336547083
7.34962239583332	0.000000000000000000000000000007888609052210118
7.44962239583332	0.000000000000000000000000000033132158019282496
7.549622395833319	0.00000000000000000000000000004259848888193464
7.649622395833319	0.00000000000000000000000000005206481974458678
7.749622395833319	0.0000000000000000000000000000268212707775144
7.849622395833318	0.000000000000000000000000000006310887241768095
7.949622395833318	0.00000000000000000000000000003944304526105059
8.049622395833318	0.00000000000000000000000000004890937612370273
8.149622395833317	0.000000000000000000000000000036287601640166543
8.249622395833317	0
8.349622395833316	0.000000000000000000000000000023665827156630354
8.449622395833316	0.00000000000000000000000000009308558681607939
8.549622395833316	0
8.649622395833315	0.00000000000000000000000000004259848888193464
8.749622395833315	0.00000000000000000000000000004890937612370273
8.849622395833315	0.00000000000000000000000000006784203784900702
8.949622395833314	0.00000000000000000000000000002524354896707238
9.049622395833314	0.00000000000000000000000000007573064690121713
9.149622395833314	0.000000000000000000000000000020510383535746307
9.249622395833313	0.00000000000000000000000000002524354896707238
9.349622395833313	0.00000000000000000000000000007178634237511207
9.449622395833313	0.000000000000000000000000000003944304526105059
9.549622395833312	0.00000000000000000000000000000867746995743113
9.649622395833312	0.00000000000000000000000000000867746995743113
9.749622395833311	0.00000000000000000000000000002524354896707238
9.849622395833311	0.00000000000000000000000000000867746995743113
9.94962239583331	0.00000000000000000000000000005443140246024981
10.04962239583331	0.000000000000000000000000000046542793408039697
10.14962239583331	0.000000000000000000000000000003944304526105059
10.24962239583331	0.000000000000000000000000000037865323450608567
10.34962239583331	0.00000000000000000000000000007573064690121713
10.449622395833309	0.000000000000000000000000000004338734978715565
10.549622395833309	0.00000000000000000000000000001262177448353619
10.649622395833308	0.00000000000000000000000000001262177448353619
10.749622395833308	0.00000000000000000000000000010516501942727614
10.805	0.00000000000000000000000000008835242138475332
1000010.805	0.00000000000000000000000000008835242138475332
