-100001.1	0
-0.000000000008730793865652231	0
0.0033333333246026164	0.00000000000000020842586888334244
0.00833333332460251	0.0000000000000005210646726177523
0.015833333324602572	0.0000000000000009900228782194294
0.027083333324602554	0.0000000000000016934601866219429
0.04395833332460253	0.0000000000000027486161492257022
0.0692708333246026	0.000000000000004331350093131305
0.1072395833246027	0.00000000000000670545100898978
0.16419270832460264	0.000000000000010266602382777459
0.24962239582460266	0.000000000000015608329443459026
0.34962239582460275	0.00000000000002186110551814808
0.44962239582460284	0.000000000000028113881592837166
0.5496223958246029	0.00000000000003436665766752629
0.649622395824603	0.00000000000004061943374221548
0.7496223958246031	0.00000000000004687220981690472
0.8496223958246032	0.00000000000005312498589159402
0.9496223958246031	0.00000000000005937776196628333
1.0496223958246031	0.00000000000006563053804097273
1.1496223958246032	0.00000000000007188331411566218
1.2496223958246033	0.00000000000007813609019035167
1.3496223958246034	0.00000000000008438886626504119
1.4496223958246035	0.00000000000009064164233973079
1.5496223958246036	0.0000000000000968944184144204
1.6496223958246037	0.0000000000001031471944891101
1.7496223958246038	0.00000000000010939997056379985
1.8496223958246039	0.00000000000011565274663848967
1.949622395824604	0.0000000000001219055227131795
2.049622395824604	0.00000000000012815829878786939
2.149622395824604	0.00000000000013441107486255932
2.249622395824604	0.0000000000001406638509372493
2.3496223958246043	0.00000000000014691662701193934
2.4496223958246044	0.00000000000015316940308662945
2.5496223958246045	0.0000000000001594221791613196
2.6496223958246046	0.00000000000016567495523600975
2.7496223958246047	0.00000000000017192773131070002
2.8496223958246047	0.00000000000017818050738539028
2.949622395824605	0.0000000000001844332834600806
3.0496223958246045	0.00000000000019068605953477098
3.149622395824604	0.00000000000019693883560946145
3.2496223958246038	0.0000000000002031916116841519
3.3496223958246034	0.0000000000002094443877588424
3.449622395824603	0.000000000000215697163833533
3.5496223958246027	0.00000000000022194993990822356
3.6496223958246023	0.0000000000002282027159829142
3.749622395824602	0.000000000000234455492057605
3.8496223958246016	0.0000000000002407082681322957
3.9496223958246013	0.00000000000024696104420698653
4.049622395824601	0.0000000000002532138202816774
4.149622395824601	0.00000000000025946659635636827
4.2496223958246	0.0000000000002657193724310593
4.3496223958246	0.0000000000002719721485057503
4.4496223958245995	0.0000000000002782249245804414
4.549622395824599	0.0000000000002844777006551325
4.649622395824599	0.00000000000029073047672982367
4.749622395824598	0.0000000000002969832528045149
4.849622395824598	0.0000000000003032360288792061
4.949622395824598	0.00000000000030948880495389744
5.049622395824597	0.0000000000003157415810285888
5.149622395824597	0.0000000000003219943571032802
5.249622395824597	0.00000000000032824713317797166
5.349622395824596	0.0000000000003344999092526632
5.449622395824596	0.00000000000034075268532735476
5.549622395824596	0.00000000000034700546140204634
5.649622395824595	0.0000000000003532582374767379
5.749622395824595	0.0000000000003595110135514295
5.8496223958245945	0.00000000000036576378962612096
5.949622395824594	0.0000000000003720165657008124
6.049622395824594	0.00000000000037826934177550366
6.1496223958245935	0.00000000000038452211785019493
6.249622395824593	0.00000000000039077489392488625
6.349622395824593	0.00000000000039702766999957743
6.449622395824592	0.0000000000004032804460742686
6.549622395824592	0.0000000000004095332221489597
6.649622395824592	0.00000000000041578599822365074
6.749622395824591	0.0000000000004220387742983417
6.849622395824591	0.00000000000042829155037303273
6.949622395824591	0.0000000000004345443264477235
7.04962239582459	0.00000000000044079710252241447
7.14962239582459	0.0000000000004470498785971052
7.24962239582459	0.0000000000004533026546717958
7.349622395824589	0.0000000000004595554307464866
7.449622395824589	0.0000000000004658082068211772
7.5496223958245885	0.0000000000004720609828958679
7.649622395824588	0.0000000000004783137589705583
7.749622395824588	0.0000000000004845665350452488
7.849622395824587	0.0000000000004908193111199392
7.949622395824587	0.0000000000004970720871946296
8.049622395824587	0.0000000000005033248632693199
8.149622395824586	0.0000000000005095776393440101
8.249622395824586	0.0000000000005158304154187004
8.349622395824586	0.0000000000005220831914933905
8.449622395824585	0.0000000000005283359675680807
8.549622395824585	0.0000000000005345887436427708
8.649622395824585	0.0000000000005408415197174607
8.749622395824584	0.0000000000005470942957921508
8.849622395824584	0.0000000000005533470718668406
8.949622395824584	0.0000000000005595998479415305
9.049622395824583	0.0000000000005658526240162203
9.149622395824583	0.0000000000005721054000909099
9.249622395824582	0.0000000000005783581761655996
9.349622395824582	0.0000000000005846109522402894
9.449622395824582	0.0000000000005908637283149789
9.549622395824581	0.0000000000005971165043896684
9.649622395824581	0.0000000000006033692804643579
9.74962239582458	0.0000000000006096220565390474
9.84962239582458	0.0000000000006158748326137368
9.94962239582458	0.0000000000006221276086884261
10.04962239582458	0.0000000000006283803847631153
10.14962239582458	0.0000000000006346331608378046
10.249622395824579	0.0000000000006408859369124937
10.349622395824579	0.0000000000006471387129871829
10.449622395824578	0.0000000000006533914890618718
10.549622395824578	0.0000000000006596442651365611
10.649622395824577	0.0000000000006658970412112499
10.749622395824577	0.0000000000006721498172859389
10.805	0.0000000000006756124548705555
1000010.805	0.0000000000006756124548705555
