-100001.1	0
-0.000000000008730793865652231	0
0.0033333333246026164	0
0.00833333332460251	0
0.015833333324602572	0
0.027083333324602554	0
0.04395833332460253	0
0.0692708333246026	0
0.1072395833246027	0
0.16419270832460264	0
0.24962239582460266	0
0.34962239582460275	0
0.44962239582460284	0
0.5496223958246029	0
0.649622395824603	0
0.7496223958246031	0
0.8496223958246032	0
0.9496223958246031	0
1.0496223958246031	0
1.1496223958246032	0
1.2496223958246033	0
1.3496223958246034	0
1.4496223958246035	0
1.5496223958246036	0
1.6496223958246037	0
1.7496223958246038	0
1.8496223958246039	0
1.949622395824604	0
2.049622395824604	0
2.149622395824604	0
2.249622395824604	0
2.3496223958246043	0
2.4496223958246044	0
2.5496223958246045	0
2.6496223958246046	0
2.7496223958246047	0
2.8496223958246047	0
2.949622395824605	0
3.0496223958246045	0
3.149622395824604	0
3.2496223958246038	0
3.3496223958246034	0
3.449622395824603	0
3.5496223958246027	0
3.6496223958246023	0
3.749622395824602	0
3.8496223958246016	0
3.9496223958246013	0
4.049622395824601	0
4.149622395824601	0
4.2496223958246	0
4.3496223958246	0
4.4496223958245995	0
4.549622395824599	0
4.649622395824599	0
4.749622395824598	0
4.849622395824598	0
4.949622395824598	0
5.049622395824597	0
5.149622395824597	0
5.249622395824597	0
5.349622395824596	0
5.449622395824596	0
5.549622395824596	0.00000000000017350273070102317
5.649622395824595	0.00000000000017662911873836896
5.749622395824595	0.00000000000017975550677571474
5.8496223958245945	0.00000000000018288189481306048
5.949622395824594	0.0000000000001860082828504062
6.049622395824594	0.00000000000018913467088775183
6.1496223958245935	0.00000000000019226105892509747
6.249622395824593	0.00000000000019538744696244313
6.349622395824593	0.00000000000019851383499978871
6.449622395824592	0.0000000000002016402230371343
6.549622395824592	0.00000000000020476661107447986
6.649622395824592	0.00000000000020789299911182537
6.749622395824591	0.00000000000021101938714917085
6.849622395824591	0.00000000000021414577518651636
6.949622395824591	0.00000000000021727216322386175
7.04962239582459	0.00000000000022039855126120723
7.14962239582459	0.0000000000002235249392985526
7.24962239582459	0.0000000000002266513273358979
7.349622395824589	0.0000000000002297777153732433
7.449622395824589	0.0000000000002329041034105886
7.5496223958245885	0.00000000000023603049144793393
7.649622395824588	0.00000000000023915687948527916
7.749622395824588	0.0000000000002422832675226244
7.849622395824587	0.0000000000002454096555599696
7.949622395824587	0.0000000000002485360435973148
8.049622395824587	0.00000000000025166243163465994
8.149622395824586	0.00000000000025478881967200507
8.249622395824586	0.0000000000002579152077093502
8.349622395824586	0.00000000000026104159574669523
8.449622395824585	0.00000000000026416798378404036
8.549622395824585	0.0000000000002672943718213854
8.649622395824585	0.00000000000027042075985873037
8.749622395824584	0.0000000000002735471478960754
8.849622395824584	0.0000000000002766735359334203
8.949622395824584	0.00000000000027979992397076526
9.049622395824583	0.00000000000028292631200811014
9.149622395824583	0.00000000000028605270004545497
9.249622395824582	0.0000000000002891790880827998
9.349622395824582	0.0000000000002923054761201447
9.449622395824582	0.00000000000029543186415748946
9.549622395824581	0.0000000000002985582521948342
9.649622395824581	0.00000000000030168464023217896
9.74962239582458	0.0000000000003048110282695237
9.84962239582458	0.0000000000003079374163068684
9.94962239582458	0.00000000000031106380434421304
10.04962239582458	0.00000000000031419019238155767
10.14962239582458	0.0000000000003173165804189023
10.249622395824579	0.00000000000032044296845624687
10.349622395824579	0.00000000000032356935649359145
10.449622395824578	0.0000000000003266957445309359
10.549622395824578	0.00000000000032982213256828055
10.649622395824577	0.00000000000033294852060562497
10.749622395824577	0.00000000000033607490864296945
10.805	0.00000000000033780622743527773
1000010.805	0.00000000000033780622743527773
