-100007.25	0
0	0
0.0033333333333329662	0.0000000000000000000000000000000000481482486096809
0.00833333333333286	0
0.015833333333333144	0.0000000000000000000000000000000007703719777548943
0.02708333333333357	0.0000000000000000000000000000000007703719777548943
0.04395833333333332	0
0.06927083333333339	0.0000000000000000000000000000000030814879110195774
0.1072395833333335	0.000000000000000000000000000000004417601809938222
0.16419270833333321	0.0000000000000000000000000000000030814879110195774
0.24962239583333368	0.000000000000000000000000000000040059342843254506
0.3496223958333333	0.0000000000000000000000000000001217187724852733
0.44962239583333297	0.00000000000000000000000000000003928897086549961
0.5496223958333326	0.00000000000000000000000000000021936342066570616
0.6496223958333323	0.00000000000000000000000000000007010384997569539
0.7496223958333319	0.000000000000000000000000000000006162975822039155
0.8496223958333315	0.0000000000000000000000000000022217527838451153
0.9496223958333312	0.0000000000000000000000000000008320017359752859
1.0496223958333308	0.0000000000000000000000000000009490982765940298
1.1496223958333305	0.000000000000000000000000000004979684464207637
1.2496223958333301	0.00000000000000011101296511802846
1.3496223958333298	0.0000000000000000000000000000004714676503859953
1.4496223958333294	0.000000000000000000000000000008202920819134115
1.549622395833329	0
1.6496223958333287	0.00000000000000000000000000000007395570986446986
1.7496223958333283	0
1.849622395833328	0
1.9496223958333276	0.000000000000000000000000000029785662147915235
2.0496223958333273	0.00000000000000000000000000000011401505270772436
2.149622395833327	0.0000000000000000000000000000053340555739748884
2.2496223958333266	0.000000000000000000000000000000998402083170343
2.349622395833326	0.00000000000000000000000000000614256096462865
2.3999999999999995	0.000000000000000000000000000003377310750477457
1000002.4	0.000000000000000000000000000003377310750477457
