-100007.25	0
0	0
0.0033333333333329662	0.003373240558735375
0.00833333333333286	0.008447484942298229
0.015833333333333144	0.016091198214819972
0.02708333333333357	0.027629405324865203
0.04395833333333332	0.045099047644845444
0.06927083333333339	0.07166631445960087
0.1072395833333335	0.11232344653373937
0.16419270833333321	0.17509091682582334
0.24962239583333368	0.27314407750433123
0.3496223958333333	0.39365602260744503
0.44962239583333297	0.5200935541819369
0.5496223958333326	0.6521933111375893
0.6496223958333323	0.7897023880290911
0.7496223958333319	0.9323778183886613
0.8496223958333315	1.0799862913992144
0.9496223958333312	1.2323037249308753
1.0496223958333308	1.3891148696181106
1.1496223958333305	1.550213181829564
1.2496223958333301	1.7153998551847505
1.3496223958333298	1.8844865316542159
1.4496223958333294	2.057292355814433
1.549622395833329	2.2336446921780277
1.6496223958333287	2.413378779652495
1.7496223958333283	2.596338316433535
1.849622395833328	2.7823750438493255
1.9496223958333276	2.9713484778732697
2.0496223958333273	3.1631266024078872
2.149622395833327	3.3575848442174623
2.2496223958333266	3.5546066789856647
2.349622395833326	3.754083589561611
2.3999999999999995	3.8554720219634504
1000002.4	3.8554720219634504
