-100007.25	0
0	0
0.0033333333333329662	0.0000000000000000000000000000000000962964972193618
0.00833333333333286	0.0000000000000000000000000000000001925929944387236
0.015833333333333144	0.0000000000000000000000000000000015407439555097887
0.02708333333333357	0
0.04395833333333332	0
0.06927083333333339	0.000000000000000000000000000000002046300565911438
0.1072395833333335	0.000000000000000000000000000000008377795258084476
0.16419270833333321	0.0000000000000000000000000000000051518626012358566
0.24962239583333368	0.00000000000000000000000000000003928897086549961
0.3496223958333333	0.0000000000000000000000000000000015407439555097887
0.44962239583333297	0.000000000000000000000000000000015407439555097887
0.5496223958333326	0
0.6496223958333323	0.0000000000000000000000000000003512896218562318
0.7496223958333319	0.00000000000000000000000000000004263527414387244
0.8496223958333315	0.00000000000000000000000000000011247430875221457
0.9496223958333312	0.0000000000000000000000000000012449211160519093
1.0496223958333308	0.0000000000000000000000000000016680960730823947
1.1496223958333305	0.0000000000000000000000000000005053640174072107
1.2496223958333301	0.0000000000000000000000000000017749370367472766
1.3496223958333298	0.0000000000000000000000000000075866232369302
1.4496223958333294	0.000000000000000000000000000007235333615073968
1.549622395833329	0.0000000000000000000000000000017102257906158654
1.6496223958333287	0.0000000000000000000000000000032848661131468695
1.7496223958333283	0.000000000000000000000000000001875085393855413
1.849622395833328	0.0000000000000000000000000000034081256295876526
1.9496223958333276	0.0000000000000000000000000000027938984220739537
2.0496223958333273	0.000000000000000000000000000004532868717109798
2.149622395833327	0.000000000000000000000000000017450466040103867
2.2496223958333266	0.00000000000000000000000000002662405555120915
2.349622395833326	0.000000000000000000000000000021612015463935806
2.3999999999999995	0.00000000000000000000000000000655740627464966
1000002.4	0.00000000000000000000000000000655740627464966
