-100000	0
0	0
0.0033333333333333335	0.00000000000000000000008331336726418707
0.008333333333333333	0.000000000000000000000000000000009725946219155541
0.01583333333333333	0.000000000000000000000000000000015214846560659163
0.02708333333333333	0
0.043958333333333335	0.000000000000000000000000000000009485204976107138
0.06927083333333334	0.00000000000000000000000000000006846680952296623
0.10723958333333333	0.0000000000000000000000000000000204148574105047
0.16419270833333333	0.0000000000000000000000000000002881191196803305
0.24962239583333334	0.0000000000000000000000000000005675113693001563
0.3496223958333333	0.00000000000000000000000000000019721522630525295
0.4496223958333333	0.000000000000000000000000000000853572151352423
0.5496223958333333	0.0000000000000000000000000000004344897954537604
0.6496223958333333	0.000000000000000000000000000002237160223400213
0.7496223958333332	0.0000000000000000000000000000008011868568650901
0.8496223958333332	0.00000000000000000000000000000059164567891575885
0.9496223958333332	0.000000000000000000000000000002209426832201037
1.0496223958333333	0.000000000000000000004872378654208703
1.1496223958333334	0.000000000000000000000000000015727914297843923
1.2496223958333335	0.00000000000000000000000000003353891442353708
1.3496223958333335	0.000000000000000000000000000042697096495087264
1.4496223958333336	0.00000000000000000000000000003768659715176943
1.5496223958333337	0.000000000000000000000000000014231851917043918
1.6	0.0000000000000000000000000000005126825511958822
1000001.6	0.0000000000000000000000000000005126825511958822
