-100000	0
0	0
0.0033333333333333335	0.001137877816625475
0.008333333333333333	0.0032215995429700534
0.01583333333333333	0.006820586447808228
0.02708333333333333	0.012989970815403812
0.043958333333333335	0.0235390285106422
0.06927083333333334	0.04157751248198808
0.10723958333333333	0.07245249075661013
0.16419270833333333	0.12534815366554566
0.24962239583333334	0.2159398629464099
0.3496223958333333	0.3351414988740276
0.4496223958333333	0.4655399943896825
0.5496223958333333	0.6051152173502878
0.6496223958333333	0.7524602564163484
0.7496223958333332	0.9065316301975336
0.8496223958333332	1.0665236411378327
0.9496223958333332	1.23179877623048
1.0496223958333333	1.4018439339394266
1.1496223958333334	1.5762431084767332
1.2496223958333335	1.7546598671027585
1.3496223958333335	1.9368249176329493
1.4496223958333336	2.122529020955827
1.5496223958333337	2.311619828654499
1.6000000000058208	2.408129892146623
1000001.6	2.408129892146623
