-100000	0
0	0
0.0033333333333333335	0.0000000000000000011236446875768109
0.008333333333333333	0.000000000000000006222453074511589
0.01583333333333333	0.000000000000000013012518562841512
0.02708333333333333	0.00000000000000006130450289338395
0.043958333333333335	0.00000000000000008802111545298084
0.06927083333333334	0.00000000000000030822850869684734
0.10723958333333333	0.0000000000000004662360298448195
0.16419270833333333	0.0000000000000008007925137319993
0.24962239583333334	0.0000000000000025456371707655814
0.3496223958333333	0.0000000000000024202064377787505
0.4496223958333333	0.000000000000007122225558668926
0.5496223958333333	0.0000000000000076071245590614
0.6496223958333333	0.000000000000007420044759728116
0.7496223958333332	0.000000000000004058028066030094
0.8496223958333332	0.000000000000003815365210571518
0.9496223958333332	0.000000000000018712043124929303
1.0496223958333333	0.00000000000001126589319720851
1.1496223958333334	0.00000000000002391318939821152
1.2496223958333335	0.000000000000025041583780258303
1.3496223958333335	0.000000000000020722353526933754
1.4496223958333336	0.000000000000051077958477680613
1.5496223958333337	0.00000000000006797095218632898
1.6000000000058208	0.00000000000001501823919784718
1000001.6	0.00000000000001501823919784718
