-100001.1	0
0	0
0.0033333333333334103	0.00000000000000012161366894890667
0.008333333333333304	0.0000000000000003041068948975707
0.015833333333333366	0.0000000000000005782333631012593
0.027083333333333348	0.0000000000000009899584749177724
0.04395833333333332	0.0000000000000016089092644282611
0.06927083333333339	0.000000000000002537158457803822
0.1072395833333335	0.000000000000003944543089177776
0.16419270833333344	0.000000000000006066280822967221
0.24962239583333345	0.00000000000000925377347223544
0.34962239583333354	0.00000000000001310338407113722
0.44962239583333363	0.000000000000016980387238028978
0.5496223958333337	0.00000000000002076915366446233
0.6496223958333338	0.000000000000024906719091392472
0.7496223958333339	0.00000000000002830516048762402
0.849622395833334	0.000000000000032226690648130563
0.9496223958333339	0.00000000000003722703067038842
1.049622395833334	0.000000000000041448684876440426
1.149622395833334	0.00000000000004572778092235247
1.2496223958333341	0.000000000000049311267688080604
1.3496223958333342	0.00000000000005357990038575055
1.4496223958333343	0.00000000000005890972009924889
1.5496223958333344	0.00000000000006226055665895512
1.6496223958333345	0.00000000000006798488874981335
1.7496223958333346	0.00000000000007260863583488564
1.8496223958333347	0.00000000000007728982475981797
1.9496223958333347	0.00000000000008202845552461035
2.049622395833335	0.00000000000008398445362810225
2.149622395833335	0.00000000000008855407603683552
2.249622395833335	0.00000000000009316761918580906
2.349622395833335	0.00000000000010155739698238024
2.449622395833335	0.00000000000010252646770447706
2.5496223958333353	0.00000000000010727177307417137
2.6496223958333354	0.00000000000011680724239423808
2.7496223958333355	0.00000000000012200540787791073
2.8496223958333355	0.00000000000012985290920893868
2.9496223958333356	0.00000000000013476676571858565
3.0496223958333353	0.00000000000013970482941712242
3.149622395833335	0.0000000000001446671003045489
3.2496223958333346	0.00000000000014965357838086515
3.349622395833334	0.0000000000001568388167553774
3.449622395833334	0.00000000000016774413916763493
3.5496223958333335	0.00000000000016475825574315243
3.649622395833333	0.00000000000016984156257502772
3.749622395833333	0.00000000000017494907659579276
3.8496223958333324	0.00000000000018008079780544748
3.949622395833332	0.0000000000001957828574199376
4.049622395833332	0.00000000000019041686179142627
4.149622395833331	0.00000000000019562120456775035
4.249622395833331	0.00000000000021305882783343348
4.349622395833331	0.00000000000020610251168706764
4.44962239583333	0.00000000000022476478288497832
4.54962239583333	0.0000000000002306743528435151
4.64962239583333	0.00000000000021158039821118562
4.749622395833329	0.00000000000022735561219237935
4.849622395833329	0.0000000000002327294052909317
4.9496223958333285	0.00000000000023812740557837375
5.049622395833328	0.00000000000024849153773926796
5.149622395833328	0.00000000000026692406665343563
5.2496223958333275	0.000000000000273097734631539
5.349622395833327	0.0000000000002599614786170395
5.449622395833327	0.0000000000001510021035698862
5.549622395833326	0.0000000000001558991327854875
5.649622395833326	0.00000000000016142897553710261
5.749622395833326	0.00000000000016704213287606218
5.849622395833325	0.0000000000001727386048023664
5.949622395833325	0.0000000000001785183913160151
6.049622395833325	0.00000000000018438149241700828
6.149622395833324	0.00000000000019032790810534616
6.249622395833324	0.0000000000001963576383810285
6.3496223958333236	0.00000000000020247068324405522
6.449622395833323	0.00000000000020866704269442665
6.549622395833323	0.00000000000021494671673214263
6.6496223958333225	0.00000000000022130970535720307
6.749622395833322	0.00000000000022775600856960805
6.849622395833322	0.0000000000002342856263693575
6.949622395833321	0.0000000000002408985587564517
7.049622395833321	0.0000000000002475948057308903
7.149622395833321	0.00000000000025437436729267326
7.24962239583332	0.0000000000002612372434418011
7.34962239583332	0.0000000000002681834341782732
7.44962239583332	0.00000000000027521293950208993
7.549622395833319	0.0000000000002823257594132512
7.649622395833319	0.00000000000028952189391175697
7.749622395833319	0.00000000000029680134299760737
7.849622395833318	0.0000000000003041641066708021
7.949622395833318	0.00000000000028770158796805527
8.049622395833318	0.000000000000294255759689515
8.149622395833317	0.00000000000032675228521445403
8.249622395833317	0.00000000000020043127033581773
8.349622395833316	0.00000000000020455449995764387
8.449622395833316	0.00000000000020868992044489199
8.549622395833316	0.00000000000021283753179756228
8.649622395833315	0.00000000000021699733401565438
8.749622395833315	0.0000000000002211693270991687
8.849622395833315	0.00000000000022535351104810486
8.949622395833314	0.0000000000002295498858624633
9.049622395833314	0.00000000000023375845154224364
9.149622395833314	0.00000000000023797920808744603
9.249622395833313	0.0000000000002422121554980703
9.349622395833313	0.0000000000002464572937741169
9.449622395833313	0.00000000000025071462291558533
9.549622395833312	0.0000000000002549841429224759
9.649622395833312	0.0000000000002592658537947885
9.749622395833311	0.00000000000026355975553252306
9.849622395833311	0.0000000000002678658481356797
9.94962239583331	0.00000000000027218413160425824
10.04962239583331	0.000000000000276514605938259
10.14962239583331	0.0000000000002808572711376818
10.24962239583331	0.0000000000002852121272025263
10.34962239583331	0.00000000000028957917413279316
10.449622395833309	0.00000000000029395841192848195
10.549622395833309	0.00000000000029834984058959284
10.649622395833308	0.00000000000030275346011612573
10.749622395833308	0.0000000000003071692705080807
10.805	0.00000000000035549745863110386
1000010.805	0.00000000000035549745863110386
