-100001.1	0
-0.000000000008730793865652231	0
0.0033333333246026164	0
0.00833333332460251	0
0.015833333324602572	0
0.027083333324602554	0
0.04395833332460253	0
0.0692708333246026	0
0.1072395833246027	0
0.16419270832460264	0
0.24962239582460266	0
0.34962239582460275	0
0.44962239582460284	0
0.5496223958246029	0
0.649622395824603	0
0.7496223958246031	0
0.8496223958246032	0
0.9496223958246031	0
1.0496223958246031	0
1.1496223958246032	0
1.2496223958246033	0
1.3496223958246034	0
1.4496223958246035	0
1.5496223958246036	0
1.6496223958246037	0
1.7496223958246038	0
1.8496223958246039	0
1.949622395824604	0
2.049622395824604	0
2.149622395824604	0
2.249622395824604	0
2.3496223958246043	0
2.4496223958246044	0
2.5496223958246045	0
2.6496223958246046	0
2.7496223958246047	0
2.8496223958246047	0
2.949622395824605	0
3.0496223958246045	0
3.149622395824604	0
3.2496223958246038	0
3.3496223958246034	0
3.449622395824603	0
3.5496223958246027	0
3.6496223958246023	0
3.749622395824602	0
3.8496223958246016	0
3.9496223958246013	0
4.049622395824601	0
4.149622395824601	0
4.2496223958246	0
4.3496223958246	0
4.4496223958245995	0
4.549622395824599	0
4.649622395824599	0
4.749622395824598	0
4.849622395824598	0
4.949622395824598	0
5.049622395824597	0
5.149622395824597	0
5.249622395824597	0
5.349622395824596	0
5.449622395824596	0
5.549622395824596	0
5.649622395824595	0
5.749622395824595	0
5.8496223958245945	0
5.949622395824594	0
6.049622395824594	0
6.1496223958245935	0
6.249622395824593	0
6.349622395824593	0
6.449622395824592	0
6.549622395824592	0
6.649622395824592	0
6.749622395824591	0
6.849622395824591	0
6.949622395824591	0
7.04962239582459	0
7.14962239582459	0
7.24962239582459	0
7.349622395824589	0
7.449622395824589	0
7.5496223958245885	0
7.649622395824588	0
7.749622395824588	0
7.849622395824587	0
7.949622395824587	0
8.049622395824587	0
8.149622395824586	0
8.249622395824586	0
8.349622395824586	0
8.449622395824585	0
8.549622395824585	0
8.649622395824585	0
8.749622395824584	0
8.849622395824584	0
8.949622395824584	0
9.049622395824583	0
9.149622395824583	0
9.249622395824582	0
9.349622395824582	0
9.449622395824582	0
9.549622395824581	0
9.649622395824581	0
9.74962239582458	0
9.84962239582458	0
9.94962239582458	0
10.04962239582458	0
10.14962239582458	0
10.249622395824579	0
10.349622395824579	0
10.449622395824578	0
10.549622395824578	0
10.649622395824577	0
10.749622395824577	0
10.805	0
1000010.805	0
