-99999.99999999213	0
0.000000010743840483939948	0
0.0033333440771738175	0.0032142336446110667
0.008333344077173817	0.008436548049614004
0.015833344077173815	0.016818124750382187
0.027083344077173815	0.030265525944247404
0.04395834407717382	0.05190458844903693
0.06927084407717382	0.08688023918845933
0.10723959407717382	0.1436972647012594
0.1641927190771738	0.23647679742033842
0.24962240657717383	0.3887476389174502
0.3496224065771738	0.5826722745543592
0.4496224065771738	0.7903700330501799
0.5496224065771738	1.0097796515517967
0.6496224065771737	1.2395019742411193
0.7496224065771737	1.47852238296764
0.8496224065771737	1.7260739428060718
0.9496224065771737	1.9815563066159867
1.0496224065771738	2.244491224126739
1.1000000078661387	2.379650228076571
1000001.1000000079	2.379650228076571
