-99999.99999999213	0
0.000000011840932456763653	0
0.0033333451742657903	0.0023043427793752462
0.00833334517426579	0.0061759063658858625
0.015833345174265788	0.012560921266810418
0.027083345174265788	0.02306437097808807
0.04395834517426579	0.04037563383425539
0.0692708451742658	0.0690137313790359
0.10723959517426579	0.11659316398103957
0.16419272017426578	0.1959916525376957
0.2496224076742658	0.32903189531378146
0.3496224076742658	0.5014880662317079
0.44962240767426576	0.6886731641900194
0.5496224076742657	0.8884246596703216
0.6496224076742657	1.099281133914719
0.7496224076742657	1.320187776129451
0.8496224076742657	1.5503522037680004
0.9496224076742656	1.7891585687633578
1.0496224076742657	2.036118584797911
1.1000000078661387	2.1634930927489515
1000001.1000000079	2.1634930927489515
