-99999.99999999213	0
0.000000012230023438419835	0
0.003333345563356772	0.0018615568525291234
0.008333345563356772	0.005074521500319232
0.01583334556335677	0.010484942807951828
0.02708334556335677	0.01954969342047059
0.043958345563356774	0.03474356126710512
0.06927084556335678	0.060275138467911354
0.10723959556335677	0.10331886480093042
0.16419272056335676	0.17612218193273269
0.24962240806335678	0.29962692399009816
0.34962240806335676	0.46133905954898075
0.44962240806335674	0.6381387543273971
0.5496224080633567	0.8278031348480136
0.6496224080633567	1.028831262497379
0.7496224080633567	1.240140350374873
0.8496224080633566	1.4609173805607363
0.9496224080633566	1.6905311967807073
1.0496224080633567	1.9284817786644157
1.1000000078661387	2.051383385261545
1000001.1000000079	2.051383385261545
