-99999.99999999213	0
0.000000007866138629353259	0
0.003333341199471963	0.011121634297013466
0.008333341199471963	0.028229949110521117
0.01583334119947196	0.054495127712648306
0.02708334119947196	0.0948640536597123
0.043958341199471965	0.1570519121100791
0.06927084119947197	0.25314076015138515
0.10723959119947196	0.4021333030386599
0.16419271619947196	0.6340505444759719
0.24962240369947197	0.9965403429588122
0.34962240369947195	1.4383459489068722
0.44962240369947193	1.8955181596157524
0.5496224036994719	2.365767938410076
0.6496224036994719	2.8475491323940574
0.7496224036994719	3.339745728619591
0.8496224036994718	3.841518877958737
0.9496224036994718	4.352217254005209
1.049622403699472	4.871324432839366
1.1000000078661387	5.135888452470838
1000001.1000000079	5.135888452470838
