-99999.99999999213	0
0.000000007866138629353259	0
0.003333341199471963	0.01028505077994441
0.008333341199471963	0.02614349910792602
0.01583334119947196	0.050555345657514995
0.02708334119947196	0.08818329313323432
0.043958341199471965	0.14632852613923564
0.06927084119947197	0.23647115788995046
0.10723959119947196	0.3767414563901729
0.16419271619947196	0.5958982206387291
0.24962240369947197	0.9397454689171879
0.34962240369947195	1.3602187269520096
0.44962240369947193	1.796378328730375
0.5496224036994719	2.2457869664005794
0.6496224036994719	2.7067914857420603
0.7496224036994719	3.178193664481865
0.8496224036994718	3.6590876559847456
0.9496224036994718	4.148767133642813
1.049622403699472	4.646668841627944
1.1000000078661387	4.900465421952572
1000001.1000000079	4.900465421952572
