-99999.99999999213	0
0.0000000054755446843302025	0
0.003333338808878018	0.009096260248863093
0.008333338808878018	0.023148682849970955
0.015833338808878016	0.04485035680152906
0.027083338808878015	0.0784297735337465
0.04395833880887802	0.13054383661298813
0.06927083880887802	0.21171903113214027
0.10723958880887802	0.33867376114325337
0.164192713808878	0.538065252403832
0.24962240130887803	0.8525370728857721
0.349622401308878	1.2387911738298505
0.449622401308878	1.6406940435731057
0.549622401308878	2.0556424714726105
0.6496224013088779	2.481857461293168
0.7496224013088779	2.918044249292904
0.8496224013088779	3.3632263134837617
0.9496224013088779	3.8166523176123666
1.049622401308878	4.2777429968520675
1.1000000078661387	4.512787170190893
1000001.1000000079	4.512787170190893
