-99999.99999999213	0
0.0000000010670300198967198	0
0.0033333344003633534	0.00832019021528929
0.008333334400363353	0.02111959372039528
0.01583333440036335	0.04085673434098114
0.02708333440036335	0.07138783990561966
0.043958334400363355	0.11880126419651396
0.06927083440036336	0.19275701481561308
0.10723958440036335	0.3086659237173478
0.16419270940036335	0.4912015058264871
0.24962239690036336	0.7800626901312245
0.34962239690036334	1.1361017999080838
0.4496223969003633	1.5077154644455846
0.5496223969003633	1.8924247002932426
0.6496223969003633	2.2885486167143028
0.7496223969003633	2.6948860901524743
0.8496223969003632	3.1105408899818525
0.9496223969003632	3.534868221356746
1.0496223969003633	3.96738954380224
1.1000000078661387	4.188278661128442
1000001.1000000079	4.188278661128442
