-99999.99999999213	0
0.0000000000476931827364524	0
0.0033333333810265163	0.007934478879778809
0.008333333381026516	0.020126755139419143
0.015833333381026514	0.03890967295099396
0.027083333381026514	0.06795990569071406
0.04395833338102652	0.11308573468401961
0.06927083338102652	0.18352315333818026
0.10723958338102652	0.29403714121251207
0.1641927083810265	0.4683449662172348
0.24962239588102653	0.7446898628699024
0.3496223958810265	1.0859479257300357
0.4496223958810265	1.4427111812887103
0.5496223958810265	1.8125391334922116
0.6496223958810264	2.19377262776853
0.7496223958810264	2.5852222613007765
0.8496223958810264	2.9860148425714903
0.9496223958810264	3.395504080708124
1.0496223958810265	3.813223330878496
1.1000000078661387	4.026671800609579
1000001.1000000079	4.026671800609579
