-99999.99999999213	0
0	0
0.0033333333333333335	0.007544023180182619
0.008333333333333333	0.0191165224668605
0.01583333333333333	0.03693496949198438
0.02708333333333333	0.06448765308627484
0.043958333333333335	0.10730230774190824
0.06927083333333334	0.17417966429361123
0.10723958333333333	0.2792300688807333
0.16419270833333333	0.4451833339593122
0.24962239583333334	0.7088026784047227
0.3496223958333333	1.035009838548789
0.4496223958333333	1.3766371173321943
0.5496223958333333	1.7312819505519619
0.6496223958333333	2.0973049609931844
0.7496223958333332	2.4735313307420292
0.8496223958333332	2.859094908593038
0.9496223958333332	3.253354494148579
1.0496223958333333	3.655845685977267
1.1000000078661387	3.861623337314664
1000001.1000000079	3.861623337314664
