-99999.99999999213	0
0.000000007842102967003939	0
0.0033333411754363006	0.006238591539269377
0.0083333411754363	0.015804786635043477
0.015833341175436298	0.03054598784177099
0.027083341175436298	0.05338233580458701
0.0439583411754363	0.08897678337814521
0.0692708411754363	0.14480470862980527
0.1072395911754363	0.23296187751831213
0.1641927161754363	0.3731224722037648
0.2496224036754363	0.5974413650711934
0.3496224036754363	0.8770942808370653
0.44962240367543627	1.1718030211711612
0.5496224036754362	1.4792908871593822
0.6496224036754362	1.7979860335622235
0.7496224036754362	2.1267485336275747
0.8496224036754362	2.464731446581727
0.9496224036754362	2.8113011618406607
1.0496224036754362	3.1659857950724044
1.1000000078661387	3.347629144410246
1000001.1000000079	3.347629144410246
