-99999.99999999213	0
0.000000007866138629353259	0
0.003333341199471963	0.0057524526891107285
0.008333341199471963	0.014611100428851394
0.01583334119947196	0.028320256223824947
0.02708334119947196	0.04964618915929845
0.043958341199471965	0.08301378119274289
0.06927084119947197	0.1355522390555374
0.10723959119947196	0.21881780775437598
0.16419271619947196	0.351656022797897
0.24962240369947197	0.5649277363819101
0.34962240369947195	0.8314826687528661
0.44962240369947193	1.112865934633857
0.5496224036994719	1.4067571571495892
0.6496224036994719	1.711536800120877
0.7496224036994719	2.026008204894711
0.8496224036994718	2.349258593404579
0.9496224036994718	2.6805787301720816
1.049622403699472	3.0194154143249237
1.1000000078661387	3.1928190595168937
1000001.1000000079	3.1928190595168937
