-99999.99999999213	0
0.000000007866138629353259	0
0.003333341199471963	0.005243923125480843
0.008333341199471963	0.013364317469961445
0.01583334119947196	0.025991722201407882
0.02708334119947196	0.04572437992587303
0.043958341199471965	0.0767322300754115
0.06927084119947197	0.12575263647119594
0.10723959119947196	0.2037380497190417
0.16419271619947196	0.32859988602824103
0.24962240369947197	0.529736107387684
0.34962240369947195	0.781817758468065
0.44962240369947193	1.0484499858682268
0.5496224036994719	1.3273217905404953
0.6496224036994719	1.616818009834315
0.7496224036994719	1.9157398488414494
0.8496224036994718	2.223168327119015
0.9496224036994718	2.53838443779547
1.049622403699472	2.860823817692469
1.1000000078661387	3.025852644823955
1000001.1000000079	3.025852644823955
