-99999.99999999213	0
0.000000007866138629353259	0
0.003333341199471963	0.004724031407543655
0.008333341199471963	0.012090879855947471
0.01583334119947196	0.023612622359303816
0.02708334119947196	0.04170933091458379
0.043958341199471965	0.07027899808118021
0.06927084119947197	0.11564021316201521
0.10723959119947196	0.18810092052871058
0.16419271619947196	0.304563328699714
0.24962240369947197	0.49285063245122984
0.34962240369947195	0.7295532409257167
0.44962240369947193	0.9804964689066183
0.5496224036994719	1.2434168440086653
0.6496224036994719	1.5167387636962153
0.7496224036994719	1.7992978285408467
0.8496224036994718	2.090207173092264
0.9496224036994718	2.388778953594765
1.049622403699472	2.694481419647361
1.1000000078661387	2.851055040534456
1000001.1000000079	2.851055040534456
