-99999.99999999213	0
0.000000007866138629353259	0
0.003333341199471963	0.004203819263933426
0.008333341199471963	0.010816909547710984
0.01583334119947196	0.021239527622938296
0.02708334119947196	0.03769554750854568
0.043958341199471965	0.06380743284888143
0.06927084119947197	0.10546359443378786
0.10723959119947196	0.17230251248239187
0.16419271619947196	0.2801867219925183
0.24962240369947197	0.4553007753822216
0.34962240369947195	0.6762093856180628
0.44962240369947193	0.9110301314203764
0.5496224036994719	1.157569147574122
0.6496224036994719	1.4143082707226509
0.7496224036994719	1.6801359740227186
0.8496224036994718	1.954216102139008
0.9496224036994718	2.2359114886330786
1.049622403699472	2.5247428697513623
1.1000000078661387	2.672837175891215
1000001.1000000079	2.672837175891215
