-99999.99999999213	0
0.000000007866138629353259	0
0.003333341199471963	0.0036990349085504757
0.008333341199471963	0.009586634710509375
0.01583334119947196	0.018928142341773167
0.02708334119947196	0.03377721881910867
0.043958341199471965	0.05747187481208254
0.06927084119947197	0.09546889611046437
0.10723959119947196	0.1567384325961347
0.16419271619947196	0.2560972656178878
0.24962240369947197	0.4181077594560924
0.34962240369947195	0.6232834761528885
0.44962240369947193	0.8420336991616646
0.5496224036994719	1.0722393646606485
0.6496224036994719	1.3124431654524717
0.7496224036994719	1.5615883459927404
0.8496224036994718	1.8188908994571478
0.9496224036994718	2.083765677295385
1.049622403699472	2.355786332853778
1.1000000078661387	2.4954330992255653
1000001.1000000079	2.4954330992255653
