-99999.99999999213	0
0.000000007866138629353259	0
0.003333341199471963	0.0027944723676196735
0.008333341199471963	0.007421802466598781
0.01583334119947196	0.015001025220617444
0.02708334119947196	0.027522944218465895
0.043958341199471965	0.04827085482838454
0.06927084119947197	0.08185373262786834
0.10723959119947196	0.13714539659690195
0.16419271619947196	0.22767176527656277
0.24962240369947197	0.3765154884169597
0.34962240369947195	0.565941712446439
0.44962240369947193	0.768090581452257
0.5496224036994719	0.9800874395700986
0.6496224036994719	1.2018113096439338
0.7496224036994719	1.433003535741884
0.8496224036994718	1.6720885744441478
0.9496224036994718	1.9177497106396308
1.049622403699472	2.1678212062507245
1.1000000078661387	2.2885148286967434
1000001.1000000079	2.2885148286967434
