-100001.1	0
-0.000000000008730793865652231	0
0.0033333333246026164	0.0000000000000001216174503423273
0.00833333332460251	0.00000000000000030417747601945166
0.015833333324602572	0.0000000000000005780282981744843
0.027083333324602554	0.0000000000000009902080954465723
0.04395833332460253	0.0000000000000016095668591670832
0.0692708333246026	0.000000000000002542035436877797
0.1072395833246027	0.000000000000003948456775736238
0.16419270832460264	0.000000000000006075455346681687
0.24962239582460266	0.000000000000009262902076962782
0.34962239582460275	0.00000000000001314498224612881
0.44962239582460284	0.000000000000016951693982967973
0.5496223958246029	0.00000000000002101763497038055
0.649622395824603	0.00000000000002505033341758338
0.7496223958246031	0.00000000000002914727992150418
0.8496223958246032	0.000000000000032820458639989567
0.9496223958246031	0.00000000000003648938309742256
1.0496223958246031	0.00000000000004182360777357487
1.1496223958246032	0.0000000000000461775465043677
1.2496223958246033	0.000000000000050595733291877827
1.3496223958246034	0.00000000000005507816813610722
1.4496223958246035	0.00000000000005962485103705396
1.5496223958246036	0.0000000000000642357819947187
1.6496223958246037	0.00000000000006891096100910139
1.7496223958246038	0.00000000000007217415301463982
1.8496223958246039	0.00000000000007845406320802076
1.949622395824604	0.00000000000008148896358478232
2.049622395824604	0.00000000000008825415763381205
2.149622395824604	0.00000000000009325057693178468
2.249622395824604	0.00000000000009831124428647528
2.3496223958246043	0.00000000000010343615969788388
2.4496223958246044	0.00000000000009469821457345355
2.5496223958246045	0.00000000000010634912584646696
2.6496223958246046	0.00000000000011445015106228842
2.7496223958246047	0.00000000000012093233291119688
2.8496223958246047	0.00000000000010861329729128007
2.949622395824605	0.00000000000012439762476027958
3.0496223958246045	0.00000000000011160111540301285
3.149622395824604	0.00000000000012945119122649165
3.2496223958246038	0.00000000000012024136823676738
3.3496223958246034	0.0000000000001442507341723383
3.449622395824603	0.00000000000014358669464149735
3.5496223958246027	0.00000000000015444449591057248
3.6496223958246023	0.00000000000014701465236810286
3.749622395824602	0.00000000000016481639567027666
3.8496223958246016	0.0000000000001571567849967012
3.9496223958246013	0.00000000000015176298917397272
4.049622395824601	0.00000000000018070825410008882
4.149622395824601	0.00000000000018609460925409454
4.2496223958246	0.0000000000001915254989134677
4.3496223958246	0.0000000000001970009230782083
4.4496223958245995	0.00000000000020252088174831642
4.549622395824599	0.00000000000020808537492379205
4.649622395824599	0.00000000000019907877779680415
4.749622395824598	0.00000000000021934796479084569
4.849622395824598	0.00000000000022504606148242364
4.949622395824598	0.00000000000023078869267936916
5.049622395824597	0.00000000000021933734447256257
5.149622395824597	0.0000000000002296191168751301
5.249622395824597	0.00000000000022965270824492804
5.349622395824596	0.0000000000002542045625208258
5.449622395824596	0.00000000000017530681430482536
5.549622395824596	0.0000000000001791409925385618
5.649622395824595	0.00000000000018260974395158036
5.749622395824595	0.00000000000018461366899585238
5.8496223958245945	0.00000000000018159613464395633
5.949622395824594	0.00000000000019268212114663615
6.049622395824594	0.0000000000001961724523043425
6.1496223958245935	0.00000000000019607337675535819
6.249622395824593	0.00000000000018891185635832427
6.349622395824593	0.000000000000207042062055525
6.449622395824592	0.00000000000021079813739860704
6.549622395824592	0.000000000000202440993920642
6.649622395824592	0.00000000000021850959622380263
6.749622395824591	0.00000000000020882966495901274
6.849622395824591	0.00000000000022648679923437389
6.949622395824591	0.00000000000023057505480917525
7.04962239582459	0.0000000000002347297464303206
7.14962239582459	0.00000000000022218433631484425
7.24962239582459	0.00000000000022564328108694592
7.349622395824589	0.0000000000002291503366323052
7.449622395824589	0.0000000000002520128733783409
7.5496223958245885	0.00000000000025649974523120565
7.649622395824588	0.00000000000023996016790792783
7.749622395824588	0.0000000000002436596665463171
7.849622395824587	0.0000000000002474072759579639
7.949622395824587	0.00000000000025120299614286816
8.049622395824587	0.0000000000002799306451906882
8.149622395824586	0.0000000000002848161333216164
8.249622395824586	0.0000000000002477747927454643
8.349622395824586	0.0000000000002502525366996265
8.449622395824585	0.0000000000002527255929782102
8.549622395824585	0.0000000000002551939615812153
8.649622395824585	0.0000000000002576576425086419
8.749622395824584	0.0000000000002601166357604899
8.849622395824584	0.00000000000026257094133675933
8.949622395824584	0.0000000000002650205592374502
9.049622395824583	0.0000000000002674654894625626
9.149622395824583	0.00000000000026990573201209635
9.249622395824582	0.0000000000002723412868860516
9.349622395824582	0.0000000000002747721540844282
9.449622395824582	0.0000000000002771983336072263
9.549622395824581	0.0000000000002796198254544459
9.649622395824581	0.00000000000028203662962608694
9.74962239582458	0.00000000000028444874612214927
9.84962239582458	0.00000000000028685617494263324
9.94962239582458	0.00000000000028925891608753856
10.04962239582458	0.0000000000002916569695568653
10.14962239582458	0.00000000000029405033535061357
10.249622395824579	0.00000000000029643901346878317
10.349622395824579	0.0000000000002988230039113743
10.449622395824578	0.00000000000030120230667838685
10.549622395824578	0.00000000000030357692176982083
10.649622395824577	0.00000000000030594684918567625
10.749622395824577	0.00000000000030831208892595307
10.805	0.0000000000003554974586315243
1000010.805	0.0000000000003554974586315243
