-100001.1	0
0	0
0.0033333333333334103	0.03256052321822381
0.008333333333333304	0.08140327076888661
0.015833333333333366	0.1546718107777781
0.027083333333333348	0.2645845715599807
0.04395833333333332	0.4294761314349805
0.06927083333333339	0.6768640127935295
0.1072395833333335	1.0480598890116462
0.16419270833333344	1.6051114582379569
0.24962239583333345	2.441272584453266
0.34962239583333354	3.420941489822186
0.44962239583333363	4.401588653833614
0.5496223958333337	5.38322453490859
0.6496223958333338	6.365859591468146
0.7496223958333339	7.349504281933326
0.849622395833334	8.334169064725138
0.9496223958333339	9.319864398264622
1.049622395833334	10.30660074097281
1.149622395833334	11.294388551270744
1.2496223958333341	12.283238287579445
1.3496223958333342	13.273160408319939
1.4496223958333343	14.264165371913265
1.5496223958333344	15.256263636780464
1.6496223958333345	16.249465661342533
1.7496223958333346	17.243781904020548
1.8496223958333347	18.239222823235497
1.9496223958333347	19.235798877408424
2.049622395833335	20.233520524960408
2.149622395833335	21.232398224312416
2.249622395833335	22.23244243388548
2.349622395833335	23.233663612100717
2.449622395833335	24.236072217379046
2.5496223958333353	25.239678708141547
2.6496223958333354	26.24449354280928
2.7496223958333355	27.250527179803225
2.8496223958333355	28.257790077544456
2.9496223958333356	29.266292694453988
3.0496223958333353	30.276045488952803
3.149622395833335	31.287058919462005
3.2496223958333346	32.29934344440261
3.349622395833334	33.31290952219562
3.449622395833334	34.32776761126209
3.5496223958333335	35.34392817002307
3.649622395833333	36.361401656899496
3.749622395833333	37.38019853031254
3.8496223958333324	38.40032924868316
3.949622395833332	39.42180427043233
4.049622395833332	40.44463405398121
4.149622395833331	41.46882905775072
4.249622395833331	42.4943997401619
4.349622395833331	43.52135655963593
4.44962239583333	44.549709974593625
4.54962239583333	45.57947044345608
4.64962239583333	46.61064842464452
4.749622395833329	47.6432543765797
4.849622395833329	48.677298757682735
4.9496223958333285	49.712792026374835
5.049622395833328	50.749744641076745
5.149622395833328	51.78816706020974
5.2496223958333275	52.82806974219473
5.349622395833327	53.869463145452684
5.449622395833327	54.912357728404814
5.549622395833326	55.76469392431692
5.649622395833326	56.80600046295467
5.749622395833326	57.84692136612867
5.849622395833325	58.887437180525126
5.949622395833325	59.92752845283017
6.049622395833325	60.96717572972956
6.149622395833324	62.00635955790984
6.249622395833324	63.04506048405675
6.3496223958333236	64.08325905485647
6.449622395833323	65.12093581699506
6.549622395833323	66.15807131715876
6.6496223958333225	67.19464610203325
6.749622395833322	68.2306407183051
6.849622395833322	69.26603571266003
6.949622395833321	70.30081163178436
7.049622395833321	71.33494902236377
7.149622395833321	72.36842843108492
7.24962239583332	73.40123040463341
7.34962239583332	74.4333354896955
7.44962239583332	75.46472423295727
7.549622395833319	76.49537718110487
7.649622395833319	77.52527488082424
7.749622395833319	78.55439787880144
7.849622395833318	79.58272672172278
7.949622395833318	80.6102419562739
8.049622395833318	81.63692412914139
8.149622395833317	82.66275378701083
8.249622395833317	83.687711476569
8.349622395833316	84.7117777445011
8.449622395833316	85.73493313749393
8.549622395833316	86.75715820223313
8.649622395833315	87.77843348540493
8.749622395833315	88.79873953369534
8.849622395833315	89.81805689379075
8.949622395833314	90.83636611237661
9.049622395833314	91.85364773613976
9.149622395833314	92.86988231176565
9.249622395833313	93.88505038594063
9.349622395833313	94.89913250535098
9.449622395833313	95.91210921668213
9.549622395833312	96.92396106662099
9.649622395833312	97.934668601853
9.749622395833311	98.94421236906447
9.849622395833311	99.9525729149415
9.94962239583331	100.95973078617028
10.04962239583331	101.96566652943656
10.14962239583331	102.9703606914266
10.24962239583331	103.97379381882651
10.34962239583331	104.9759464583225
10.449622395833309	105.97679915660008
10.549622395833309	106.97633246034613
10.649622395833308	107.97452691624616
10.749622395833308	108.97136307098641
10.805	109.1248399999973
1000010.805	109.1248399999973
