-100001.1	0
-0.000000000008730793865652231	0
0.0033333333246026164	0
0.00833333332460251	0
0.015833333324602572	0
0.027083333324602554	0
0.04395833332460253	0
0.0692708333246026	0
0.1072395833246027	0
0.16419270832460264	0
0.24962239582460266	0
0.34962239582460275	0
0.44962239582460284	0
0.5496223958246029	0
0.649622395824603	0
0.7496223958246031	0
0.8496223958246032	0
0.9496223958246031	0
1.0496223958246031	0
1.1496223958246032	0
1.2496223958246033	0
1.3496223958246034	0
1.4496223958246035	0
1.5496223958246036	0
1.6496223958246037	0
1.7496223958246038	0
1.8496223958246039	0
1.949622395824604	0
2.049622395824604	0
2.149622395824604	0
2.249622395824604	0
2.3496223958246043	0
2.4496223958246044	0
2.5496223958246045	0
2.6496223958246046	0
2.7496223958246047	0
2.8496223958246047	0
2.949622395824605	0
3.0496223958246045	0
3.149622395824604	0
3.2496223958246038	0
3.3496223958246034	0
3.449622395824603	0
3.5496223958246027	0
3.6496223958246023	0
3.749622395824602	0
3.8496223958246016	0
3.9496223958246013	0
4.049622395824601	0
4.149622395824601	0
4.2496223958246	0
4.3496223958246	0
4.4496223958245995	0
4.549622395824599	0
4.649622395824599	0
4.749622395824598	0
4.849622395824598	0
4.949622395824598	0
5.049622395824597	0
5.149622395824597	0
5.249622395824597	0
5.349622395824596	0
5.449622395824596	0
5.549622395824596	0.00000000000034700546140204634
5.649622395824595	0.0000000000003532582374767379
5.749622395824595	0.0000000000003595110135514295
5.8496223958245945	0.00000000000036576378962612096
5.949622395824594	0.0000000000003720165657008124
6.049622395824594	0.00000000000037826934177550366
6.1496223958245935	0.00000000000038452211785019493
6.249622395824593	0.00000000000039077489392488625
6.349622395824593	0.00000000000039702766999957743
6.449622395824592	0.0000000000004032804460742686
6.549622395824592	0.0000000000004095332221489597
6.649622395824592	0.00000000000041578599822365074
6.749622395824591	0.0000000000004220387742983417
6.849622395824591	0.00000000000042829155037303273
6.949622395824591	0.0000000000004345443264477235
7.04962239582459	0.00000000000044079710252241447
7.14962239582459	0.0000000000004470498785971052
7.24962239582459	0.0000000000004533026546717958
7.349622395824589	0.0000000000004595554307464866
7.449622395824589	0.0000000000004658082068211772
7.5496223958245885	0.0000000000004720609828958679
7.649622395824588	0.0000000000004783137589705583
7.749622395824588	0.0000000000004845665350452488
7.849622395824587	0.0000000000004908193111199392
7.949622395824587	0.0000000000004970720871946296
8.049622395824587	0.0000000000005033248632693199
8.149622395824586	0.0000000000005095776393440101
8.249622395824586	0.0000000000005158304154187004
8.349622395824586	0.0000000000005220831914933905
8.449622395824585	0.0000000000005283359675680807
8.549622395824585	0.0000000000005345887436427708
8.649622395824585	0.0000000000005408415197174607
8.749622395824584	0.0000000000005470942957921508
8.849622395824584	0.0000000000005533470718668406
8.949622395824584	0.0000000000005595998479415305
9.049622395824583	0.0000000000005658526240162203
9.149622395824583	0.0000000000005721054000909099
9.249622395824582	0.0000000000005783581761655996
9.349622395824582	0.0000000000005846109522402894
9.449622395824582	0.0000000000005908637283149789
9.549622395824581	0.0000000000005971165043896684
9.649622395824581	0.0000000000006033692804643579
9.74962239582458	0.0000000000006096220565390474
9.84962239582458	0.0000000000006158748326137368
9.94962239582458	0.0000000000006221276086884261
10.04962239582458	0.0000000000006283803847631153
10.14962239582458	0.0000000000006346331608378046
10.249622395824579	0.0000000000006408859369124937
10.349622395824579	0.0000000000006471387129871829
10.449622395824578	0.0000000000006533914890618718
10.549622395824578	0.0000000000006596442651365611
10.649622395824577	0.0000000000006658970412112499
10.749622395824577	0.0000000000006721498172859389
10.805	0
1000010.805	0
