-100006.313	0
0	0
0.0033333333333329662	0.003079999999998841
0.00833333333333286	0.0076999999999987434
0.015833333333333144	0.014629999999999007
0.02708333333333357	0.0250249999999994
0.04395833333333332	0.040617499999999175
0.06927083333333339	0.06400624999999922
0.1072395833333335	0.09908937499999933
0.16419270833333321	0.15171406249999914
0.2496223958333328	0.23065109374999865
0.34962239583333243	0.32305109374999835
0.4496223958333321	0.415451093749998
0.5496223958333317	0.5078510937499976
0.6496223958333314	0.600251093749997
0.749622395833331	0.692651093749997
0.8496223958333307	0.7850510937499965
0.9496223958333303	0.8774510937499956
1.04962239583333	0.9698510937499953
1.1496223958333296	1.062251093749995
1.2496223958333292	1.1546510937499945
1.3496223958333289	1.2470510937499948
1.4496223958333285	1.3394510937499935
1.5496223958333282	1.4318510937499938
1.6496223958333278	1.5242510937499933
1.7496223958333275	1.6166510937499918
1.849622395833327	1.709051093749992
1.9496223958333267	1.8014510937499915
2.0496223958333264	1.8938510937499917
2.149622395833326	1.9862510937499906
2.2496223958333257	2.0786510937499907
2.3496223958333253	2.17105109374999
2.449622395833325	2.2634510937499894
2.5496223958333246	2.355851093749989
2.6496223958333243	2.4482510937499886
2.749622395833324	2.540651093749988
2.8496223958333236	2.633051093749988
2.949622395833323	2.725451093749987
3.049622395833323	2.817851093749986
3.1496223958333225	2.9102510937499866
3.249622395833322	3.002651093749987
3.330000000000002	3.0769199999999985
1000003.3300000001	3.0769199999999985
