-100000.6	0
-0.000000000008731237954862081	0
0.0033333333246020613	0.0028466666593658005
0.008333333324602066	0.007116666659366604
0.015833333324602017	0.01352166665936792
0.027083333324602	0.02312916665936962
0.04395833332460197	0.037540416659371544
0.06927083332460193	0.05915729165937325
0.10723958332460193	0.09158260415937407
0.16419270832460198	0.14022057290937417
0.249622395824602	0.21317752603437432
0.349622395824602	0.29857752603437443
0.44962239582460195	0.3839775260343747
0.549622395824602	0.46937752603437477
0.6496223958246021	0.5547775260343747
0.7496223958246022	0.6401775260343748
0.8496223958246023	0.7255775260343754
0.9496223958246024	0.810977526034376
1	0.8540000000001651
1000001	0.8540000000001651
