-100000.6	0
-0.000000000008731237954862081	0
0.0033333333246020613	0.002846666659055145
0.008333333324602066	0.007116666659056347
0.015833333324602017	0.013521666659059262
0.027083333324602	0.023129166659063404
0.04395833332460197	0.03754041665906883
0.06927083332460193	0.059157291659075434
0.10723958332460193	0.09158260415908241
0.16419270832460198	0.1402205729090875
0.249622395824602	0.21317752603408913
0.349622395824602	0.29857752603408955
0.44962239582460195	0.38397752603408913
0.549622395824602	0.46937752603408966
0.6496223958246021	0.5547775260340896
0.7496223958246022	0.64017752603409
0.8496223958246023	0.7255775260340901
0.9496223958246024	0.8109775260340899
1	0.8539999999998803
1000001	0.8539999999998803
