-100000.6	0
-0.000000000008731237954862081	0
0.0033333333246020613	0.002846666659417576
0.008333333324602066	0.007116666659418397
0.015833333324602017	0.013521666659419876
0.027083333324602	0.02312916665942212
0.04395833332460197	0.03754041665942547
0.06927083332460193	0.059157291659430136
0.10723958332460193	0.09158260415943609
0.16419270832460198	0.14022057290944115
0.249622395824602	0.2131775260344424
0.349622395824602	0.2985775260344426
0.44962239582460195	0.3839775260344421
0.549622395824602	0.46937752603444227
0.6496223958246021	0.5547775260344421
0.7496223958246022	0.6401775260344423
0.8496223958246023	0.7255775260344417
0.9496223958246024	0.8109775260344423
1	0.8540000000002318
1000001	0.8540000000002318
