-100000.6	0
-0.000000000008731237954862081	0
0.0033333333246020613	0.0028466666591586737
0.008333333324602066	0.007116666659159492
0.015833333324602017	0.01352166665916097
0.027083333324602	0.02312916665916323
0.04395833332460197	0.03754041665916656
0.06927083332460193	0.05915729165917125
0.10723958332460193	0.09158260415917718
0.16419270832460198	0.14022057290918222
0.249622395824602	0.21317752603418363
0.349622395824602	0.2985775260341836
0.44962239582460195	0.3839775260341833
0.549622395824602	0.46937752603418337
0.6496223958246021	0.5547775260341833
0.7496223958246022	0.6401775260341833
0.8496223958246023	0.7255775260341835
0.9496223958246024	0.8109775260341836
1	0.8539999999999731
1000001	0.8539999999999731
