-100000.6	0
-0.000000000008731237954862081	0
0.0033333333246020613	0.002846666659555974
0.008333333324602066	0.0071166666595571726
0.015833333324602017	0.01352166665956009
0.027083333324602	0.023129166659564233
0.04395833332460197	0.03754041665956965
0.06927083332460193	0.05915729165957628
0.10723958332460193	0.0915826041595832
0.16419270832460198	0.1402205729095883
0.249622395824602	0.21317752603459
0.349622395824602	0.2985775260345902
0.44962239582460195	0.3839775260345902
0.549622395824602	0.4693775260345904
0.6496223958246021	0.5547775260345903
0.7496223958246022	0.6401775260345909
0.8496223958246023	0.725577526034591
0.9496223958246024	0.8109775260345913
1	0.8540000000003811
1000001	0.8540000000003811
