-100006.313	0
0	0
0.0033333333333329662	0.0000000000000000000000000000000001925929944387236
0.00833333333333286	0
0.015833333333333144	0
0.02708333333333357	0.0000000000000000000000000000000005537048590113303
0.04395833333333332	0.00000000000000000000000000000000067407548053553255
0.06927083333333339	0.0000000000000000000000000000000012037062152420224
0.1072395833333335	0.0000000000000000000000000000000008666684749742561
0.16419270833333321	0.000000000000000000000000000000003274080905458301
0.2496223958333328	0.000000000000000000000000000000040059342843254506
0.34962239583333243	0.0000000000000000000000000000001232595164407831
0.4496223958333321	0.00000000000000000000000000000003543711097672514
0.5496223958333317	0.00000000000000000000000000000007188533517425358
0.6496223958333314	0.0000000000000000000000000000005902975279546878
0.749622395833331	0.0000000000000000000000000000001217187724852733
0.8496223958333307	0.0000000000000000000000000000010754392809458325
0.9496223958333303	0.0000000000000000000000000000018612186982558247
1.04962239583333	0.0000000000000000000000000000004845639740078285
1.1496223958333296	0.00000000000000000000000000000016640034719505718
1.2496223958333292	0.00000000000000000000000000000005700752635386218
1.3496223958333289	0.000000000000000000000000000006323213193412173
1.4496223958333285	0.000000000000000000000000000005912219743279937
1.5496223958333282	0.0000000000000000000000000000015777218104420236
1.6496223958333278	0.0000000000000000000000000000038456969129524326
1.7496223958333275	0.0000000000000000000000000000007272311470006203
1.849622395833327	0.0000000000000000000000000000018550557224337856
1.9496223958333267	0.000000000000000000000000000001996804166340686
2.0496223958333264	0.0000000000000000000004904032449728857
2.149622395833326	0.0000000000000000000000000000011771283820094786
2.2496223958333257	0.000000000000000000000000000006890206969039775
2.3496223958333253	0.0000000000000000000000000000047578173346142275
2.449622395833325	0.0000000000000000000000000000015838847862640628
2.5496223958333246	0.000000000000000000000000000012658752338468424
2.6496223958333243	0.00000000000000000000000000004502670135581807
2.749622395833324	0.0000000000000000000000000000047947951895464624
2.8496223958333236	0.000000000000000000000408814179085859
2.949622395833323	0.000000000000000000000000000019018943386812831
3.049622395833323	0.00000000000000000000000000005860990006759236
3.1496223958333225	0.000000000000000000000000000024981622494635716
3.249622395833322	0.000000000000000000000000000002398938338728741
3.3369999999999997	0.000000000000000000000000000021009584577331478
1000003.337	0.000000000000000000000000000021009584577331478
