-100006.313	0
0	0
0.0033333333333329662	0.0033904134211296772
0.00833333333333286	0.00849307809114559
0.015833333333333144	0.016185269370945627
0.02708333333333357	0.027809360229416748
0.04395833333333332	0.045462992354250414
0.06927083333333339	0.07329518028416113
0.1072395833333335	0.11808843645077632
0.16419270833333321	0.18947949677816614
0.2496223958333328	0.30536456436284587
0.34962239583333243	0.4518396302652657
0.4496223958333321	0.6040284750383783
0.5496223958333317	0.7641150134931836
0.6496223958333314	0.9357125838133268
0.749622395833331	1.1134027174045504
0.8496223958333307	1.2960582659391926
0.9496223958333303	1.4822254276622446
1.04962239583333	1.675675555058747
1.1496223958333296	1.8759041534719356
1.2496223958333292	2.0832419465735326
1.3496223958333289	2.29881076110855
1.4496223958333285	2.5204299476818135
1.5496223958333282	2.7502327133850275
1.6496223958333278	2.9866011660350176
1.7496223958333275	3.229811872680071
1.849622395833327	3.48082717946573
1.9496223958333267	3.7249910973961606
2.0496223958333264	3.9898213618438323
2.149622395833326	4.257651625218349
2.2496223958333257	4.526341482535439
2.3496223958333253	4.799393765235969
2.449622395833325	5.074546322197835
2.5496223958333246	5.350093989154094
2.6496223958333243	5.623606652448694
2.749622395833324	5.8912426084874925
2.8496223958333236	6.161554332600485
2.949622395833323	6.436329723194168
3.049622395833323	6.711896126250123
3.1496223958333225	6.986835239364899
3.249622395833322	7.260306370755571
3.3369999999999997	7.475366159380351
1000003.337	7.475366159380351
