-100006.313	0
0	0
0.0033333333333329662	0.003079999999998846
0.00833333333333286	0.007699999999998752
0.015833333333333144	0.014629999999999022
0.02708333333333357	0.025024999999999433
0.04395833333333332	0.04061749999999923
0.06927083333333339	0.06400624999999932
0.1072395833333335	0.09908937499999944
0.16419270833333321	0.15171406249999925
0.2496223958333328	0.23065109374999904
0.34962239583333243	0.32305109374999885
0.4496223958333321	0.4154510937499985
0.5496223958333317	0.5078510937499985
0.6496223958333314	0.6002510937499983
0.749622395833331	0.6926510937499979
0.8496223958333307	0.785051093749998
0.9496223958333303	0.8774510937499973
1.04962239583333	0.9698510937499972
1.1496223958333296	1.0622510937499974
1.2496223958333292	1.1546510937499972
1.3496223958333289	1.2470510937499966
1.4496223958333285	1.3394510937499966
1.5496223958333282	1.4318510937499962
1.6496223958333278	1.524251093749996
1.7496223958333275	1.6166510937499956
1.849622395833327	1.7090510937499963
1.9496223958333267	1.8014510937499961
2.0496223958333264	1.8938510937499953
2.149622395833326	1.986251093749995
2.2496223958333257	2.0786510937499947
2.3496223958333253	2.1710510937499943
2.449622395833325	2.2634510937499948
2.5496223958333246	2.355851093749995
2.6496223958333243	2.448251093749995
2.749622395833324	2.540651093749995
2.8496223958333236	2.6330510937499936
2.949622395833323	2.725451093749993
3.049622395833323	2.817851093749994
3.1496223958333225	2.9102510937499937
3.249622395833322	3.0026510937499924
3.330000000000002	3.0769200000000065
1000003.3300000001	3.0769200000000065
