-100006.313	0
0	0
0.0033333333333329662	0
0.00833333333333286	0
0.015833333333333144	0
0.02708333333333357	0
0.04395833333333332	0
0.06927083333333339	0
0.1072395833333335	0
0.16419270833333321	0.00000000000000018710193685798153
0.2496223958333328	0
0.34962239583333243	0.0000000000000008395380819247069
0.4496223958333321	0.0000000000000016624090711062635
0.5496223958333317	0
0.6496223958333314	0
0.749622395833331	0.000000000000000991952821779315
0.8496223958333307	0.0000000000000011487310623139316
0.9496223958333303	0
1.04962239583333	0.000000000000005909085740483765
1.1496223958333296	0.0000000000000016486240735469368
1.2496223958333292	0.000000000000005473277247973854
1.3496223958333289	0.000000000000004008955093521772
1.4496223958333285	0
1.5496223958333282	0.000000000000021388949256063982
1.6496223958333278	0.0000000000000051363758096293056
1.6685000000000016	0.000000000000010419044716196556
1000001.6685	0.000000000000010419044716196556
