-100006.313	0
0	0
0.0033333333333329662	0.004557307338712221
0.00833333333333286	0.011462168521051424
0.015833333333333144	0.021975140296288508
0.02708333333333357	0.03809626574855265
0.04395833333333332	0.0630515501985022
0.06927083333333339	0.10221796169186693
0.1072395833333335	0.16504026814068753
0.16419270833333321	0.26620688213425825
0.2496223958333328	0.42466684530959253
0.34962239583333243	0.6192932934032217
0.4496223958333321	0.8208385434090343
0.5496223958333317	1.032228643605064
0.6496223958333314	1.2541605705347967
0.749622395833331	1.4860385208381137
0.8496223958333307	1.724598750706485
0.9496223958333303	1.9543375034478883
1.04962239583333	2.1877228852502832
1.1496223958333296	2.424709212045856
1.2496223958333292	2.7231747898654706
1.3496223958333289	2.9732946763614003
1.4496223958333285	3.2227979266214066
1.5496223958333282	3.471251203263011
1.6496223958333278	3.7222514679616014
1.6685000000000016	3.767464345648133
1000001.6685	3.767464345648133
