-100006.313	0
0	0
0.0033333333333329662	0
0.00833333333333286	0
0.015833333333333144	0
0.02708333333333357	0
0.04395833333333332	0
0.06927083333333339	0
0.1072395833333335	0.000000000000000000000000000000011820395033676661
0.16419270833333321	0.00000000000000000000000000000002850376317693109
0.2496223958333328	0
0.34962239583333243	0.000000000000000000000000000000015407439555097887
0.4496223958333321	0
0.5496223958333317	0.00000000000000000000000000000007626682579773453
0.6496223958333314	0.00000000000000000000000000000008628166150854817
0.749622395833331	0.0000000000000000000000000000012079432611196745
0.8496223958333307	0.000000000000000000000000000000896712982106697
0.9496223958333303	0.0000000000000000000000000000007765349535769335
1.04962239583333	0.0000000000000000000000000000013404472412935162
1.1496223958333296	0.0000000000000000000000000000011401505270772436
1.2496223958333292	0.000000000000000000000000000001756448109281159
1.3496223958333289	0.000000000000000000009506480550924554
1.4496223958333285	0.000000000000000000000000000016294908073471525
1.5496223958333282	0.0000000000000000000000000000002295708493709585
1.6496223958333278	0.0000000000000000000000000000014247066763604577
1.6685000000000016	0.00000000000000000000000000000167632942359465
1000001.6685	0.00000000000000000000000000000167632942359465
