-100009.65	0
0	0
0.0033333333333338544	0.027300000000004248
0.008333333333334636	0.06825000000001058
0.01583333333333492	0.12967500000001286
0.027083333333335347	0.22181250000001623
0.043958333333335986	0.36001875000002137
0.06927083333333606	0.5673281250000219
0.10723958333333528	0.8782921875000149
0.164192708333335	1.3447382812500122
0.24962239583333456	2.0444074218750083
0.3496223958333342	2.8634074218750043
0.44962239583333385	3.6824074218750007
0.5496223958333335	4.5014074218749975
0.6496223958333331	5.320407421874992
0.7496223958333328	6.13940742187499
0.8496223958333324	6.958407421874985
0.9496223958333321	7.7774074218749805
1.0496223958333317	8.59640742187498
1.1496223958333314	9.415407421874974
1.249622395833331	10.234407421874971
1.3496223958333307	11.053407421874969
1.4496223958333303	11.872407421874962
1.5	12.284999999999991
1000001.5	12.284999999999991
