-100009.65	0
0	0
0.0033333333333338544	0.02730000000000438
0.008333333333334636	0.06825000000001097
0.01583333333333492	0.12967500000001353
0.027083333333335347	0.22181250000001737
0.043958333333335986	0.36001875000002315
0.06927083333333606	0.5673281250000246
0.10723958333333528	0.8782921875000196
0.164192708333335	1.3447382812500188
0.24962239583333456	2.0444074218750186
0.3496223958333342	2.86340742187502
0.44962239583333385	3.68240742187502
0.5496223958333335	4.501407421875018
0.6496223958333331	5.320407421875021
0.7496223958333328	6.1394074218750205
0.8496223958333324	6.95840742187502
0.9496223958333321	7.77740742187502
1.0496223958333317	8.596407421875025
1.1496223958333314	9.415407421875022
1.249622395833331	10.234407421875023
1.3496223958333307	11.05340742187503
1.4496223958333303	11.87240742187502
1.5	12.28500000000005
1000001.5	12.28500000000005
