-100009.65	0
0	0
0.0033333333333338544	0.027300000000004324
0.008333333333334636	0.0682500000000108
0.01583333333333492	0.12967500000001325
0.027083333333335347	0.22181250000001682
0.043958333333335986	0.3600187500000223
0.06927083333333606	0.5673281250000235
0.10723958333333528	0.8782921875000174
0.164192708333335	1.3447382812500153
0.24962239583333456	2.044407421875013
0.3496223958333342	2.8634074218750123
0.44962239583333385	3.6824074218750105
0.5496223958333335	4.50140742187501
0.6496223958333331	5.320407421875007
0.7496223958333328	6.1394074218750045
0.8496223958333324	6.958407421875003
0.9496223958333321	7.777407421875002
1.0496223958333317	8.596407421875
1.1496223958333314	9.415407421874999
1.249622395833331	10.234407421874996
1.3496223958333307	11.053407421874995
1.4496223958333303	11.872407421874996
1.5	12.285000000000023
1000001.5	12.285000000000023
