-100007.25	0
0.4227403098799414	0
0.42607364321327434	0.000000019308545969280648
0.43107364321327424	0.00000029758302716295513
0.4385736432132745	0.0000020337143657081983
0.44982364321327495	0.000010167680009816573
0.4666986432132747	0.000043191671184351845
0.49201114321327477	0.00016748024133198843
0.5299798932132749	0.0006118526175617665
0.5869330182132746	0.002013733147836638
0.6723627057132742	0.00585205986857164
0.7723627057132738	0.013103800954631779
0.8723627057132735	0.023463725372233596
0.9723627057132731	0.03705892648664193
1.0723627057132727	0.05400485159280086
1.1723627057132724	0.07440952412444095
1.272362705713272	0.09836787605111595
1.3723627057132717	0.12596861408134166
1.4723627057132713	0.15729385574368412
1.572362705713271	0.1924171099735623
1.6723627057132706	0.23140661367041296
1.7723627057132703	0.2743247401592541
1.87236270571327	0.32122745574117917
1.9723627057132695	0.3721672878617371
2.072362705713269	0.42719076917848037
2.172362705713269	0.4863420231600474
2.2723627057132685	0.5496600597893893
2.372362705713268	0.6171809453035066
2.399990234375	0.6365812663672301
1000002.3999902344	0.6365812663672301
