-100007.25	0
0.17097167303312588	0
0.17430500636645885	0.000000025378233172552406
0.17930500636645874	0.00000039527406101480363
0.18680500636645903	0.000002694130981295312
0.19805500636645945	0.000013432512184973004
0.2149300063664592	0.0000571521353660074
0.24024250636645927	0.0002216047192796942
0.2782112563664594	0.0008111180124486006
0.3351643813664591	0.002852004405925349
0.42059406886645867	0.00971842616411494
0.5205940688664583	0.025298069919622124
0.620594068866458	0.04917329500194435
0.7205940688664576	0.08105363706659695
0.8205940688664572	0.12066516741417864
0.9205940688664569	0.16774875598464467
1.0205940688664565	0.22205836396752587
1.1205940688664562	0.2833597730252069
1.2205940688664558	0.3514295379038624
1.3205940688664555	0.4260540883263664
1.4205940688664551	0.5070290213453619
1.5205940688664548	0.5941583427618196
1.6205940688664544	0.6872543525495468
1.720594068866454	0.7861369589269456
1.8205940688664537	0.8906310438576878
1.9205940688664533	1.0005716362857642
2.020594068866453	1.1157976608082685
2.1205940688664526	1.236154674085041
2.2205940688664523	1.3614947872329282
2.320594068866452	1.4916720488070716
2.399990234375	1.598383209154094
1000002.3999902344	1.598383209154094
