-100007.25	0
0	0
0.0033333333333329662	0.005382956375974891
0.00833333333333286	0.013473594940876148
0.015833333333333144	0.02564597622682835
0.02708333333333357	0.043986300158915234
0.04395833333333332	0.0716797135457396
0.06927083333333339	0.11362821085218379
0.1072395833333335	0.17745837253523486
0.16419270833333321	0.2752081531280713
0.2496223958333328	0.42622005157269677
0.34962239583333243	0.6094339823077216
0.4496223958333321	0.7993082157177589
0.5496223958333317	0.9955504892246657
0.6496223958333314	1.1978831969071813
0.749622395833331	1.40604304325605
0.8496223958333307	1.6197787391217549
0.9496223958333303	1.8388514962051352
1.04962239583333	2.0630334506305577
1.1496223958333296	2.2921076015944037
1.2496223958333292	2.5258668646883917
1.3496223958333289	2.7641134714867626
1.4496223958333285	3.006659084489464
1.5496223958333282	3.253323541958134
1.6496223958333278	3.503935318656587
1.7496223958333275	3.75833070306819
1.849622395833327	4.016353401524169
1.9496223958333267	4.277854865334221
2.0496223958333264	4.542693405185654
2.149622395833326	4.8107341025522
2.2496223958333257	5.081848955095199
2.3496223958333253	5.355916401429797
2.399990234375	5.495039382746362
1000002.3999902344	5.495039382746362
