-100007.25	0
0	0
0.0033333333333329662	0.005854185303528661
0.00833333333333286	0.014651039322512523
0.015833333333333144	0.027881415839554946
0.02708333333333357	0.04780577617286775
0.04395833333333332	0.07786896882619704
0.06927083333333339	0.12335739107856737
0.1072395833333335	0.1924650232445453
0.16419270833333321	0.2980591859400013
0.2496223958333328	0.46068144749586204
0.34962239583333243	0.6572568624134953
0.4496223958333321	0.8602552878172992
0.5496223958333317	1.0693932634422163
0.6496223958333314	1.2844007253678429
0.749622395833331	1.5050201153147897
0.8496223958333307	1.7310056051286908
0.9496223958333303	1.9621224536797273
1.04962239583333	2.198146633047461
1.1496223958333296	2.438863987793602
1.2496223958333292	2.68406978073074
1.3496223958333289	2.933568928892211
1.4496223958333285	3.187174601188584
1.5496223958333282	3.4447090922075696
1.6496223958333278	3.706002345332494
1.7496223958333275	3.9708929442169314
1.849622395833327	4.239226630864318
1.9496223958333267	4.510857116582962
2.0496223958333264	4.785645578056946
2.149622395833326	5.063459990560033
2.2496223958333257	5.3441756884169305
2.3496223958333253	5.627674929181986
2.399990234375	5.77148595124986
1000002.3999902344	5.77148595124986
