-100007.25	0
0	0
0.0033333333333329662	0.006329505840008382
0.00833333333333286	0.015933440489710966
0.015833333333333144	0.030586274666594315
0.02708333333333357	0.053104855435967165
0.04395833333333332	0.08763894300798258
0.06927083333333339	0.1394845826829551
0.1072395833333335	0.21750692328228904
0.16419270833333321	0.33579942513383576
0.2496223958333328	0.5219000957195463
0.34962239583333243	0.7477338465837075
0.4496223958333321	0.9821579597567158
0.5496223958333317	1.2238721267267716
0.6496223958333314	1.472451070742548
0.749622395833331	1.7280912262623338
0.8496223958333307	1.9873207177755376
0.9496223958333303	2.253102556144258
1.04962239583333	2.5249549802928635
1.1496223958333296	2.802306088170805
1.2496223958333292	3.0820510929417324
1.3496223958333289	3.3682511718024837
1.4496223958333285	3.653599069845972
1.5496223958333282	3.940442781003401
1.6496223958333278	4.229656085112303
1.7496223958333275	4.522158148134407
1.849622395833327	4.8120813281689445
1.9496223958333267	5.110183545946752
2.0496223958333264	5.409269044262968
2.149622395833326	5.7069141029659995
2.2496223958333257	6.009302924926265
2.3496223958333253	6.311783508079838
2.399990234375	6.441870628499704
1000002.3999902344	6.441870628499704
