-100007.25	0
0	0
0.0033333333333329662	0.00000000000000000000000000000000028888949165808538
0.00833333333333286	0.00000000000000000000000000000000057777898331617076
0.015833333333333144	0.0000000000000000000000000000000003851859888774472
0.02708333333333357	0.0000000000000000000000000000000015407439555097887
0.04395833333333332	0
0.06927083333333339	0.0000000000000000000000000000000030814879110195774
0.1072395833333335	0.000000000000000000000000000000006187049946343995
0.16419270833333321	0.000000000000000000000000000000006162975822039155
0.2496223958333328	0.0000000000000000000000000000001160071864939499
0.34962239583333243	0.00000000000000000000000000000008618536501132882
0.4496223958333321	0.0000000000000000000000000000005862530750714746
0.5496223958333317	0.0000000000000000000000000000002311115933264683
0.6496223958333314	0.0000000000000000000000000000001388595489903197
0.749622395833331	0.0000000000000000000000000000008189054123534527
0.8496223958333307	0.0000000000000000000000000000002711709361697228
0.9496223958333303	0.00000000000000000000000000000131425459404985
1.04962239583333	0.0000000000000000000000000000024020198266397606
1.1496223958333296	0.00000000000000000000000000000006971866398681794
1.2496223958333292	0.00000000000000000000000000000059164567891575885
1.3496223958333289	0.0000000000000000000000000000013435287292045357
1.4496223958333285	0.000000000000000000000000000011832913578315177
1.5496223958333282	0.00000000000000000000000000000071490519535654195
1.6496223958333278	0.0000000000000000000000000000013312027775604574
1.7496223958333275	0.0000000000000000000000000000030075322011551075
1.849622395833327	0.000000000000000000000000000011980824998044115
1.9496223958333267	0.000000000000000000000000000012655670850557404
2.0496223958333264	0.000000000000000000000000000018901846846194088
2.149622395833326	0.000000000000000000000000000004745491382970149
2.2496223958333257	0.0000000000000000000000000000039412230381940394
2.3496223958333253	0.00000000000000000000000000001786338542018049
2.399990234375	0
1000002.3999902344	0
