-100007.25	0
0	0
0.0033333333333329662	0.000020726443094287625
0.00833333333333286	0.00005714952658052768
0.015833333333333144	0.00012496104118215216
0.02708333333333357	0.0002602516740776563
0.04395833333333332	0.0005517066428119929
0.06927083333333339	0.0012310414241533238
0.1072395833333335	0.0029347068198168325
0.16419270833333321	0.007479766430382766
0.2496223958333328	0.01985266224081046
0.34962239583333243	0.04292290417267582
0.4496223958333321	0.07490173138954816
0.5496223958333317	0.11544105567331052
0.6496223958333314	0.16421415858373786
0.749622395833331	0.22091324875693846
0.8496223958333307	0.28524750673032184
0.9496223958333303	0.3569413922958135
1.04962239583333	0.4357333002657569
1.1496223958333296	0.5213744621917923
1.2496223958333292	0.6136279167318818
1.3496223958333289	0.712267912248472
1.4496223958333285	0.8170781040955959
1.5496223958333282	0.9278529502435658
1.6496223958333278	1.0443950976607685
1.7496223958333275	1.1665158814338599
1.849622395833327	1.2940346228290682
1.9496223958333267	1.4267782148711246
2.0496223958333264	1.5645807095168307
2.149622395833326	1.707282943623579
2.2496223958333257	1.8547322305001075
2.3496223958333253	2.0067820726958625
2.399990234375	2.0850640895200385
1000002.3999902344	2.0850640895200385
