-100007.25	0
0	0
0.0033333333333329662	0.0005359826884670061
0.00833333333333286	0.0013612815913226345
0.015833333333333144	0.0026471670556963336
0.02708333333333357	0.004684058837933177
0.04395833333333332	0.007979028444079987
0.06927083333333339	0.013459662200280453
0.1072395833333335	0.022875044079300348
0.16419270833333321	0.03963876083130033
0.2496223958333328	0.07056737694375194
0.34962239583333243	0.11528275418875827
0.4496223958333321	0.16881379769669919
0.5496223958333317	0.2308004087090609
0.6496223958333314	0.30090425843233515
0.749622395833331	0.37880660135258876
0.8496223958333307	0.4642064192407787
0.9496223958333303	0.5568189051979104
1.04962239583333	0.6563740884944276
1.1496223958333296	0.7626151041254915
1.2496223958333292	0.875298899151746
1.3496223958333289	0.9941936225152426
1.4496223958333285	1.1190783773974644
1.5496223958333282	1.2497424826420855
1.6496223958333278	1.3859848940054063
1.7496223958333275	1.5276136113669458
1.849622395833327	1.6744451651074235
1.9496223958333267	1.8263040696806665
2.0496223958333264	1.983022498548347
2.149622395833326	2.1444398401012466
2.2496223958333257	2.310402315085368
2.3496223958333253	2.480762708956217
2.399990234375	2.5681903630802947
1000002.3999902344	2.5681903630802947
