-100007.25	0
0	0
0.0033333333333329662	0.0012467529325539282
0.00833333333333286	0.0031377979567165674
0.015833333333333144	0.006021505829250587
0.02708333333333357	0.010452291385235199
0.04395833333333332	0.01733464778819216
0.06927083333333339	0.028185448953870953
0.1072395833333335	0.04563251331939869
0.16419270833333321	0.07438973563091841
0.2496223958333328	0.12318846818177692
0.34962239583333243	0.18863672135758142
0.4496223958333321	0.26269909379897355
0.5496223958333317	0.3450133219793217
0.6496223958333314	0.4352391083895135
0.749622395833331	0.5330559484773216
0.8496223958333307	0.6381614644432989
0.9496223958333303	0.750269789583938
1.04962239583333	0.8691102253053336
1.1496223958333296	0.9944255332659512
1.2496223958333292	1.125972633042421
1.3496223958333289	1.2635198833878125
1.4496223958333285	1.406846841604448
1.5496223958333282	1.5557435110903468
1.6496223958333278	1.7100097068655875
1.7496223958333275	1.8694544230443122
1.849622395833327	2.033895285191405
1.9496223958333267	2.2031580728268407
2.0496223958333264	2.3770763223761273
2.149622395833326	2.555490829250765
2.2496223958333257	2.738249169989892
2.3496223958333253	2.9252057368185844
2.399990234375	3.02091732254829
1000002.3999902344	3.02091732254829
