-100007.25	0
0	0
0.0033333333333329662	0.0025920479174520628
0.00833333333333286	0.006499698598954657
0.015833333333333144	0.012405164036792942
0.02708333333333357	0.021362100590631844
0.04395833333333332	0.035018557471971475
0.06927083333333339	0.05599640492224866
0.1072395833333335	0.08855888534951577
0.16419270833333321	0.13982198799720405
0.2496223958333328	0.2220106780835844
0.34962239583333243	0.32599529709033354
0.4496223958333321	0.4380190405564537
0.5496223958333317	0.5577356767294844
0.6496223958333314	0.6848198528478072
0.749622395833331	0.8189651901061643
0.8496223958333307	0.9598826104898681
0.9496223958333303	1.1072988919699445
1.04962239583333	1.2609543179577518
1.1496223958333296	1.4206046557929157
1.2496223958333292	1.5860173455426219
1.3496223958333289	1.7569711659895972
1.4496223958333285	1.9332555791745316
1.5496223958333282	2.1146701567489217
1.6496223958333278	2.301023747652962
1.7496223958333275	2.4921340419869606
1.849622395833327	2.6878268098052187
1.9496223958333267	2.8879359123446715
2.0496223958333264	3.0923021494950023
2.149622395833326	3.300773578471634
2.2496223958333257	3.513204611303404
2.3496223958333253	3.7294559399305105
2.399990234375	3.8397814767198524
1000002.3999902344	3.8397814767198524
