-100007.25	0
0	0
0.0033333333333329662	0.0032212544831263725
0.00833333333333286	0.008071917650160451
0.015833333333333144	0.015390118159220232
0.02708333333333357	0.02646217682161238
0.04395833333333332	0.04328233233393361
0.06927083333333339	0.06898579314840857
0.1072395833333335	0.10859239256024801
0.16419270833333321	0.17032401177878542
0.2496223958333328	0.2680020074920584
0.34962239583333243	0.38980433644276435
0.4496223958333321	0.5193220154114684
0.5496223958333317	0.6562225823883244
0.6496223958333314	0.8001933614378229
0.749622395833331	0.9509396827548304
0.8496223958333307	1.1081833365426623
0.9496223958333303	1.271661208903225
1.04962239583333	1.4411240157030591
1.1496223958333296	1.616335369246046
1.2496223958333292	1.7970706596455996
1.3496223958333289	1.9831163232281723
1.4496223958333285	2.1742690620600866
1.5496223958333282	2.370335023536599
1.6496223958333278	2.5711293867418497
1.7496223958333275	2.7764757248555587
1.849622395833327	2.9862054263941102
1.9496223958333267	3.2001572396891262
2.0496223958333264	3.418177202267327
2.149622395833326	3.6401176296641258
2.2496223958333257	3.8658372089682147
2.3496223958333253	4.095200807051376
2.399990234375	4.212065035925848
1000002.3999902344	4.212065035925848
