-100007.25	0
0	0
0.0033333333333329662	0.0038203769002745783
0.00833333333333286	0.009568907143619798
0.015833333333333144	0.01823206632593197
0.02708333333333357	0.031317409867387534
0.04395833333333332	0.05114831427390459
0.06927083333333339	0.08134737648051364
0.1072395833333335	0.12765187841669706
0.16419270833333321	0.19933011936927875
0.2496223958333328	0.3117095426589419
0.34962239583333243	0.4504015915645499
0.4496223958333321	0.59648074460924
0.5496223958333317	0.7496298250917963
0.6496223958333314	0.9095496262453507
0.749622395833331	1.0759602018768633
0.8496223958333307	1.2485939973649964
0.9496223958333303	1.4271994536409098
1.04962239583333	1.6115373064536327
1.1496223958333296	1.801380778039282
1.2496223958333292	1.996514454529159
1.3496223958333289	2.196732942907573
1.4496223958333285	2.401840594003626
1.5496223958333282	2.6116505337062303
1.6496223958333278	2.8259846828667943
1.7496223958333275	3.0446731037227965
1.849622395833327	3.267553117111509
1.9496223958333267	3.4944689484758817
2.0496223958333264	3.725271459614245
2.149622395833326	3.9598175578210455
2.2496223958333257	4.1979707619693425
2.3496223958333253	4.439600166963954
2.399990234375	4.562580150439652
1000002.3999902344	4.562580150439652
