-100007.25	0
0	0
0.0033333333333329662	0.004375203179528586
0.00833333333333286	0.010955294917674174
0.015833333333333144	0.020864260582986724
0.02708333333333357	0.03581495317525225
0.04395833333333332	0.058436676354896216
0.06927083333333339	0.09280464915498926
0.1072395833333335	0.14532548458798245
0.16419270833333321	0.22624596400134867
0.2496223958333328	0.35230901993621705
0.34962239583333243	0.5067541850213648
0.4496223958333321	0.6683128894950149
0.5496223958333317	0.8366791012636484
0.6496223958333314	1.011564138728152
0.749622395833331	1.1926942681207051
0.8496223958333307	1.3798108489542669
0.9496223958333303	1.5726689245448984
1.04962239583333	1.771035414138553
1.1496223958333296	1.9746891880053143
1.2496223958333292	2.1834199571661705
1.3496223958333289	2.397027372950429
1.4496223958333285	2.6153194497641885
1.5496223958333282	2.838113725007767
1.6496223958333278	3.065236637212458
1.7496223958333275	3.2965206742075344
1.849622395833327	3.53180715257218
1.9496223958333267	3.7709436594294727
2.0496223958333264	4.013785059210106
2.149622395833326	4.2601915958873855
2.2496223958333257	4.510029721957416
2.3496223958333253	4.763171728813034
2.399990234375	4.891886227261
1000002.3999902344	4.891886227261
