-100001.1	0
0	0
0.0033333333333334103	0
0.008333333333333304	0.000000000000000000000000000000018488927466117464
0.015833333333333366	0
0.027083333333333348	0.00000000000000000000000000000004930380657631324
0.04395833333333332	0.00000000000000000000000000000009860761315262648
0.06927083333333339	0.00000000000000000000000000000009860761315262648
0.1072395833333335	0
0.16419270833333344	0
0.24962239583333345	0.00000000000000000000000000000019721522630525295
0.34962239583333354	0.0000000000000000000000000000003944304526105059
0.44962239583333363	0
0.5496223958333337	0
0.6496223958333338	0.0000000000000000000000000000007888609052210118
0.7496223958333339	0.0000000000000000000000000000007888609052210118
0.849622395833334	0.0000000000000000000000000000007888609052210118
0.9496223958333339	0.0000000000000000000000000000007888609052210118
1.049622395833334	0.0000000000000000000000000000007888609052210118
1.149622395833334	0
1.2496223958333341	0.0000000000000000000000000000007888609052210118
1.3496223958333342	0
1.4496223958333343	0
1.5496223958333344	0.0000000000000000000000000000015777218104420236
1.6496223958333345	0.0000000000000000000000000000023665827156630354
1.7496223958333346	0.0000000000000000000000000000007888609052210118
1.8496223958333347	0.0000000000000000000000000000007888609052210118
1.9496223958333347	0.0000000000000000000000000000015777218104420236
2.049622395833335	0.0000000000000000000000000000015777218104420236
2.149622395833335	0.0000000000000000000000000000015777218104420236
2.249622395833335	0.0000000000000000000000000000031554436208840472
2.349622395833335	0.0000000000000000000000000000015777218104420236
2.449622395833335	0
2.5496223958333353	0.0000000000000000000000000000031554436208840472
2.6496223958333354	0.0000000000000000000000000000015777218104420236
2.7496223958333355	0.000000000000000000000000000004733165431326071
2.8496223958333355	0.000000000000000000000000000004733165431326071
2.9496223958333356	0.000000000000000000000000000004733165431326071
3.0496223958333353	0.0000000000000000000000000000015777218104420236
3.149622395833335	0.0000000000000000000000000000031554436208840472
3.2496223958333346	0
3.349622395833334	0.000000000000000000000000000004733165431326071
3.449622395833334	0.000000000000000000000000000004733165431326071
3.5496223958333335	0.000000000000000000000000000004733165431326071
3.649622395833333	0.000000000000000000000000000004733165431326071
3.749622395833333	0.0000000000000000000000000000015777218104420236
3.8496223958333324	0.0000000000000000000000000000015777218104420236
3.949622395833332	0.000000000000000000000000000004733165431326071
4.049622395833332	0.0000000000000000000000000000015777218104420236
4.149622395833331	0.0000000000000000000000000000015777218104420236
4.249622395833331	0
4.349622395833331	0.000000000000000000000000000004733165431326071
4.44962239583333	0.0000000000000000000000000000015777218104420236
4.54962239583333	0.0000000000000000000000000000031554436208840472
4.64962239583333	0.0000000000000000000000000000015777218104420236
4.749622395833329	0.0000000000000000000000000000031554436208840472
4.849622395833329	0.0000000000000000000000000000015777218104420236
4.9496223958333285	0.000000000000000000000000000004733165431326071
5.049622395833328	0.0000000000000000000000000000015777218104420236
5.149622395833328	0.0000000000000000000000000000015777218104420236
5.2496223958333275	0.0000000000000000000000000000015777218104420236
5.349622395833327	0
5.449622395833327	0.0000000000000000000000000000015777218104420236
5.549622395833326	0
5.649622395833326	0.000000000000000000000000000006310887241768095
5.749622395833326	0.00000000000000000000000000003155443620884047
5.849622395833325	0.000000000000000000000000000006310887241768095
5.949622395833325	0.0000000000000000000000000000031554436208840472
6.049622395833325	0.000000000000000000000000000018932661725304283
6.149622395833324	0.0000000000000000000000000000031554436208840472
6.249622395833324	0
6.3496223958333236	0.000000000000000000000000000006310887241768095
6.449622395833323	0.0000000000000000000000000000031554436208840472
6.549622395833323	0.000000000000000000000000000015777218104420236
6.6496223958333225	0.000000000000000000000000000015777218104420236
6.749622395833322	0.00000000000000000000000000002208810534618833
6.849622395833322	0.000000000000000000000000000009466330862652142
6.949622395833321	0.000000000000000000000000000015777218104420236
7.049622395833321	0.000000000000000000000000000009466330862652142
7.149622395833321	0.000000000000000000000000000006310887241768095
7.24962239583332	0.0000000000000000000000000000031554436208840472
7.34962239583332	0.0000000000000000000000000000031554436208840472
7.44962239583332	0.00000000000000000000000000001262177448353619
7.549622395833319	0.00000000000000000000000000002208810534618833
7.649622395833319	0.00000000000000000000000000001262177448353619
7.749622395833319	0
7.849622395833318	0.0000000000000000000000000000268212707775144
7.949622395833318	0.0000000000000000000000000000031554436208840472
8.049622395833318	0.000000000000000000000000000007888609052210118
8.149622395833317	0.000000000000000000000000000014199496293978212
8.249622395833317	0.0000000000000000000000000000031554436208840472
8.349622395833316	0.000000000000000000000000000004733165431326071
8.449622395833316	0.000000000000000000000000000004733165431326071
8.549622395833316	0.0000000000000000000000000000015777218104420236
8.649622395833315	0.000000000000000000000000000007888609052210118
8.749622395833315	0.000000000000000000000000000009466330862652142
8.849622395833315	0.000000000000000000000000000006310887241768095
8.949622395833314	0.000000000000000000000000000009466330862652142
9.049622395833314	0.000000000000000000000000000004733165431326071
9.149622395833314	0.0000000000000000000000000000015777218104420236
9.249622395833313	0.0000000000000000000000000000031554436208840472
9.349622395833313	0.000000000000000000000000000020510383535746307
9.449622395833313	0
9.549622395833312	0.000000000000000000000000000004733165431326071
9.649622395833312	0.00000000000000000000000000004812051521848172
9.749622395833311	0.000000000000000000000000000015777218104420236
9.849622395833311	0.0000000000000000000000000000134106353887572
9.94962239583331	0.000000000000000000000000000006310887241768095
10.04962239583331	0.00000000000000000000000000003549874073494553
10.14962239583331	0
10.24962239583331	0.00000000000000000000000000002524354896707238
10.34962239583331	0.00000000000000000000000000002721570123012491
10.449622395833309	0.000000000000000000000000000004338734978715565
10.549622395833309	0.0000000000000000000000000000021693674893577825
10.649622395833308	0
10.749622395833308	0
10.805	0.00000000000000000000000000001262177448353619
1000010.805	0.00000000000000000000000000001262177448353619
