-100006.37861035156	0
0	0
0.0033333333333329662	0.0016612175320360406
0.00833333333333286	0.004143239089999642
0.015833333333333144	0.007844445179495963
0.02708333333333357	0.013348407009198938
0.04395833333333332	0.021498628798182807
0.06927083333333339	0.03349695874785836
0.1072395833333335	0.051024890726993725
0.16419270833333321	0.07642893706533262
0.2496223958333328	0.11335518560288954
0.34962239583333243	0.15693313610805265
0.4496223958333321	0.20239936519360674
0.5496223958333317	0.2507017660132415
0.6496223958333314	0.30260050880314404
0.749622395833331	0.3587226893546292
0.8496223958333307	0.41959953896858143
0.9496223958333303	0.4856903951501646
1.04962239583333	0.5574004873408376
1.1496223958333296	0.6350913151819827
1.1999999999999993	0.6766010550981307
1000001.2	0.6766010550981307
