-100006.37861035156	0
0	0
0.0033333333333329662	0.000454424567669995
0.00833333333333286	0.0011255990147249618
0.015833333333333144	0.002109246827592319
0.02708333333333357	0.003534558536846966
0.04395833333333332	0.005565949305054622
0.06927083333333339	0.008393960522554115
0.1072395833333335	0.012211014714690537
0.16419270833333321	0.01720324178193267
0.2496223958333328	0.02379429826925605
0.34962239583333243	0.03135369457085086
0.4496223958333321	0.03944652823022698
0.5496223958333317	0.04869452735509767
0.6496223958333314	0.05975833552591021
0.749622395833331	0.07335623056528498
0.8496223958333307	0.090268302213981
0.9496223958333303	0.11133257164022442
1.04962239583333	0.13743412146189057
1.1496223958333296	0.16938570731373873
1.1999999999999993	0.187737794941642
1000001.2	0.187737794941642
