-100001.1	0
0	0
0.0033333333333334103	0.00000000000000020850040959260419
0.008333333333333304	0.0000000000000006081468114578683
0.015833333333333366	0.000000000000001156224934404882
0.027083333333333348	0.0000000000000016976735853732783
0.04395833333333332	0.0000000000000032159548147596886
0.06927083333333339	0.00000000000000506968886948051
0.1072395833333335	0.000000000000007877994249120901
0.16419270833333344	0.000000000000012132561645934415
0.24962239583333345	0.00000000000001850754694447088
0.34962239583333354	0.00000000000002268114554411999
0.44962239583333363	0.000000000000029470108737754323
0.5496223958333337	0.0000000000000415383073289244
0.6496223958333338	0.000000000000043450555447613645
0.7496223958333339	0.000000000000049340264383358226
0.849622395833334	0.00000000000005629544060879643
0.9496223958333339	0.00000000000006542752631888004
1.049622395833334	0.00000000000007195894674602728
1.149622395833334	0.00000000000007947500949206991
1.2496223958333341	0.00000000000009862253537616121
1.3496223958333342	0.00000000000010715980077149957
1.4496223958333343	0.0000000000001157926600854174
1.5496223958333344	0.00000000000012452111331790825
1.6496223958333345	0.00000000000013334516046897957
1.7496223958333346	0.0000000000001269839432424473
1.8496223958333347	0.000000000000151280036526845
1.9496223958333347	0.0000000000001437393239303338
2.049622395833335	0.00000000000014660919079153253
2.149622395833335	0.00000000000017265137192909461
2.249622395833335	0.0000000000001814541563208209
2.349622395833335	0.00000000000017862868946274754
2.449622395833335	0.00000000000017952470156115976
2.5496223958333353	0.00000000000018797318295476696
2.6496223958333354	0.00000000000023361448478847617
2.7496223958333355	0.00000000000024401081575581515
2.8496223958333355	0.0000000000002300090671872804
2.9496223958333356	0.00000000000026114222273116264
3.0496223958333353	0.0000000000002565985776137732
3.149622395833335	0.0000000000002660788997993503
3.2496223958333346	0.00000000000029930715676204135
3.349622395833334	0.0000000000003136776335110625
3.449622395833334	0.0000000000003184268731267464
3.5496223958333335	0.0000000000003295165114866057
3.649622395833333	0.00000000000030164933915318054
3.749622395833333	0.0000000000003363377712106086
3.8496223958333324	0.00000000000036016159561118466
3.949622395833332	0.00000000000039156571484016096
4.049622395833332	0.00000000000035444848572107863
4.149622395833331	0.0000000000003435740132689125
4.249622395833331	0.00000000000040869968565186564
4.349622395833331	0.0000000000004122050233744045
4.44962239583333	0.0000000000004495295657702215
4.54962239583333	0.0000000000004413847057178902
4.64962239583333	0.0000000000004231607964226266
4.749622395833329	0.0000000000004269718176621097
4.849622395833329	0.0000000000004654588105821094
4.9496223958333285	0.0000000000004762548111569885
5.049622395833328	0.0000000000004969830754787721
5.149622395833328	0.0000000000005082712498785747
5.2496223958333275	0.0000000000005461954692633038
5.349622395833327	0.0000000000004923207945635809
5.449622395833327	0.0000000000003020042071397724
5.549622395833326	0.00000000000031179826557107973
5.649622395833326	0.00000000000030978537821955243
5.749622395833326	0.00000000000029430820312707195
5.849622395833325	0.0000000000003454772096048296
5.949622395833325	0.00000000000033568317090909357
6.049622395833325	0.0000000000003253123756728846
6.149622395833324	0.0000000000003616793394399296
6.249622395833324	0.00000000000039271527676214387
6.3496223958333236	0.0000000000003792892774561953
6.449622395833323	0.0000000000003687950411870753
6.549622395833323	0.0000000000004298934334643653
6.6496223958333225	0.0000000000004426194107144841
6.749622395833322	0.0000000000004282413876454205
6.849622395833322	0.00000000000043978998754614286
6.949622395833321	0.00000000000045146856607538144
7.049622395833321	0.0000000000004632771232331363
7.149622395833321	0.0000000000004752156590194075
7.24962239583332	0.0000000000005224744868836679
7.34962239583332	0.0000000000005363668683566106
7.44962239583332	0.0000000000005504258790042422
7.549622395833319	0.000000000000564651518826563
7.649622395833319	0.0000000000005368580173785085
7.749622395833319	0.0000000000005495764249358776
7.849622395833318	0.0000000000006083282133416601
7.949622395833318	0.0000000000005754031759361647
8.049622395833318	0.0000000000005885115193790829
8.149622395833317	0.0000000000006535045704289595
8.249622395833317	0.00000000000040086254067168554
8.349622395833316	0.00000000000040910899991533656
8.449622395833316	0.00000000000041737984088983143
8.549622395833316	0.00000000000042567506359517066
8.649622395833315	0.000000000000433994668031354
8.749622395833315	0.0000000000004423386541983814
8.849622395833315	0.0000000000004507070220962528
8.949622395833314	0.0000000000004590997717249684
9.049622395833314	0.0000000000004675169030845283
9.149622395833314	0.0000000000004759584161749321
9.249622395833313	0.0000000000004844243109961801
9.349622395833313	0.0000000000004929145875482723
9.449622395833313	0.0000000000005014292458312084
9.549622395833312	0.0000000000005099682858449888
9.649622395833312	0.0000000000005185317075896133
9.749622395833311	0.000000000000527119511065082
9.849622395833311	0.0000000000005357316962713947
9.94962239583331	0.0000000000005443682632085515
10.04962239583331	0.0000000000005530292118765525
10.14962239583331	0.0000000000005617145422753975
10.24962239583331	0.0000000000005704242544050867
10.34962239583331	0.00000000000057915834826562
10.449622395833309	0.0000000000005879168238569974
10.549622395833309	0.0000000000005966996811792189
10.649622395833308	0.0000000000006055069202322846
10.749622395833308	0.0000000000006143385410161945
10.805	0.0000000000007109949172622406
1000010.805	0.0000000000007109949172622406
