-100001.1	0
-0.000000000008730793865652231	0
0.0033333333246026164	0.030001184468292228
0.00833333332460251	0.07500296129485574
0.015833333324602572	0.14250562653361867
0.027083333324602554	0.243759624389325
0.04395833332460253	0.3956406211673956
0.0692708333246026	0.6234621163221566
0.1072395833246027	0.9651943590265196
0.16419270832460264	1.4777927230205614
0.24962239582460266	2.2466902688709967
0.34962239582460275	3.146725804722965
0.44962239582460284	4.046761340343968
0.5496223958246029	4.946796875767057
0.649622395824603	5.84683241108982
0.7496223958246031	6.7468679463973436
0.8496223958246032	7.646903481704879
0.9496223958246031	8.5469390170124
1.0496223958246031	9.446974552319926
1.1496223958246032	10.347010087627462
1.2496223958246033	11.247045622934992
1.3496223958246034	12.147081158242518
1.4496223958246035	13.047116693550048
1.5496223958246036	13.94715222885757
1.6496223958246037	14.847187764165097
1.7496223958246038	15.747223299472626
1.8496223958246039	16.64725883478016
1.949622395824604	17.547294370087684
2.049622395824604	18.447329905395208
2.149622395824604	19.347365440702745
2.249622395824604	20.247400976010276
2.3496223958246043	21.1474365113178
2.4496223958246044	22.047472046625344
2.5496223958246045	22.947507581932868
2.6496223958246046	23.84754311724039
2.7496223958246047	24.747578652547922
2.8496223958246047	25.64761418785544
2.949622395824605	26.547649723162973
3.0496223958246045	27.4476852584705
3.149622395824604	28.34772079377803
3.2496223958246038	29.24775632908555
3.3496223958246034	30.147791864393067
3.449622395824603	31.047827399700594
3.5496223958246027	31.94786293500813
3.6496223958246023	32.84789847031565
3.749622395824602	33.74793400562317
3.8496223958246016	34.64796954093071
3.9496223958246013	35.54800507623821
4.049622395824601	36.44804061154573
4.149622395824601	37.34807614685326
4.2496223958246	38.24811168216078
4.3496223958246	39.14814721746831
4.4496223958245995	40.04818275277585
4.549622395824599	40.94821828808339
4.649622395824599	41.848253823390905
4.749622395824598	42.74828935869852
4.849622395824598	43.648324894006244
4.949622395824598	44.54836042931412
5.049622395824597	45.448395964622
5.149622395824597	46.34843149992976
5.249622395824597	47.27658002134968
5.349622395824596	48.25338002134978
5.449622395824596	49.23018002135008
5.549622395824596	50.20698002135052
5.649622395824595	51.18378002135088
5.749622395824595	52.16058002135124
5.8496223958245945	53.137380021351554
5.949622395824594	54.114180021351835
6.049622395824594	55.090980021352074
6.1496223958245935	56.06778002135228
6.249622395824593	57.04458002135242
6.349622395824593	58.02138002135255
6.449622395824592	58.99818002135262
6.549622395824592	59.97498002135275
6.649622395824592	60.95178002135279
6.749622395824591	61.928580021352815
6.849622395824591	62.90538002135286
6.949622395824591	63.88218002135284
7.04962239582459	64.85898002135285
7.14962239582459	65.8357800213528
7.24962239582459	66.81258002135291
7.349622395824589	67.78938002135283
7.449622395824589	68.76618002135287
7.5496223958245885	69.74298002135286
7.649622395824588	70.71978002135292
7.749622395824588	71.69658002135291
7.849622395824587	72.67338002135291
7.949622395824587	73.65018002135294
8.049622395824587	74.6269800213529
8.149622395824586	75.60378002135297
8.249622395824586	76.58058002135297
8.349622395824586	77.55738002135304
8.449622395824585	78.53418002135295
8.549622395824585	79.51098002135292
8.649622395824585	80.48778002135299
8.749622395824584	81.46458002135303
8.849622395824584	82.44138002135301
8.949622395824584	83.41818002135304
9.049622395824583	84.39498002135304
9.149622395824583	85.37178002135308
9.249622395824582	86.34858002135304
9.349622395824582	87.32538002135304
9.449622395824582	88.30218002135301
9.549622395824581	89.27898002135304
9.649622395824581	90.25578002135306
9.74962239582458	91.23258002135306
9.84962239582458	92.20938002135311
9.94962239582458	93.1861800213531
10.04962239582458	94.16298002135315
10.14962239582458	95.13978002135315
10.249622395824579	96.1165800213531
10.349622395824579	97.09338002135321
10.449622395824578	98.0701800213532
10.549622395824578	99.04698002135318
10.649622395824577	100.02378002135318
10.749622395824577	101.0005800213532
10.805	101.54150845893872
1000010.805	101.54150845893872
