-100001.1	0
-0.000000000008730793865652231	0
0.0033333333246026164	0.02684531209081366
0.00833333332460251	0.06711328033763785
0.015833333324602572	0.127515232706792
0.027083333324602554	0.2181181612580839
0.04395833332460253	0.3540225540795343
0.0692708333246026	0.5578791432993647
0.1072395833246027	0.863664027101332
0.16419270832460264	1.3223413527417787
0.24962239582460266	2.0103573410618214
0.34962239582460275	2.8157167053190033
0.44962239582460284	3.6210760693449564
0.5496223958246029	4.426435433139685
0.649622395824603	5.231794796703185
0.7496223958246031	6.037154160035456
0.8496223958246032	6.842513523136502
0.9496223958246031	7.647872886006321
1.0496223958246031	8.45323224864491
1.1496223958246032	9.25859161105699
1.2496223958246033	10.063950973306532
1.3496223958246034	10.869310335496312
1.4496223958246035	11.674669697683107
1.5496223958246036	12.480029059869905
1.6496223958246037	13.285388422056707
1.7496223958246038	14.090747784243506
1.8496223958246039	14.896107146430307
1.949622395824604	15.701466508617104
2.049622395824604	16.506825870803898
2.149622395824604	17.3121852329907
2.249622395824604	18.1175445951775
2.3496223958246043	18.922903957364298
2.4496223958246044	19.7282633195511
2.5496223958246045	20.533622681737896
2.6496223958246046	21.338982043924688
2.7496223958246047	22.14434140611148
2.8496223958246047	22.949700768298275
2.949622395824605	23.755060130485088
3.0496223958246045	24.56041949267188
3.149622395824604	25.36577885485867
3.2496223958246038	26.17113821704546
3.3496223958246034	26.976497579232262
3.449622395824603	27.781856941419043
3.5496223958246027	28.58721630360586
3.6496223958246023	29.39257566579263
3.749622395824602	30.197935027979447
3.8496223958246016	31.00329439016622
3.9496223958246013	31.808653752353045
4.049622395824601	32.614013114539794
4.149622395824601	33.41937247672644
4.2496223958246	34.224731838912945
4.3496223958246	35.0300912010995
4.4496223958245995	35.83545056328611
4.549622395824599	36.64080992547278
4.649622395824599	37.44616928765952
4.749622395824598	38.251528649846264
4.849622395824598	39.05688801203303
4.949622395824598	39.86224737421985
5.049622395824597	40.667606736406675
5.149622395824597	41.47296609859349
5.249622395824597	42.341111129764116
5.349622395824596	43.31791112976424
5.449622395824596	44.294711129764536
5.549622395824596	45.27151112976497
5.649622395824595	46.248311129765376
5.749622395824595	47.225111129765786
5.8496223958245945	48.201911129766216
5.949622395824594	49.178711129766576
6.049622395824594	50.1555111297669
6.1496223958245935	51.132311129767295
6.249622395824593	52.10911112976762
6.349622395824593	53.08591112976793
6.449622395824592	54.06271112976823
6.549622395824592	55.0395111297685
6.649622395824592	56.016311129768795
6.749622395824591	56.9931111297691
6.849622395824591	57.96991112976931
6.949622395824591	58.946711129769525
7.04962239582459	59.92351112976979
7.14962239582459	60.900311129769975
7.24962239582459	61.87711112977017
7.349622395824589	62.85391112977036
7.449622395824589	63.83071112977049
7.5496223958245885	64.80751112977067
7.649622395824588	65.7843111297708
7.749622395824588	66.76111112977091
7.849622395824587	67.73791112977105
7.949622395824587	68.71471112977115
8.049622395824587	69.69151112977121
8.149622395824586	70.66831112977127
8.249622395824586	71.64511112977137
8.349622395824586	72.62191112977143
8.449622395824585	73.59871112977147
8.549622395824585	74.5755111297715
8.649622395824585	75.55231112977152
8.749622395824584	76.5291111297715
8.849622395824584	77.50591112977146
8.949622395824584	78.48271112977154
9.049622395824583	79.45951112977154
9.149622395824583	80.43631112977157
9.249622395824582	81.41311112977152
9.349622395824582	82.38991112977159
9.449622395824582	83.3667111297716
9.549622395824581	84.3435111297716
9.649622395824581	85.32031112977158
9.74962239582458	86.29711112977162
9.84962239582458	87.27391112977159
9.94962239582458	88.25071112977163
10.04962239582458	89.22751112977156
10.14962239582458	90.20431112977164
10.249622395824579	91.18111112977164
10.349622395824579	92.15791112977166
10.449622395824578	93.13471112977167
10.549622395824578	94.1115111297717
10.649622395824577	95.08831112977171
10.749622395824577	96.0651111297717
10.805	96.60603956735721
1000010.805	96.60603956735721
