-100001.1	0
-0.000000000008730793865652231	0
0.0033333333246026164	0.023689439713335095
0.00833333332460251	0.05922359938042002
0.015833333324602572	0.11252483887996469
0.027083333324602554	0.19247669812684343
0.04395833332460253	0.312404486991673
0.0692708333246026	0.4922961702765728
0.1072395833246027	0.7621336951761438
0.16419270832460264	1.1668899824629966
0.24962239582460266	1.7740244132526468
0.34962239582460275	2.48470760591504
0.44962239582460284	3.1953907983462067
0.5496223958246029	3.9060739905461443
0.649622395824603	4.61675718251486
0.7496223958246031	5.327440374252345
0.8496223958246032	6.038123565758597
0.9496223958246031	6.7488067570336305
1.0496223958246031	7.459489948077431
1.1496223958246032	8.170173138890004
1.2496223958246033	8.880856329471353
1.3496223958246034	9.591539519821474
1.4496223958246035	10.30222270994037
1.5496223958246036	11.012905899828036
1.6496223958246037	11.723589089484468
1.7496223958246038	12.434272278909688
1.8496223958246039	13.144955468123763
1.949622395824604	13.855638657216625
2.049622395824604	14.566321846282754
2.149622395824604	15.277005035348825
2.249622395824604	15.987688224414892
2.3496223958246043	16.69837141348096
2.4496223958246044	17.40905460254703
2.5496223958246045	18.119737791613105
2.6496223958246046	18.83042098067916
2.7496223958246047	19.54110416974523
2.8496223958246047	20.2517873588113
2.949622395824605	20.962470547877373
3.0496223958246045	21.673153736943423
3.149622395824604	22.383836926009494
3.2496223958246038	23.094520115075564
3.3496223958246034	23.805203304141628
3.449622395824603	24.51588649320776
3.5496223958246027	25.226569682273944
3.6496223958246023	25.93725287134021
3.749622395824602	26.647936060406433
3.8496223958246016	27.358619249472696
3.9496223958246013	28.069302438538912
4.049622395824601	28.779985627605093
4.149622395824601	29.490668816671285
4.2496223958246	30.201352005737448
4.3496223958246	30.912035194803575
4.4496223958245995	31.622718383869714
4.549622395824599	32.33340157293585
4.649622395824599	33.04408476200195
4.749622395824598	33.754767951068054
4.849622395824598	34.465451140134135
4.949622395824598	35.17613432920021
5.049622395824597	35.88681751826627
5.149622395824597	36.59750070733235
5.249622395824597	37.40564224825418
5.349622395824596	38.38244224825431
5.449622395824596	39.359242248254546
5.549622395824596	40.33604224825484
5.649622395824595	41.3128422482551
5.749622395824595	42.28964224825537
5.8496223958245945	43.26644224825557
5.949622395824594	44.24324224825583
6.049622395824594	45.2200422482561
6.1496223958245935	46.1968422482563
6.249622395824593	47.17364224825649
6.349622395824593	48.1504422482567
6.449622395824592	49.12724224825687
6.549622395824592	50.1040422482571
6.649622395824592	51.08084224825724
6.749622395824591	52.05764224825743
6.849622395824591	53.03444224825762
6.949622395824591	54.011242248257744
7.04962239582459	54.988042248257905
7.14962239582459	55.96484224825804
7.24962239582459	56.94164224825819
7.349622395824589	57.918442248258295
7.449622395824589	58.89524224825843
7.5496223958245885	59.87204224825856
7.649622395824588	60.84884224825866
7.749622395824588	61.82564224825876
7.849622395824587	62.8024422482589
7.949622395824587	63.77924224825896
8.049622395824587	64.75604224825906
8.149622395824586	65.73284224825912
8.249622395824586	66.70964224825926
8.349622395824586	67.68644224825931
8.449622395824585	68.66324224825935
8.549622395824585	69.64004224825946
8.649622395824585	70.6168422482595
8.749622395824584	71.59364224825958
8.849622395824584	72.57044224825964
8.949622395824584	73.5472422482597
9.049622395824583	74.52404224825979
9.149622395824583	75.50084224825974
9.249622395824582	76.4776422482598
9.349622395824582	77.4544422482599
9.449622395824582	78.43124224825984
9.549622395824581	79.40804224825993
9.649622395824581	80.38484224825997
9.74962239582458	81.36164224826001
9.84962239582458	82.33844224826004
9.94962239582458	83.31524224825998
10.04962239582458	84.29204224825996
10.14962239582458	85.26884224826011
10.249622395824579	86.24564224826007
10.349622395824579	87.22244224826001
10.449622395824578	88.19924224826006
10.549622395824578	89.17604224826
10.649622395824577	90.15284224826006
10.749622395824577	91.12964224826005
10.805	91.6705706858457
1000010.805	91.6705706858457
