-100001.1	0
-0.000000000008730793865652231	0
0.0033333333246026164	0.02053356733585631
0.00833333332460251	0.051333918423202354
0.015833333324602572	0.09753444505313798
0.027083333324602554	0.16683523499560232
0.04395833332460253	0.2707864199038119
0.0692708333246026	0.42671319725378065
0.1072395833246027	0.6606033632509554
0.16419270832460264	1.0114386121842138
0.24962239582460266	1.5376914854434727
0.34962239582460275	2.153698506511078
0.44962239582460284	2.769705527347457
0.5496223958246029	3.3857125479526062
0.649622395824603	4.00171956832653
0.7496223958246031	4.617726588469225
0.8496223958246032	5.233733608380697
0.9496223958246031	5.849740628060937
1.0496223958246031	6.465747647509946
1.1496223958246032	7.081754666727733
1.2496223958246033	7.697761685714294
1.3496223958246034	8.313768704469627
1.4496223958246035	8.929775722993732
1.5496223958246036	9.545782741286615
1.6496223958246037	10.16178975934826
1.7496223958246038	10.777796777178688
1.8496223958246039	11.393803794777881
1.949622395824604	12.009810812145847
2.049622395824604	12.625817829282592
2.149622395824604	13.241824846188106
2.249622395824604	13.857831862862396
2.3496223958246043	14.473838879305452
2.4496223958246044	15.08984589551886
2.5496223958246045	15.705852911551016
2.6496223958246046	16.321888470972436
2.7496223958246047	16.937967525642183
2.8496223958246047	17.554046580312058
2.949622395824605	18.170125634982078
3.0496223958246045	18.78620468965221
3.149622395824604	19.402283744322386
3.2496223958246038	20.01836279899257
3.3496223958246034	20.63444185366276
3.449622395824603	21.250520908332938
3.5496223958246027	21.86659996300312
3.6496223958246023	22.482679017673288
3.749622395824602	23.098758072343436
3.8496223958246016	23.714837127013574
3.9496223958246013	24.33091618168371
4.049622395824601	24.946995236353807
4.149622395824601	25.563074291023884
4.2496223958246	26.17915334569396
4.3496223958246	26.795232400364007
4.4496223958245995	27.411311455034003
4.549622395824599	28.027390509704
4.649622395824599	28.64346956437397
4.749622395824598	29.259548619043887
4.849622395824598	29.875627673713748
4.949622395824598	30.491706728383598
5.049622395824597	31.107785783053405
5.149622395824597	31.72386483772316
5.249622395824597	32.44223791461275
5.349622395824596	33.337637914612756
5.449622395824596	34.23303791461277
5.549622395824596	35.128437914612746
5.649622395824595	36.02383791461274
5.749622395824595	36.919237914612765
5.8496223958245945	37.81463791461281
5.949622395824594	38.710037914612805
6.049622395824594	39.6054379146128
6.1496223958245935	40.500837914612816
6.249622395824593	41.396237914612804
6.349622395824593	42.29163791461281
6.449622395824592	43.187037914612844
6.549622395824592	44.082437914612846
6.649622395824592	44.97783791461284
6.749622395824591	45.873237914612886
6.849622395824591	46.768637914612896
6.949622395824591	47.66403791461286
7.04962239582459	48.55943791461288
7.14962239582459	49.454837914612874
7.24962239582459	50.350237914612904
7.349622395824589	51.24563791461292
7.449622395824589	52.14103791461293
7.5496223958245885	53.03643791461294
7.649622395824588	53.93183791461292
7.749622395824588	54.82723791461294
7.849622395824587	55.72263791461293
7.949622395824587	56.618037914613
8.049622395824587	57.513437914612986
8.149622395824586	58.40883791461295
8.249622395824586	59.304237914613005
8.349622395824586	60.199637914612985
8.449622395824585	61.09503791461297
8.549622395824585	61.990437914613
8.649622395824585	62.88583791461299
8.749622395824584	63.78123791461301
8.849622395824584	64.67663791461302
8.949622395824584	65.572037914613
9.049622395824583	66.46743791461303
9.149622395824583	67.36283791461305
9.249622395824582	68.25823791461302
9.349622395824582	69.15363791461307
9.449622395824582	70.04903791461304
9.549622395824581	70.94443791461305
9.649622395824581	71.8398379146131
9.74962239582458	72.73523791461307
9.84962239582458	73.6306379146131
9.94962239582458	74.5260379146131
10.04962239582458	75.42143791461312
10.14962239582458	76.31683791461313
10.249622395824579	77.21223791461311
10.349622395824579	78.10763791461318
10.449622395824578	79.00303791461317
10.549622395824578	79.89843791461314
10.649622395824577	80.79383791461318
10.749622395824577	81.68923791461316
10.805	82.18508898239986
1000010.805	82.18508898239986
