-100001.1	0
-0.000000000008730793865652231	0
0.0033333333246026164	0.019481609876697028
0.00833333332460251	0.0487040247707962
0.015833333324602572	0.09253764711086238
0.027083333324602554	0.15828808061852215
0.04395833332460253	0.25691373087452474
0.0692708333246026	0.40485220624618307
0.1072395833246027	0.6267599192758921
0.16419270832460264	0.9596214887579539
0.24962239582460266	1.4589138428404158
0.34962239582460275	2.043362140043091
0.44962239582460284	2.6278104370145408
0.5496223958246029	3.212258733754761
0.649622395824603	3.7967070302637564
0.7496223958246031	4.3811553265415215
0.8496223958246032	4.965603622588062
0.9496223958246031	5.550051918403373
1.0496223958246031	6.134500213987454
1.1496223958246032	6.718948509340312
1.2496223958246033	7.303396804461946
1.3496223958246034	7.887845099352347
1.4496223958246035	8.472293394011524
1.5496223958246036	9.056741688439471
1.6496223958246037	9.641189982636192
1.7496223958246038	10.225638276601686
1.8496223958246039	10.810086570335951
1.949622395824604	11.394534863838988
2.049622395824604	11.978983157110797
2.149622395824604	12.563431450151395
2.249622395824604	13.147879742961157
2.3496223958246043	13.732328035563917
2.4496223958246044	14.31677632801927
2.5496223958246045	14.901224620389819
2.6496223958246046	15.492769960441377
2.7496223958246047	16.095129960441515
2.8496223958246047	16.697489960441786
2.949622395824605	17.299849960442216
3.0496223958246045	17.90220996044273
3.149622395824604	18.504569960443206
3.2496223958246038	19.106929960443672
3.3496223958246034	19.709289960444092
3.449622395824603	20.311649960444477
3.5496223958246027	20.914009960444847
3.6496223958246023	21.516369960445193
3.749622395824602	22.118729960445496
3.8496223958246016	22.721089960445774
3.9496223958246013	23.323449960446048
4.049622395824601	23.92580996044626
4.149622395824601	24.528169960446466
4.2496223958246	25.130529960446655
4.3496223958246	25.732889960446805
4.4496223958245995	26.33524996044694
4.549622395824599	26.937609960447038
4.649622395824599	27.539969960447124
4.749622395824598	28.14232996044717
4.849622395824598	28.744689960447218
4.949622395824598	29.347049960447233
5.049622395824597	29.949409960447245
5.149622395824597	30.551769960447267
5.249622395824597	31.249523977091187
5.349622395824596	32.112363977091185
5.449622395824596	32.97520397709117
5.549622395824596	33.838043977091196
5.649622395824595	34.700883977091216
5.749622395824595	35.5637239770912
5.8496223958245945	36.426563977091185
5.949622395824594	37.28940397709121
6.049622395824594	38.15224397709125
6.1496223958245935	39.01508397709124
6.249622395824593	39.87792397709123
6.349622395824593	40.74076397709124
6.449622395824592	41.60360397709129
6.549622395824592	42.46644397709128
6.649622395824592	43.329283977091265
6.749622395824591	44.192123977091256
6.849622395824591	45.05496397709132
6.949622395824591	45.91780397709131
7.04962239582459	46.78064397709131
7.14962239582459	47.643483977091286
7.24962239582459	48.50632397709126
7.349622395824589	49.36916397709131
7.449622395824589	50.23200397709134
7.5496223958245885	51.09484397709138
7.649622395824588	51.95768397709136
7.749622395824588	52.82052397709137
7.849622395824587	53.68336397709137
7.949622395824587	54.54620397709136
8.049622395824587	55.40904397709136
8.149622395824586	56.27188397709141
8.249622395824586	57.1347239770914
8.349622395824586	57.99756397709142
8.449622395824585	58.86040397709142
8.549622395824585	59.72324397709141
8.649622395824585	60.58608397709145
8.749622395824584	61.44892397709145
8.849622395824584	62.31176397709146
8.949622395824584	63.17460397709145
9.049622395824583	64.03744397709148
9.149622395824583	64.90028397709145
9.249622395824582	65.76312397709145
9.349622395824582	66.62596397709147
9.449622395824582	67.4888039770915
9.549622395824581	68.3516439770915
9.649622395824581	69.2144839770915
9.74962239582458	70.07732397709155
9.84962239582458	70.94016397709147
9.94962239582458	71.80300397709148
10.04962239582458	72.66584397709154
10.14962239582458	73.52868397709159
10.249622395824579	74.39152397709155
10.349622395824579	75.25436397709156
10.449622395824578	76.11720397709158
10.549622395824578	76.98004397709157
10.649622395824577	77.84288397709156
10.749622395824577	78.70572397709164
10.805	79.1835440969588
1000010.805	79.1835440969588
