-100001.1	0
-0.000000000008730793865652231	0
0.0033333333246026164	0.018429652417537513
0.00833333332460251	0.046074131118390226
0.015833333324602572	0.0875408491685865
0.027083333324602554	0.1497409262414422
0.04395833332460253	0.24304104184523787
0.0692708333246026	0.382991215238586
0.1072395833246027	0.5929164753008299
0.16419270832460264	0.9078043653316924
0.24962239582460266	1.3801362002373583
0.34962239582460275	1.9330257735751049
0.44962239582460284	2.4859153466816233
0.5496223958246029	3.038804919556915
0.649622395824603	3.5916944922009817
0.7496223958246031	4.144584064613817
0.8496223958246032	4.697473636795428
0.9496223958246031	5.250363208745811
1.0496223958246031	5.803252780464964
1.1496223958246032	6.3561423519528955
1.2496223958246033	6.909031923209595
1.3496223958246034	7.461921494235067
1.4496223958246035	8.014811065029317
1.5496223958246036	8.567700635592333
1.6496223958246037	9.120590205924131
1.7496223958246038	9.673479776024692
1.8496223958246039	10.226369345894032
1.949622395824604	10.779258915543602
2.049622395824604	11.332148485026567
2.149622395824604	11.885038054405582
2.249622395824604	12.437927623742874
2.3496223958246043	12.990817193077254
2.4496223958246044	13.543706762411697
2.5496223958246045	14.09659633174616
2.6496223958246046	14.669087270934762
2.7496223958246047	15.271447270934905
2.8496223958246047	15.873807270935176
2.949622395824605	16.476167270935594
3.0496223958246045	17.078527270936096
3.149622395824604	17.68088727093657
3.2496223958246038	18.283247270936986
3.3496223958246034	18.88560727093737
3.449622395824603	19.487967270937727
3.5496223958246027	20.09032727093803
3.6496223958246023	20.692687270938293
3.749622395824602	21.295047270938536
3.8496223958246016	21.89740727093873
3.9496223958246013	22.499767270938882
4.049622395824601	23.102127270939025
4.149622395824601	23.70448727093913
4.2496223958246	24.306847270939198
4.3496223958246	24.909207270939227
4.4496223958245995	25.511567270939256
4.549622395824599	26.113927270939282
4.649622395824599	26.71628727093929
4.749622395824598	27.31864727093929
4.849622395824598	27.92100727093931
4.949622395824598	28.5233672709393
5.049622395824597	29.12572727093929
5.149622395824597	29.728087270939294
5.249622395824597	30.41391703550273
5.349622395824596	31.244197035502754
5.449622395824596	32.07447703550275
5.549622395824596	32.90475703550277
5.649622395824595	33.73503703550278
5.749622395824595	34.565317035502794
5.8496223958245945	35.39559703550276
5.949622395824594	36.22587703550278
6.049622395824594	37.05615703550279
6.1496223958245935	37.88643703550278
6.249622395824593	38.716717035502796
6.349622395824593	39.546997035502805
6.449622395824592	40.377277035502864
6.549622395824592	41.207557035502816
6.649622395824592	42.03783703550282
6.749622395824591	42.86811703550285
6.849622395824591	43.69839703550281
6.949622395824591	44.528677035502874
7.04962239582459	45.35895703550286
7.14962239582459	46.18923703550289
7.24962239582459	47.01951703550287
7.349622395824589	47.84979703550291
7.449622395824589	48.680077035502926
7.5496223958245885	49.5103570355029
7.649622395824588	50.3406370355029
7.749622395824588	51.17091703550292
7.849622395824587	52.001197035502976
7.949622395824587	52.83147703550296
8.049622395824587	53.66175703550294
8.149622395824586	54.492037035502946
8.249622395824586	55.32231703550296
8.349622395824586	56.15259703550295
8.449622395824585	56.982877035502995
8.549622395824585	57.81315703550298
8.649622395824585	58.64343703550297
8.749622395824584	59.473717035502965
8.849622395824584	60.30399703550296
8.949622395824584	61.134277035503025
9.049622395824583	61.964557035503034
9.149622395824583	62.794837035503
9.249622395824582	63.62511703550306
9.349622395824582	64.45539703550307
9.449622395824582	65.28567703550306
9.549622395824581	66.11595703550307
9.649622395824581	66.94623703550307
9.74962239582458	67.77651703550306
9.84962239582458	68.60679703550308
9.94962239582458	69.43707703550314
10.04962239582458	70.26735703550312
10.14962239582458	71.09763703550311
10.249622395824579	71.92791703550309
10.349622395824579	72.75819703550312
10.449622395824578	73.58847703550312
10.549622395824578	74.41875703550315
10.649622395824577	75.24903703550314
10.749622395824577	76.07931703550314
10.805	76.53910620745089
1000010.805	76.53910620745089
