-100001.1	0
-0.000000000008730793865652231	0
0.0033333333246026164	0.013169865122699234
0.00833333332460251	0.03292466285732541
0.015833333324602572	0.06255685945820849
0.027083333324602554	0.10700515435720712
0.04395833332460253	0.17367759670064778
0.0692708333246026	0.27368626020502695
0.1072395833246027	0.423699255439345
0.16419270832460264	0.6487187482475398
0.24962239582460266	0.9862479873853452
0.34962239582460275	1.3813439416821056
0.44962239582460284	1.7764398959611403
0.5496223958246029	2.1715358502400957
0.649622395824603	2.5666318045190564
0.7496223958246031	2.961727758798024
0.8496223958246032	3.356823713076999
0.9496223958246031	3.751919667355981
1.0496223958246031	4.147015621634977
1.1496223958246032	4.542111575913989
1.2496223958246033	4.937207530193016
1.3496223958246034	5.332303484472062
1.4496223958246035	5.727399438751126
1.5496223958246036	6.1224953930302135
1.6496223958246037	6.517591347309315
1.7496223958246038	6.91268730158842
1.8496223958246039	7.307783255867521
1.949622395824604	7.702879210146617
2.049622395824604	8.097975164425703
2.149622395824604	8.493071118704776
2.249622395824604	8.888167072983835
2.3496223958246043	9.283263027262871
2.4496223958246044	9.678358981541882
2.5496223958246045	10.073454935820873
2.6496223958246046	10.527803823827393
2.7496223958246047	11.072443823827333
2.8496223958246047	11.61708382382727
2.949622395824605	12.161723823827222
3.0496223958246045	12.706363823827179
3.149622395824604	13.251003823827151
3.2496223958246038	13.795643823827124
3.3496223958246034	14.340283823827107
3.449622395824603	14.8849238238271
3.5496223958246027	15.429563823827095
3.6496223958246023	15.974203823827095
3.749622395824602	16.51884382382709
3.8496223958246016	17.063483823827095
3.9496223958246013	17.608123823827103
4.049622395824601	18.152763823827108
4.149622395824601	18.69740382382711
4.2496223958246	19.242043823827125
4.3496223958246	19.786683823827122
4.4496223958245995	20.331323823827134
4.549622395824599	20.87596382382714
4.649622395824599	21.420603823827143
4.749622395824598	21.965243823827137
4.849622395824598	22.509883823827145
4.949622395824598	23.054523823827175
5.049622395824597	23.599163823827162
5.149622395824597	24.143803823827174
5.249622395824597	24.733430774858093
5.349622395824596	25.400910774858108
5.449622395824596	26.068390774858127
5.549622395824596	26.735870774858125
5.649622395824595	27.403350774858147
5.749622395824595	28.070830774858123
5.8496223958245945	28.73831077485813
5.949622395824594	29.40579077485814
6.049622395824594	30.073270774858166
6.1496223958245935	30.740750774858157
6.249622395824593	31.408230774858172
6.349622395824593	32.07571077485818
6.449622395824592	32.743190774858164
6.549622395824592	33.410670774858175
6.649622395824592	34.0781507748582
6.749622395824591	34.7456307748582
6.849622395824591	35.41311077485819
6.949622395824591	36.08059077485822
7.04962239582459	36.74807077485823
7.14962239582459	37.41555077485825
7.24962239582459	38.08303077485824
7.349622395824589	38.750510774858235
7.449622395824589	39.41799077485823
7.5496223958245885	40.08547077485825
7.649622395824588	40.75295077485826
7.749622395824588	41.42043077485826
7.849622395824587	42.08791077485826
7.949622395824587	42.755390774858284
8.049622395824587	43.42287077485827
8.149622395824586	44.090350774858265
8.249622395824586	44.75783077485829
8.349622395824586	45.4253107748583
8.449622395824585	46.09279077485828
8.549622395824585	46.76027077485829
8.649622395824585	47.4277507748583
8.749622395824584	48.095230774858294
8.849622395824584	48.762710774858334
8.949622395824584	49.430190774858325
9.049622395824583	50.09767077485835
9.149622395824583	50.76515077485832
9.249622395824582	51.43263077485837
9.349622395824582	52.10011077485833
9.449622395824582	52.76759077485838
9.549622395824581	53.43507077485836
9.649622395824581	54.102550774858415
9.74962239582458	54.770030774858384
9.84962239582458	55.437510774858374
9.94962239582458	56.10499077485837
10.04962239582458	56.77247077485837
10.14962239582458	57.439950774858396
10.249622395824579	58.10743077485839
10.349622395824579	58.774910774858405
10.449622395824578	59.44239077485843
10.549622395824578	60.10987077485842
10.649622395824577	60.77735077485843
10.749622395824577	61.44483077485843
10.805	61.81446520720856
1000010.805	61.81446520720856
