-100006.313	0
0	0
0.0033333333333329662	0.0000000000000000000000000000000007703719777548943
0.00833333333333286	0.0000000000000000000000000000000053926038442842604
0.015833333333333144	0
0.02708333333333357	0.0000000000000000000000000000000030814879110195774
0.04395833333333332	0.000000000000000000000000000000009244463733058732
0.06927083333333339	0.000000000000000000000000000000013866695599588098
0.1072395833333335	0.0000000000000000000000000000000514223295151392
0.16419270833333321	0.0000000000000000000000000000000057777898331617076
0.2496223958333328	0.00000000000000000000000000000016948183510607676
0.34962239583333243	0.0000000000000000000000000000001902818785054589
0.4496223958333321	0.0000000000000000000000000000001617781153285278
0.5496223958333317	0.00000000000000000000000000000037286003723336886
0.6496223958333314	0.00000000000000000000000000000005238529448733282
0.749622395833331	0.00000000000000000000000000000020954117794933126
0.8496223958333307	0.000000000000000043307569306662547
0.9496223958333303	0.0000000000000008023830736935302
1.04962239583333	0.0000000000000000000000000000047578173346142275
1.1496223958333296	0.00000000000000000000000000000023226715129310064
1.2496223958333292	0.000000000000000000000000000007907097979676236
1.3496223958333289	0.000000000000000000000000000008005705592828862
1.4496223958333285	0.0000000000000000000000000000026654870430319344
1.5496223958333282	0.000000000000000000000000000007186029808497654
1.6496223958333278	0.000000000000000000000000000016599205004684708
1.6685000000000016	0.000000000000000000000000000003254051234036674
1000001.6685	0.000000000000000000000000000003254051234036674
