-100006.313	0
0	0
0.0033333333333329662	0.00398799452136302
0.00833333333333286	0.009987971919207696
0.015833333333333144	0.019028325464485206
0.02708333333333357	0.032679450837133625
0.04395833333333332	0.05335963212316771
0.06927083333333339	0.08483422262090924
0.1072395833333335	0.13305792334233643
0.16419270833333321	0.2076358325559179
0.2496223958333328	0.32443424544455884
0.34962239583333243	0.46844362836116854
0.4496223958333321	0.6200356454962704
0.5496223958333317	0.7789239100283806
0.6496223958333314	0.9448293894170057
0.749622395833331	1.1174799501552621
0.8496223958333307	1.2966095972261564
0.9496223958333303	1.4819574521353207
1.04962239583333	1.6732678669024736
1.1496223958333296	1.8702896373010476
1.2496223958333292	2.0727757578326274
1.3496223958333289	2.2804830449523554
1.4496223958333285	2.4931734136897226
1.5496223958333282	2.710611300492221
1.6496223958333278	2.932568962811947
1.6685000000000016	2.9749576567974767
1000001.6685	2.9749576567974767
