-100006.313	0
0	0
0.0033333333333329662	0
0.00833333333333286	0
0.015833333333333144	0
0.02708333333333357	0
0.04395833333333332	0
0.06927083333333339	0
0.1072395833333335	0.000000000000000000000000000000006162975822039155
0.16419270833333321	0.000000000000000000000000000000013866695599588098
0.2496223958333328	0.0000000000000000000000000000002341930812374879
0.34962239583333243	0.00000000000000000000000000000007241496590896007
0.4496223958333321	0
0.5496223958333317	0.00000000000000000000000000000013866695599588098
0.6496223958333314	0.00000000000000000000000000000010245947304140095
0.749622395833331	0
0.8496223958333307	0.000000000000000018645487891489802
0.9496223958333303	0
1.04962239583333	0.0000000000000004702131142067959
1.1496223958333296	0.0000000000000005355301250505553
1.2496223958333292	0.0000000000000000000000000000023665827156630354
1.3496223958333289	0.0000000000000000000000000000015576921390203964
1.4496223958333285	0.0000000000000000000000000000019721522630525295
1.5496223958333282	0.000000000000000000000000000014618578649876875
1.6496223958333278	0.000000000000000000000000000005922619764979627
1.6685000000000016	0.0000000000000000000000000000013805065841367707
1000001.6685	0.0000000000000000000000000000013805065841367707
