-100001.1	0
0	0
0.0033333333333334103	0
0.008333333333333304	0
0.015833333333333366	0
0.027083333333333348	0
0.04395833333333332	0
0.06927083333333339	0
0.1072395833333335	0.000000000000000000000000000000019644485432749806
0.16419270833333344	0.000000000000000000000000000000007318533788671496
0.24962239583333345	0
0.34962239583333354	0.00000000000000000000000000000027733391199176196
0.44962239583333363	0.0000000000000000000000000000001371262120403712
0.5496223958333337	0
0.6496223958333338	0.000000000000000000000000000000018488927466117464
0.7496223958333339	0.00000000000000000000000000000003928897086549961
0.849622395833334	0.00000000000000000000000000000002465190328815662
0.9496223958333339	0.00000000000000000000000000000003331858803789918
1.049622395833334	0.0000000000000000000000000000013391953868296643
1.149622395833334	0
1.2496223958333341	0.0000000000000000000000000000007333941228226594
1.3496223958333342	0.0000000000000000000000000000007457200744667377
1.4496223958333343	0.0000000000000000000000000000014144029511579858
1.5496223958333344	0.000000000000000000000000000001195617309475596
1.6496223958333345	0.000000000000000000000000000002545309014502171
1.7496223958333346	0.0000000000000000000000000000013496917050265749
1.8496223958333347	0.0000000000000000000000000000033711477746554176
1.9496223958333347	0.0000000000000000000000000000002164745257491253
2.049622395833335	0.000000000000000000000000000002230997247578174
2.149622395833335	0.0000000000000000000000000000028927467764696283
2.249622395833335	0.0000000000000000000000000000021323896344255475
2.349622395833335	0.0000000000000000000000000000010632577740475832
2.449622395833335	0.0000000000000000000000000000011925358215645764
2.5496223958333353	0.0000000000000000000000000000021416340981586063
2.6496223958333354	0.00000000000000000000000000001100707481816193
2.7496223958333355	0.0000000000000000000000000000029131616338801326
2.8496223958333355	0
2.9496223958333356	0.000000000000000000000000000007821586690145442
3.0496223958333353	0.000000000000000000000000000002070759876205156
3.149622395833335	0.000000000000000000000000000001627025617018337
3.2496223958333346	0.000000000000000000000000000013805065841367707
3.349622395833334	0.00000000000000000000000000001735185842695124
3.449622395833334	0.000000000000000000000000000003935830434349755
3.5496223958333335	0.000000000000000000000000000029850373394046646
3.649622395833333	0.00000000000000000000000000002662405555120915
3.749622395833333	0.000000000000000000000000000012350603547366467
3.8496223958333324	0.000000000000000000000000000009367723249499515
3.949622395833332	0.00000000000000000000000000002589066142838649
4.049622395833332	0.000000000000000000000000000004494735304210931
4.149622395833331	0.000000000000000000000000000002730198289163346
4.249622395833331	0.0000000000000000000000000000021350859363476897
4.349622395833331	0.000000000000000000000000000007202400213024946
4.44962239583333	0.000000000000000000000000000005928782740801667
4.54962239583333	0.00000000000000000000000000004529170931616574
4.64962239583333	0.0000000000000000000000000000026932204342311106
4.749622395833329	0.0000000000000000000000000000006085938624263665
4.849622395833329	0.000000000000000000000000000010748229833636286
4.9496223958333285	0.000000000000000000000000000003549874073494553
5.049622395833328	0.000000000000000000000000000006754621500954914
5.149622395833328	0.00000000000000000000000000004762747715271858
5.212999999999999	0.00000000000000000000000000000014791141972893971
1000005.213	0.00000000000000000000000000000014791141972893971
