-100001.1	0
0	0
0.0033333333333334103	0.0008924020985519868
0.008333333333333304	0.0022277759279428766
0.015833333333333366	0.004223679602051269
0.027083333333333348	0.007201104541934919
0.04395833333333332	0.011640688216682717
0.06927083333333339	0.018342352103983654
0.1072395833333335	0.029212810349883316
0.16419270833333344	0.04806292802802491
0.24962239583333345	0.08105100162395021
0.34962239583333354	0.12642264240489762
0.44962239583333363	0.17798302634734098
0.5496223958333337	0.2331483513196143
0.6496223958333338	0.2973528488740692
0.7496223958333339	0.3699986584049058
0.849622395833334	0.4545773964009651
0.9496223958333339	0.5481562941850316
1.049622395833334	0.645045147618812
1.149622395833334	0.7493010689680472
1.2496223958333341	0.8565035215956014
1.3496223958333342	0.96437157836075
1.4496223958333343	1.080182092337126
1.5496223958333344	1.2054292694736293
1.6496223958333345	1.3409488750757814
1.7496223958333346	1.486138436397529
1.8496223958333347	1.6387408429985446
1.9496223958333347	1.796824776409391
2.049622395833335	1.9584587423323576
2.149622395833335	2.1231123834713226
2.249622395833335	2.2918983048973542
2.349622395833335	2.4675914515910358
2.449622395833335	2.6493860602871
2.5496223958333353	2.839203217201222
2.6496223958333354	2.9571233540217685
2.7496223958333355	2.972604036105348
2.8496223958333355	2.9917798534037114
2.9496223958333356	3.0156096967517434
3.0496223958333353	3.045547152780775
3.149622395833335	3.0787688416441696
3.2496223958333346	3.113981506707447
3.349622395833334	3.1534834261623517
3.449622395833334	3.197836171670346
3.5496223958333335	3.2467937471276067
3.649622395833333	3.2983038823420463
3.749622395833333	3.3525571707786557
3.8496223958333324	3.41071777465739
3.949622395833332	3.4716225592146186
4.049622395833332	3.540565216778314
4.149622395833331	3.6110444929878693
4.249622395833331	3.682654280069514
4.349622395833331	3.7579197453378708
4.44962239583333	3.83410253364564
4.54962239583333	3.9092086405105686
4.64962239583333	3.988316074140214
4.749622395833329	4.073640515082201
4.849622395833329	4.163098113158021
4.9496223958333285	4.251786752694748
5.049622395833328	4.340839096735761
5.149622395833328	4.4298057087748255
5.212999999999999	4.485670934703261
1000005.213	4.485670934703261
