-100001.1	0
0	0
0.0033333333333334103	0.0009379338762718227
0.008333333333333304	0.0023550956235873772
0.015833333333333366	0.004502659344726658
0.027083333333333348	0.0077739662540357345
0.04395833333333332	0.012794568757624341
0.06927083333333339	0.020585231652541978
0.1072395833333335	0.03287480540887595
0.16419270833333344	0.052734709643520505
0.24962239583333345	0.08601666193395517
0.34962239583333354	0.13097956538266825
0.44962239583333363	0.18330532575574315
0.5496223958333337	0.2432821269316449
0.6496223958333338	0.3100144615580508
0.7496223958333339	0.38246034291837083
0.849622395833334	0.4600911518564151
0.9496223958333339	0.5429733253202182
1.049622395833334	0.6311955410174954
1.149622395833334	0.724825325660237
1.2496223958333341	0.8239088767632237
1.3496223958333342	0.9284712886227073
1.4496223958333343	1.0385160396315833
1.5496223958333344	1.1540276666006566
1.6496223958333345	1.2749742323257611
1.7496223958333346	1.4013047647627948
1.8496223958333347	1.532952539929856
1.9496223958333347	1.6698366567944114
2.049622395833335	1.81186335431768
2.149622395833335	1.958927927874961
2.249622395833335	2.1109162465537255
2.349622395833335	2.2677063375856945
2.449622395833335	2.429169494915802
2.5496223958333353	2.595171689756864
2.6496223958333354	2.7075291245378774
2.7496223958333355	2.7356943954235464
2.8496223958333355	2.7679753384660106
2.9496223958333356	2.8042265372978425
3.0496223958333353	2.844302225114013
3.149622395833335	2.888056270729531
3.2496223958333346	2.9353428563001143
3.349622395833334	2.986018342268029
3.449622395833334	3.039938265309978
3.5496223958333335	3.0969612568472487
3.649622395833333	3.156947496405776
3.749622395833333	3.219759410145046
3.8496223958333324	3.28526157253237
3.949622395833332	3.3533212771402354
4.049622395833332	3.423808344219583
4.149622395833331	3.496595395872445
4.249622395833331	3.5715578258731906
4.349622395833331	3.6485741009642614
4.44962239583333	3.727525474826328
4.54962239583333	3.808296331056313
4.64962239583333	3.8907740730527265
4.749622395833329	3.974849228540612
4.849622395833329	4.0604154115192665
4.9496223958333285	4.1473693907941
5.049622395833328	4.2356111262962
5.149622395833328	4.325043753168159
5.212999999999999	4.382297890112068
1000005.213	4.382297890112068
