-100001.1	0
0	0
0.0033333333333334103	0.0010108104840526456
0.008333333333333304	0.0025367308749581893
0.015833333333333366	0.00484763636183861
0.027083333333333348	0.008364473511661563
0.04395833333333332	0.013757592311917049
0.06927083333333339	0.022121267080242823
0.1072395833333335	0.035342412490323744
0.16419270833333344	0.056901610624051295
0.24962239583333345	0.09381269777450989
0.34962239583333354	0.14384954204001943
0.44962239583333363	0.19990157276812953
0.5496223958333337	0.2609197457334288
0.6496223958333338	0.3268737709470867
0.7496223958333339	0.39786023585263414
0.849622395833334	0.4739567228303235
0.9496223958333339	0.5552215805990054
1.049622395833334	0.641693994185583
1.149622395833334	0.7333965094727295
1.2496223958333341	0.8303246856314499
1.3496223958333342	0.9324698315954858
1.4496223958333343	1.0397970615688974
1.5496223958333344	1.1522591378103773
1.6496223958333345	1.2697969844240582
1.7496223958333346	1.3923371121174577
1.8496223958333347	1.5197942127088313
1.9496223958333347	1.652073278263155
2.049622395833335	1.789070101702415
2.149622395833335	1.9306730935905654
2.249622395833335	2.0767643096397
2.349622395833335	2.227220595734939
2.449622395833335	2.381914425498852
2.5496223958333353	2.5407149393280246
2.6496223958333354	2.65268159788774
2.7496223958333355	2.691065167278583
2.8496223958333355	2.733150182142728
2.9496223958333356	2.778799713148058
3.0496223958333353	2.8278765842681763
3.149622395833335	2.8802440829408527
3.2496223958333346	2.935766360873276
3.349622395833334	2.9943086281371234
3.449622395833334	3.0557374874146395
3.5496223958333335	3.11992124525146
3.649622395833333	3.1867302260250026
3.749622395833333	3.256036695418378
3.8496223958333324	3.3277151940218532
3.949622395833332	3.4016427772494984
4.049622395833332	3.477698853810642
4.149622395833331	3.555765460985194
4.249622395833331	3.6357273988499745
4.349622395833331	3.717472156553073
4.44962239583333	3.800890048216112
4.54962239583333	3.8858742243538296
4.64962239583333	3.9723209014045593
4.749622395833329	4.060129107799828
4.849622395833329	4.1492009339082205
4.9496223958333285	4.239441517750849
5.049622395833328	4.330759122459708
5.149622395833328	4.423064988566657
5.212999999999999	4.482039108755051
1000005.213	4.482039108755051
