-100001.1	0
0	0
0.0033333333333334103	0.001223080827309875
0.008333333333333304	0.0030629626244445566
0.015833333333333366	0.005834615366507559
0.027083333333333348	0.01001870972451181
0.04395833333333332	0.01635524256010929
0.06927083333333339	0.025997353229390997
0.1072395833333335	0.04077452208877447
0.16419270833333344	0.0636610042692872
0.24962239583333345	0.09965985977091235
0.34962239583333354	0.14443644585249088
0.44962239583333363	0.1921679804876432
0.5496223958333337	0.24295641685735522
0.6496223958333338	0.2968914495408579
0.7496223958333339	0.35405025968109627
0.849622395833334	0.4144968432170669
0.9496223958333339	0.4782838593294349
1.049622395833334	0.5454502205376062
1.149622395833334	0.6160250398848292
1.2496223958333341	0.6900243169030685
1.3496223958333342	0.767454664275139
1.4496223958333343	0.8483122239568462
1.5496223958333344	0.9325843185652654
1.6496223958333345	1.0202469116960702
1.7496223958333346	1.1112689328315974
1.8496223958333347	1.2056125549495769
1.9496223958333347	1.3032327378289519
2.049622395833335	1.404077388001466
2.149622395833335	1.5080893582203072
2.249622395833335	1.6152069191747755
2.349622395833335	1.7253634003360538
2.449622395833335	1.8384892124039773
2.5496223958333353	1.954510652816456
2.6496223958333354	2.0442604246917093
2.7496223958333355	2.092421127728572
2.8496223958333355	2.1432433371024855
2.9496223958333356	2.196644534891222
3.0496223958333353	2.252542652669111
3.149622395833335	2.3108540694018185
3.2496223958333346	2.371495334895269
3.349622395833334	2.4343825037431803
3.449622395833334	2.4994313441577014
3.5496223958333335	2.5665586205672684
3.649622395833333	2.635681160109439
3.749622395833333	2.7067167602808824
3.8496223958333324	2.7795835703910283
3.949622395833332	2.8542016363444334
4.049622395833332	2.930491099265862
4.149622395833331	3.0083740718579977
4.249622395833331	3.0877741542660457
4.349622395833331	3.1686158709756054
4.44962239583333	3.250826070164397
4.54962239583333	3.334332394737204
4.64962239583333	3.4190645940904383
4.749622395833329	3.504954320163784
4.849622395833329	3.5919344880266237
4.9496223958333285	3.67994009787526
5.049622395833328	3.768908225117936
5.149622395833328	3.8587783370184496
5.212999999999999	3.9161764951964395
1000005.213	3.9161764951964395
