-100001.1	0
0	0
0.0033333333333334103	0.0012295830272794996
0.008333333333333304	0.0030827620075957415
0.015833333333333366	0.0058764663189381
0.027083333333333348	0.010090878577829702
0.04395833333333332	0.01646561943270663
0.06927083333333339	0.02614755187587846
0.1072395833333335	0.04094404339795749
0.16419270833333344	0.06376889039940521
0.24962239583333345	0.09946512147948383
0.34962239583333354	0.1435515726383118
0.44962239583333363	0.19021202454605882
0.5496223958333337	0.23953166282042934
0.6496223958333338	0.29158469778540386
0.7496223958333339	0.34643507416382624
0.849622395833334	0.4041351679397105
0.9496223958333339	0.4647280917694186
1.049622395833334	0.5282449999752519
1.149622395833334	0.5947092465736075
1.2496223958333341	0.6641321117966408
1.3496223958333342	0.7365186714647991
1.4496223958333343	0.8118623189035178
1.5496223958333344	0.890151561545935
1.6496223958333345	0.971364325955209
1.7496223958333346	1.055474407993874
1.8496223958333347	1.1424468539026444
1.9496223958333347	1.2322427312352011
2.049622395833335	1.3248166464770619
2.149622395833335	1.4201191207072419
2.249622395833335	1.5180964312893503
2.349622395833335	1.618690808301416
2.449622395833335	1.7218419489823733
2.5496223958333353	1.8274859768217735
2.6496223958333354	1.9137045388455112
2.7496223958333355	1.968982525607927
2.8496223958333355	2.026550873912499
2.9496223958333356	2.0863393110918236
3.0496223958333353	2.1482758503083756
3.149622395833335	2.212289486520189
3.2496223958333346	2.2783063683735634
3.349622395833334	2.3462558564963207
3.449622395833334	2.4160633227306967
3.5496223958333335	2.487658990519623
3.649622395833333	2.560968851871582
3.749622395833333	2.6359238725866465
3.8496223958333324	2.7124523566841905
3.949622395833332	2.79048550696969
4.049622395833332	2.86995538252503
4.149622395833331	2.950793475791965
4.249622395833331	3.032935091684402
4.349622395833331	3.1163110207363434
4.44962239583333	3.2008659044599743
4.54962239583333	3.2865336360938295
4.64962239583333	3.373253580692062
4.749622395833329	3.460967766667159
4.849622395833329	3.5496174839382144
4.9496223958333285	3.639148473969448
5.049622395833328	3.7295058810646364
5.149622395833328	3.820637376451888
5.212999999999999	3.8787735580555953
1000005.213	3.8787735580555953
