-100001.1	0
0	0
0.0033333333333334103	0.0009994098989022423
0.008333333333333304	0.0025121515007304075
0.015833333333333366	0.004779918638456772
0.027083333333333348	0.008184512578889622
0.04395833333333332	0.013374126225257
0.06927083333333339	0.021324290339455536
0.1072395833333335	0.03407582852300764
0.16419270833333344	0.054543833363767585
0.24962239583333345	0.08554523713034777
0.34962239583333354	0.12398387299676537
0.44962239583333363	0.16571409445787666
0.5496223958333337	0.2097675835026129
0.6496223958333338	0.25509733805640006
0.7496223958333339	0.30219048799737097
0.849622395833334	0.3518422223448825
0.9496223958333339	0.4042331692675989
1.049622395833334	0.45941927220832246
1.149622395833334	0.5155763474755367
1.2496223958333341	0.5761994440100803
1.3496223958333342	0.6381316709264756
1.4496223958333343	0.7026209886462185
1.5496223958333344	0.7681506319501784
1.6496223958333345	0.836539967374465
1.7496223958333346	0.9068127341093768
1.8496223958333347	0.9801868204722441
1.9496223958333347	1.0538689503258338
2.049622395833335	1.131299771170454
2.149622395833335	1.2134051758802182
2.249622395833335	1.294336991837432
2.349622395833335	1.3759403481539008
2.449622395833335	1.4596158900091585
2.5496223958333353	1.544873373803613
2.6496223958333354	1.6271162127108183
2.7496223958333355	1.6835795886873084
2.8496223958333355	1.7432569718734785
2.9496223958333356	1.8089671125218785
3.0496223958333353	1.8764407217385026
3.149622395833335	1.944304587111537
3.2496223958333346	2.0153697278939062
3.349622395833334	2.0859237295269297
3.449622395833334	2.160864474555351
3.5496223958333335	2.234177880512566
3.649622395833333	2.310718066764923
3.749622395833333	2.3909980101416832
3.8496223958333324	2.470002232189764
3.949622395833332	2.549584443774328
4.049622395833332	2.6324750723260704
4.149622395833331	2.716613886140945
4.249622395833331	2.797881174238871
4.349622395833331	2.883230839984837
4.44962239583333	2.969568677747362
4.54962239583333	3.0564987540700455
4.64962239583333	3.14468101621068
4.749622395833329	3.2321691974082882
4.849622395833329	3.3216794211423606
4.9496223958333285	3.412518925088072
5.049622395833328	3.5029961086566224
5.149622395833328	3.5953871109138777
5.212999999999999	3.6537730682394063
1000005.213	3.6537730682394063
