-100001.1	0
0	0
0.0033333333333334103	0.0009035392938163387
0.008333333333333304	0.002267200029861865
0.015833333333333366	0.004331488827364128
0.027083333333333348	0.007470060874467261
0.04395833333333332	0.012239040181995401
0.06927083333333339	0.019470784064293367
0.1072395833333335	0.03049463690250348
0.16419270833333344	0.047434927204172084
0.24962239583333345	0.07377794122151284
0.34962239583333354	0.10607439353513153
0.44962239583333363	0.13999094718248517
0.5496223958333337	0.17556835336642407
0.6496223958333338	0.21284231034933757
0.7496223958333339	0.2518414540805197
0.849622395833334	0.2925901146678392
0.9496223958333339	0.33510524479236065
1.049622395833334	0.3794003255212513
1.149622395833334	0.4254813964654954
1.2496223958333341	0.47335181789059827
1.3496223958333342	0.5230077120170794
1.4496223958333343	0.5744432461677902
1.5496223958333344	0.6276457991812973
1.6496223958333345	0.6826013572145626
1.7496223958333346	0.7392898135758843
1.8496223958333347	0.7976900306906702
1.9496223958333347	0.8577756598209442
2.049622395833335	0.9195195800347443
2.149622395833335	0.9828903555928957
2.249622395833335	1.047856044539538
2.349622395833335	1.114381098845074
2.449622395833335	1.1824298897561971
2.5496223958333353	1.2519636354604424
2.6496223958333354	1.322944114200854
2.7496223958333355	1.3953300416654255
2.8496223958333355	1.4690815743261623
2.9496223958333356	1.5441556071917493
3.0496223958333353	1.6205114415715427
3.149622395833335	1.6981048648533503
3.2496223958333346	1.7768948412006336
3.349622395833334	1.8568368094838925
3.449622395833334	1.937889663566363
3.5496223958333335	2.0200093387803024
3.649622395833333	2.103154782595166
3.749622395833333	2.1872829990675533
3.8496223958333324	2.272352986665777
3.949622395833332	2.358324144544127
4.049622395833332	2.44515511751466
4.149622395833331	2.532807475982392
4.249622395833331	2.6212408288838014
4.349622395833331	2.710418174339287
4.44962239583333	2.800301247795671
4.54962239583333	2.8908537658073885
4.64962239583333	2.982040433620709
4.749622395833329	3.073825631935616
4.849622395833329	3.1661766222668923
4.9496223958333285	3.259059527927423
5.049622395833328	3.352443205356307
5.149622395833328	3.446296697069354
5.212999999999999	3.5060086700396016
1000005.213	3.5060086700396016
