-100001.1	0
0	0
0.0033333333333334103	0.0013123705158606675
0.008333333333333304	0.0032883488023207276
0.015833333333333366	0.006269022187718555
0.027083333333333348	0.010777638765704025
0.04395833333333332	0.017601776322578352
0.06927083333333339	0.027905816791611412
0.1072395833333335	0.043511512065498054
0.16419270833333344	0.0672624355036069
0.24962239583333345	0.10367706923703054
0.34962239583333354	0.14753298247342808
0.44962239583333363	0.19274979948660534
0.5496223958333337	0.23935735164688213
0.6496223958333338	0.2873818019321207
0.7496223958333339	0.33684338108424483
0.849622395833334	0.3877592398473876
0.9496223958333339	0.4401404172269717
1.049622395833334	0.4939955503303302
1.149622395833334	0.5493271084053848
1.2496223958333341	0.6061358840723525
1.3496223958333342	0.6644165330504916
1.4496223958333343	0.7241628071571949
1.5496223958333344	0.785362450465707
1.6496223958333345	0.8480030088651039
1.7496223958333346	0.9120663030996252
1.8496223958333347	0.9775345215051087
1.9496223958333347	1.044384497967108
2.049622395833335	1.1125939708133503
2.149622395833335	1.1821357014227372
2.249622395833335	1.2529838290846813
2.349622395833335	1.3251078747494922
2.449622395833335	1.3984792121359972
2.5496223958333353	1.4730648937063349
2.6496223958333354	1.5488342236733181
2.7496223958333355	1.6257525005397564
2.8496223958333355	1.7037876089914679
2.9496223958333356	1.7829037539935177
3.0496223958333353	1.8630678416136486
3.149622395833335	1.9442437010279796
3.2496223958333346	2.026397534740202
3.349622395833334	2.109493529396579
3.449622395833334	2.1934972855899275
3.5496223958333335	2.2783740535670884
3.649622395833333	2.3640889691843485
3.749622395833333	2.4506087036381254
3.8496223958333324	2.537898395256682
3.949622395833332	2.6259260060543337
4.049622395833332	2.7146574815998425
4.149622395833331	2.8040616609322977
4.249622395833331	2.894106176410325
4.349622395833331	2.9847602920561154
4.44962239583333	3.075994003506828
4.54962239583333	3.1677769684498425
4.64962239583333	3.2600812924823015
4.749622395833329	3.3528778856788524
4.849622395833329	3.446140201470551
4.9496223958333285	3.5398413606362915
5.049622395833328	3.6339555995718036
5.149622395833328	3.7284587184922136
5.212999999999999	3.7885432200971763
1000005.213	3.7885432200971763
