-100001.1	0
0	0
0.0033333333333334103	0.0016769169598129016
0.008333333333333304	0.004198750395032606
0.015833333333333366	0.00799603657643247
0.027083333333333348	0.013724690608440381
0.04395833333333332	0.022371698788940957
0.06927083333333339	0.03539946307657273
0.1072395833333335	0.055066366963743174
0.16419270833333344	0.08485266031044708
0.24962239583333345	0.13018934942133353
0.34962239583333354	0.18428103458152656
0.44962239583333363	0.23949991439651444
0.5496223958333337	0.29586677243678067
0.6496223958333338	0.35339984071012176
0.7496223958333339	0.41211246096343224
0.849622395833334	0.47201584003388125
0.9496223958333339	0.5331162467177776
1.049622395833334	0.5954183299776236
1.149622395833334	0.6589218155263589
1.2496223958333341	0.7236253472284273
1.3496223958333342	0.7895227215451778
1.4496223958333343	0.8566072273622999
1.5496223958333344	0.9248674311389891
1.6496223958333345	0.9942919468364454
1.7496223958333346	1.064864840205655
1.8496223958333347	1.1365707481871299
1.9496223958333347	1.209389960090325
2.049622395833335	1.2833038056558375
2.149622395833335	1.358289528965864
2.249622395833335	1.4343257684605428
2.349622395833335	1.5113874147809603
2.449622395833335	1.5894509790365
2.5496223958333353	1.6684896572291879
2.6496223958333354	1.7484783256053416
2.7496223958333355	1.8293890878012795
2.8496223958333355	1.9111955722009408
2.9496223958333356	1.9938694292505188
3.0496223958333353	2.0773832831611214
3.149622395833335	2.1617089382309214
3.2496223958333346	2.2468182227501465
3.349622395833334	2.3326835587280015
3.449622395833334	2.4192762823316376
3.5496223958333335	2.5065696237020862
3.649622395833333	2.5945349420281234
3.749622395833333	2.683146179886973
3.8496223958333324	2.7723753493431036
3.949622395833332	2.862196881397189
4.049622395833332	2.9525841085410742
4.149622395833331	3.043511649889315
4.249622395833331	3.1349547058740366
4.349622395833331	3.2268881121359856
4.44962239583333	3.3192887339077264
4.54962239583333	3.4121322965866
4.64962239583333	3.5053968098616695
4.749622395833329	3.599059601835954
4.849622395833329	3.6930993411505275
4.9496223958333285	3.787495479839116
5.049622395833328	3.8822272985718587
5.149622395833328	3.9772760178391486
5.212999999999999	4.037671385671792
1000005.213	4.037671385671792
