-100001.1	0
0	0
0.0033333333333334103	0.0019989123168165854
0.008333333333333304	0.005002765606564675
0.015833333333333366	0.009520892859038142
0.027083333333333348	0.016325887050912983
0.04395833333333332	0.026576123273666315
0.06927083333333339	0.04199787987367428
0.1072395833333335	0.06523369707760181
0.16419270833333344	0.10032245208053016
0.24962239583333345	0.15349438329573867
0.34962239583333354	0.21657035280147569
0.44962239583333363	0.28056384117075767
0.5496223958333337	0.3454882931493271
0.6496223958333338	0.41135556014568414
0.7496223958333339	0.47817343150596003
0.849622395833334	0.5459484164347351
0.9496223958333339	0.6146830378844175
1.049622395833334	0.6843788331158849
1.149622395833334	0.7550334862676241
1.2496223958333341	0.8266440375439152
1.3496223958333342	0.899203838070103
1.4496223958333343	0.972705936620521
1.5496223958333344	1.047139879932225
1.6496223958333345	1.122495266222555
1.7496223958333346	1.198758409898236
1.8496223958333347	1.275915962224998
1.9496223958333347	1.3539515800330624
2.049622395833335	1.432849471780609
2.149622395833335	1.5125911880383747
2.249622395833335	1.5931589360307574
2.349622395833335	1.6745327231240252
2.449622395833335	1.7566931324477268
2.5496223958333353	1.8396191479155508
2.6496223958333354	1.9232900605043453
2.7496223958333355	2.007684357483399
2.8496223958333355	2.0927795872115715
2.9496223958333356	2.178556259907257
3.0496223958333353	2.264989774461066
3.149622395833335	2.352059496914028
3.2496223958333346	2.439742492750072
3.349622395833334	2.5280177936515713
3.449622395833334	2.616862510212915
3.5496223958333335	2.7062560119756522
3.649622395833333	2.7961759352203037
3.749622395833333	2.8866018487598772
3.8496223958333324	2.9775124419299384
3.949622395833332	3.0688873328720887
4.049622395833332	3.160706632200733
4.149622395833331	3.2529500678083565
4.249622395833331	3.3455990610722495
4.349622395833331	3.4386339703306397
4.44962239583333	3.5320371423110357
4.54962239583333	3.6257901406380615
4.64962239583333	3.719875845569664
4.749622395833329	3.8142774583533714
4.849622395833329	3.908978288950964
4.9496223958333285	4.003963050707453
5.049622395833328	4.09921590233259
5.149622395833328	4.194722566255004
5.212999999999999	4.255377648878822
1000005.213	4.255377648878822
