-100001.1	0
0	0
0.0033333333333334103	0.002280070531895669
0.008333333333333304	0.005704704051780117
0.015833333333333366	0.01085185035348789
0.027083333333333348	0.01859512306922589
0.04395833333333332	0.030240643629879802
0.06927083333333339	0.04774535762809863
0.1072395833333335	0.07408557764767636
0.16419270833333344	0.11378501536155171
0.24962239583333345	0.17376655050690423
0.34962239583333354	0.24464604930785191
0.44962239583333363	0.3162563171958469
0.5496223958333337	0.38860503715841554
0.6496223958333338	0.46169906219665424
0.7496223958333339	0.5355419024954082
0.849622395833334	0.6101364908759994
0.9496223958333339	0.6854825230706432
1.049622395833334	0.7615792790637707
1.149622395833334	0.8384230259757545
1.2496223958333341	0.9160097598395078
1.3496223958333342	0.9943327170878867
1.4496223958333343	1.0733850027688951
1.5496223958333344	1.15315724906702
1.6496223958333345	1.233640048258904
1.7496223958333346	1.3148218688679536
1.8496223958333347	1.3966911902340444
1.9496223958333347	1.4792347458661168
2.049622395833335	1.5624392305214454
2.149622395833335	1.6462900900940294
2.249622395833335	1.73077255583347
2.349622395833335	1.8158711972592985
2.449622395833335	1.9015700475080026
2.5496223958333353	1.9878531955420133
2.6496223958333354	2.074703744935455
2.7496223958333355	2.162105576776406
2.8496223958333355	2.250041175629208
2.9496223958333356	2.3384944248611768
3.0496223958333353	2.4274475143600545
3.149622395833335	2.516884432983041
3.2496223958333346	2.6067874113313962
3.349622395833334	2.697140567543472
3.449622395833334	2.787926562243348
3.5496223958333335	2.8791295695000416
3.649622395833333	2.970733082631729
3.749622395833333	3.062721234795201
3.8496223958333324	3.1550786199954812
3.949622395833332	3.2477894368241023
4.049622395833332	3.3408392902045616
4.149622395833331	3.4342128357615285
4.249622395833331	3.527896426613362
4.349622395833331	3.621875619603047
4.44962239583333	3.7161372008269367
4.54962239583333	3.810668003958685
4.64962239583333	3.9054551088823253
4.749622395833329	4.0004866363889535
4.849622395833329	4.09575021860293
4.9496223958333285	4.191234893729852
5.049622395833328	4.286929280311901
5.149622395833328	4.382822978667093
5.212999999999999	4.443697038076803
1000005.213	4.443697038076803
