-100001.1	0
0	0
0.0033333333333334103	0.002522155438865435
0.008333333333333304	0.006308999123329505
0.015833333333333366	0.011997400459193681
0.027083333333333348	0.02054752114526819
0.04395833333333332	0.03339100075778257
0.06927083333333339	0.052685236541786716
0.1072395833333335	0.08169181102188149
0.16419270833333344	0.1253498433304488
0.24962239583333345	0.19117459957667
0.34962239583333354	0.26874565020249247
0.44962239583333363	0.3468828192412284
0.5496223958333337	0.42558949484017566
0.6496223958333338	0.5048687701812558
0.7496223958333339	0.5847210537269186
0.849622395833334	0.6651466526268819
0.9496223958333339	0.7461433051668649
1.049622395833334	0.8277087808229018
1.149622395833334	0.9098384932319653
1.2496223958333341	0.9925279055659332
1.3496223958333342	1.0757704373023311
1.4496223958333343	1.1595595258840115
1.5496223958333344	1.2438869443754719
1.6496223958333345	1.328744367184165
1.7496223958333346	1.4141222659139006
1.8496223958333347	1.5000108360289994
1.9496223958333347	1.5863995532517394
2.049622395833335	1.6732773731908088
2.149622395833335	1.7606330981066476
2.249622395833335	1.848454694696507
2.349622395833335	1.9367305486895272
2.449622395833335	2.025447871154875
2.5496223958333353	2.114594844643558
2.6496223958333354	2.204158202299447
2.7496223958333355	2.2941260419704457
2.8496223958333355	2.3844849004662136
2.9496223958333356	2.4752228858984684
3.0496223958333353	2.566326607100326
3.149622395833335	2.6577841970708787
3.2496223958333346	2.749582622651136
3.349622395833334	2.8417100231964905
3.449622395833334	2.934154052401819
3.5496223958333335	3.026902786624005
3.649622395833333	3.1199447376691087
3.749622395833333	3.213268034496511
3.8496223958333324	3.3068620571105662
3.949622395833332	3.4007150942372486
4.049622395833332	3.4948172429781246
4.149622395833331	3.5891576149345377
4.249622395833331	3.68372793146085
4.349622395833331	3.7785140409601703
4.44962239583333	3.873510770292571
4.54962239583333	3.968707890639208
4.64962239583333	4.064096285263782
4.749622395833329	4.159667972358712
4.849622395833329	4.25541452689859
4.9496223958333285	4.351328486204443
5.049622395833328	4.447402371587693
5.149622395833328	4.543629064452958
5.212999999999999	4.604691663668234
1000005.213	4.604691663668234
