-100001.1	0
0	0
0.0033333333333334103	0.0028966098502383763
0.008333333333333304	0.007243509389510256
0.015833333333333366	0.013768382652076647
0.027083333333333348	0.023561359200511563
0.04395833333333332	0.03825804557325473
0.06927083333333339	0.0603189992148855
0.1072395833333335	0.09344609652160114
0.16419270833333344	0.14321776208778528
0.24962239583333345	0.21805846482633928
0.34962239583333354	0.30594288954946647
0.44962239583333363	0.39412845312081063
0.5496223958333337	0.4826135829784535
0.6496223958333338	0.5713969960982658
0.7496223958333339	0.6604757534616421
0.849622395833334	0.7498474641903999
0.9496223958333339	0.8395080998404458
1.049622395833334	0.9294542352961173
1.149622395833334	1.0196810004369443
1.2496223958333341	1.1101840310998505
1.3496223958333342	1.2009578450975404
1.4496223958333343	1.291997247824222
1.5496223958333344	1.3832963622556442
1.6496223958333345	1.474849260334788
1.7496223958333346	1.566649887207392
1.8496223958333347	1.658691705881848
1.9496223958333347	1.7509685766523795
2.049622395833335	1.843473570041423
2.149622395833335	1.936200529307344
2.249622395833335	2.0291423071002743
2.349622395833335	2.122292782495242
2.449622395833335	2.2156447794560017
2.5496223958333353	2.3091922400227833
2.6496223958333354	2.4029281392272575
2.7496223958333355	2.4968464862666173
2.8496223958333355	2.5909405720992256
2.9496223958333356	2.685204445482305
3.0496223958333353	2.779631905297186
3.149622395833335	2.874217008131474
3.2496223958333346	2.96895416421082
3.349622395833334	3.0638375212774274
3.449622395833334	3.158862031150604
3.5496223958333335	3.254022107126419
3.649622395833333	3.3493131386182453
3.749622395833333	3.444729998604268
3.8496223958333324	3.540268387383595
3.949622395833332	3.6359236766133622
4.049622395833332	3.731690787044917
4.149622395833331	3.8275656646610297
4.249622395833331	3.9235443819126985
4.349622395833331	4.019628447059842
4.44962239583333	4.115811502659498
4.54962239583333	4.2120903896116
4.64962239583333	4.308461881954022
4.749622395833329	4.404923429102271
4.849622395833329	4.501473017704711
4.9496223958333285	4.598107966378126
5.049622395833328	4.6948265542468315
5.149622395833328	4.7916267556529615
5.212999999999999	4.853018058929505
1000005.213	4.853018058929505
