-100001.1	0
0	0
0.0033333333333334103	0.0030329775865512248
0.008333333333333304	0.007583761827620704
0.015833333333333366	0.014412498934110339
0.027083333333333348	0.024658120523273763
0.04395833333333332	0.04003135834062433
0.06927083333333339	0.06310201293734838
0.1072395833333335	0.09773214131845671
0.16419270833333344	0.14973221741777212
0.24962239583333345	0.227855692141848
0.34962239583333354	0.3194904494178099
0.44962239583333363	0.4113253244574658
0.5496223958333337	0.503357791416134
0.6496223958333338	0.5955856153624111
0.7496223958333339	0.688005406253833
0.849622395833334	0.7806143785194335
0.9496223958333339	0.8734085042465026
1.049622395833334	0.9663844627471483
1.149622395833334	1.0595378250312073
1.2496223958333341	1.1528647649500807
1.3496223958333342	1.2463606325197056
1.4496223958333343	1.3400211453088415
1.5496223958333344	1.433841616440782
1.6496223958333345	1.5278173622183846
1.7496223958333346	1.6219437929223577
1.8496223958333347	1.7162159136904362
1.9496223958333347	1.8106292700539484
2.049622395833335	1.9051787440744226
2.149622395833335	1.9998600179016686
2.249622395833335	2.0946680073159474
2.349622395833335	2.189598525543502
2.449622395833335	2.2846466596403676
2.5496223958333353	2.379808342598552
2.6496223958333354	2.4750789775825472
2.7496223958333355	2.5704545950316824
2.8496223958333355	2.665931046087926
2.9496223958333356	2.7615044353114504
3.0496223958333353	2.8571711245266953
3.149622395833335	2.952927340354163
3.2496223958333346	3.0487699364732754
3.349622395833334	3.1446953891639917
3.449622395833334	3.2407009305835057
3.5496223958333335	3.336783427893
3.649622395833333	3.432940414116129
3.749622395833333	3.529169260774864
3.8496223958333324	3.625467706200711
3.949622395833332	3.7218336829980987
4.049622395833332	3.8182651464540633
4.149622395833331	3.914760522786977
4.249622395833331	4.01131807121399
4.349622395833331	4.107936592667406
4.44962239583333	4.204614745409945
4.54962239583333	4.3013515946037675
4.64962239583333	4.398146257315349
4.749622395833329	4.494998005356528
4.849622395833329	4.59190637483153
4.9496223958333285	4.688870855742761
5.049622395833328	4.785891292917571
5.149622395833328	4.882967457856505
5.212999999999999	4.944520935930377
1000005.213	4.944520935930377
