-100001.1	0
0	0
0.0033333333333334103	0.0031382411382296924
0.008333333333333304	0.007846470881405537
0.015833333333333366	0.014909493685411827
0.027083333333333348	0.025505519845013695
0.04395833333333332	0.04140252820222947
0.06927083333333339	0.06525468183318764
0.1072395833333335	0.10104765887789785
0.16419270833333344	0.15477085524425868
0.24962239583333345	0.23543086346523245
0.34962239583333354	0.32996089821863556
0.44962239583333363	0.42461074260370796
0.5496223958333337	0.5193776958797929
0.6496223958333338	0.6142592108426883
0.7496223958333339	0.7092520711605541
0.849622395833334	0.8043535506810328
0.9496223958333339	0.8995601146481341
1.049622395833334	0.9948688476493555
1.149622395833334	1.0902760743214568
1.2496223958333341	1.1857786706469178
1.3496223958333342	1.2813729845037
1.4496223958333343	1.3770563519764358
1.5496223958333344	1.4728233025773196
1.6496223958333345	1.568672318131474
1.7496223958333346	1.664599475880601
1.8496223958333347	1.7606011924535203
1.9496223958333347	1.8566744350562887
2.049622395833335	1.95281566743635
2.149622395833335	2.0490220505829924
2.249622395833335	2.145290244957637
2.349622395833335	2.2416175715524838
2.449622395833335	2.3380009797543875
2.5496223958333353	2.4344379214330223
2.6496223958333354	2.530925732860951
2.7496223958333355	2.6274619968585857
2.8496223958333355	2.7240444979243463
2.9496223958333356	2.820670944441575
3.0496223958333353	2.9173395301383973
3.149622395833335	3.0140482203472456
3.2496223958333346	3.110795544801767
3.349622395833334	3.2075798077031594
3.449622395833334	3.3043997967065097
3.5496223958333335	3.4012542301480786
3.649622395833333	3.4981421302698035
3.749622395833333	3.5950626471912557
3.8496223958333324	3.6920150032983012
3.949622395833332	3.7889987648836256
4.049622395833332	3.8860134183192936
4.149622395833331	3.9830588401356293
4.249622395833331	4.080134837873181
4.349622395833331	4.177241536855225
4.44962239583333	4.2743790896956275
4.54962239583333	4.371547808807723
4.64962239583333	4.468748179675353
4.749622395833329	4.565980714516138
4.849622395833329	4.663246147916308
4.9496223958333285	4.760545187651177
5.049622395833328	4.857878757268038
5.149622395833328	4.955247774838758
5.212999999999999	5.016976765071722
1000005.213	5.016976765071722
