-100001.1	0
0	0
0.0033333333333334103	0.003288532770038453
0.008333333333333304	0.008221340048565822
0.015833333333333366	0.015620568311566826
0.027083333333333348	0.026719446897830394
0.04395833333333332	0.04336783664070147
0.06927083333333339	0.06834161503630921
0.1072395833333335	0.10579996722799201
0.16419270833333344	0.1619901460972069
0.24962239583333345	0.24627753470683897
0.34962239583333354	0.3449432515805674
0.44962239583333363	0.4436114481266925
0.5496223958333337	0.54228154754436
0.6496223958333338	0.6409529893068396
0.7496223958333339	0.739625181519822
0.849622395833334	0.838297604603169
0.9496223958333339	0.9369696836472268
1.049622395833334	1.035640920201326
1.149622395833334	1.1343107900840996
1.2496223958333341	1.232978817685907
1.3496223958333342	1.3316445395593752
1.4496223958333343	1.4303075114101322
1.5496223958333344	1.5289673314078278
1.6496223958333345	1.6276235959197198
1.7496223958333346	1.726275952634662
1.8496223958333347	1.8249240625826975
1.9496223958333347	1.923567636355766
2.049622395833335	2.022206399432277
2.149622395833335	2.1208401089396087
2.249622395833335	2.2194685652544015
2.349622395833335	2.3180916000849123
2.449622395833335	2.4167090614315243
2.5496223958333353	2.5153208534206324
2.6496223958333354	2.613926896627645
2.7496223958333355	2.7125271768148815
2.8496223958333355	2.8111216720133174
2.9496223958333356	2.909710434619619
3.0496223958333353	3.0082933653206245
3.149622395833335	3.106871035303329
3.2496223958333346	3.205443124565639
3.349622395833334	3.3040099444969027
3.449622395833334	3.4025717126986352
3.5496223958333335	3.501128647404991
3.649622395833333	3.599681037584159
3.749622395833333	3.6982291620904633
3.8496223958333324	3.7967733601204254
3.949622395833332	3.8953139862520176
4.049622395833332	3.9938514120435964
4.149622395833331	4.092386055927005
4.249622395833331	4.190918343081556
4.349622395833331	4.289448738730506
4.44962239583333	4.3879777084665665
4.54962239583333	4.486505756533129
4.64962239583333	4.585037992697751
4.749622395833329	4.683561148298199
4.849622395833329	4.78208956557187
4.9496223958333285	4.880619202334181
5.049622395833328	4.979150621483978
5.149622395833328	5.077684388292094
5.212999999999999	5.140134244283439
1000005.213	5.140134244283439
