-99999.94653662872	0
0.01966967489396576	0
0.023003008227299095	0.00004305136606587499
0.028003008227299096	0.00041549018732791085
0.0355030082272991	0.0020182594165323565
0.046753008227299095	0.007478193683594781
0.0636280082272991	0.038055157849029006
0.0889405082272991	0.10391567979202757
0.1269092582272991	0.20765168693159167
0.1838623832272991	0.3720835503108193
0.2692920707272991	0.6320150865671833
0.3692920707272991	0.9539607249796825
0.46929207072729906	1.2875749514031274
0.569292070727299	1.6337452609159142
0.669292070727299	1.9891800882761825
0.769292070727299	2.3498217907693872
0.869292070727299	2.715914951014239
0.969292070727299	3.081735036014692
1.069292070727299	3.444066454376277
1.1534633712768556	3.7142382796017688
1000001.1534633712	3.7142382796017688
