-99999.94653662872	0
0.006609415656489759	0
0.009942748989823093	0.00006831031176710565
0.01494274898982309	0.0006308060310292885
0.02244274898982309	0.0028510292799797036
0.03369274898982309	0.008559354120052683
0.050567748989823094	0.020496227546500653
0.0758802489898231	0.07985301316892929
0.11384899898982309	0.18024848292131876
0.17080212398982308	0.3378271995404596
0.2562318114898231	0.5860748348333986
0.3562318114898231	0.8905903064410121
0.45623181148982306	1.2070578105970726
0.556231811489823	1.533453089042495
0.656231811489823	1.8684058303870734
0.756231811489823	2.210937305175789
0.856231811489823	2.5603364038055854
0.956231811489823	2.9160945853928593
1.056231811489823	3.2778758070698157
1.1534633712768556	3.6351826626292003
1000001.1534633712	3.6351826626292003
