-99999.94653662872	0
0.0006362049705972428	0
0.003969538303930577	0.00017069421553233058
0.008969538303930574	0.001265791330659572
0.016469538303930574	0.004228301266021983
0.027719538303930574	0.010511016986212662
0.04459453830393058	0.022893144329986997
0.06990703830393058	0.07460093898330003
0.10787578830393058	0.17974744278164723
0.16482891330393057	0.3440495739641411
0.2502586008039306	0.6023616643883477
0.35025860080393056	0.918018645507138
0.45025860080393054	1.2450389918137987
0.5502586008039305	1.5816979137917888
0.6502586008039305	1.9267372645950467
0.7502586008039305	2.2791208086598274
0.8502586008039305	2.637819326547456
0.9502586008039304	3.002358967959599
1.0502586008039305	3.3727391901181205
1.1502586008039304	3.7492274075125613
1.1534633712768556	3.7629283517074033
1000001.1534633712	3.7629283517074033
