-99999.94653662872	0
0	0
0.003333333333333334	0.0004657949230083747
0.008333333333333331	0.001972271361975432
0.01583333333333333	0.005274550288717254
0.02708333333333333	0.011914259560986374
0.043958333333333335	0.02467444965944898
0.06927083333333334	0.07744207451317556
0.10723958333333333	0.1892967716215805
0.16419270833333333	0.36330467266639693
0.24962239583333334	0.6315414575013677
0.3496223958333333	0.9457151701224038
0.4496223958333333	1.2803653102554322
0.5496223958333333	1.62288154727025
0.6496223958333333	1.9773614772224948
0.7496223958333332	2.3401810435261727
0.8496223958333332	2.7128446652477516
0.9496223958333332	3.138207796518126
1.049622395833333	3.54826169719975
1.1496223958333331	3.947257069075834
1.1534633712768556	4.003670724115381
1000001.1534633712	4.003670724115381
