-99999.94653662872	0
0.004620516299633337	0
0.007953849632966671	0.00012992830583354896
0.012953849632966669	0.001178962796712562
0.02045384963296667	0.004141346305154112
0.03170384963296667	0.010470200680316597
0.04857884963296667	0.023059807548052595
0.07389134963296667	0.09537429903414613
0.11186009963296667	0.22565867839464876
0.16881322463296666	0.42814764404999
0.2542429121329667	0.7440577946809455
0.35424291213296666	1.128280196642993
0.45424291213296664	1.5249857329168033
0.5542429121329666	1.9321037995907133
0.6542429121329666	2.3481967208729246
0.7542429121329666	2.7722046551281045
0.8542429121329665	3.203317418068169
0.9542429121329665	3.640903003174383
1.0542429121329666	4.084468201353622
1.1534633712768556	4.530103052484732
1000001.1534633712	4.530103052484732
