-99999.94653662872	0
0.010230178021459091	0
0.013563511354792425	0.00012807721678901424
0.018563511354792422	0.0011931306625692104
0.026063511354792422	0.00418134503953387
0.037313511354792425	0.010559008225591434
0.054188511354792426	0.02514106383811975
0.07950101135479243	0.11396230503744367
0.11746976135479242	0.25131781460497515
0.17442288635479242	0.4644694587222846
0.25985257385479243	0.7964665448399695
0.3598525738547924	1.199619244445645
0.4598525738547924	1.6153251945486813
0.5598525738547924	2.041482050158811
0.6598525738547923	2.4766232431888917
0.7598525738547923	2.9196603956573943
0.8598525738547923	3.3697533481588113
0.9598525738547923	3.826236973284249
1.0598525738547924	4.2885796516876695
1.1534633712768556	4.726314167135363
1000001.1534633712	4.726314167135363
