-99999.94653662872	0
0.02044131585331299	0
0.023774649186646325	0.0001588191959661121
0.028774649186646326	0.0013518516105872874
0.03627464918664633	0.00442001814054021
0.047524649186646326	0.0108700658964854
0.06439964918664633	0.056508309362223653
0.08971214918664633	0.15460858648882525
0.12768089918664632	0.30582787732243777
0.18463402418664632	0.5396817724563175
0.27006371168664633	0.9025493936873278
0.3700637116866463	1.3415682577182635
0.4700637116866463	1.7928397409042305
0.5700637116866463	2.254240176379205
0.6700637116866462	2.7242745605192416
0.7700637116866462	3.2018196040444438
0.8700637116866462	3.685993902593026
0.9700637116866462	4.176083567540554
1.0700637116866463	4.671499045872037
1.1534633712768556	5.088386950942096
1000001.1534633712	5.088386950942096
