-99999.94653662872	0
0.024738154939812684	0
0.02807148827314602	0.00017570505960257546
0.033071488273146016	0.0014028652162184733
0.04057148827314602	0.0044767598200013865
0.05182148827314602	0.010895862582619292
0.06869648827314602	0.07237607937239353
0.09400898827314602	0.174955162729114
0.13197773827314602	0.33282824658050797
0.188930863273146	0.576536736151011
0.27436055077314603	0.9539535796415198
0.374360550773146	1.4096840466290868
0.474360550773146	1.8773435508030631
0.574360550773146	2.3548152771833433
0.6743605507731459	2.8406026914065583
0.7743605507731459	3.333575323360707
0.8743605507731459	3.8328400512088834
0.9743605507731459	4.337667302563095
1.074360550773146	4.847447784678451
1.1534633712768556	5.253862824422955
1000001.1534633712	5.253862824422955
