-99999.94653662872	0
0.02859587624106652	0
0.031929209574399854	0.0001927861381457573
0.03692920957439985	0.0014403339262003584
0.04442920957439986	0.004496799402938945
0.055679209574399854	0.018245260720518963
0.07255420957439986	0.08602691224645717
0.09786670957439986	0.18996573460314697
0.13583545957439985	0.3497064670829996
0.19278858457439985	0.5959508522963349
0.27821827207439986	0.9765998977375071
0.37821827207439984	1.4347084431333295
0.4782182720743998	1.904429504245317
0.5782182720743998	2.3824716598489535
0.6782182720743998	2.867941488128437
0.7782182720743998	3.359796236221277
0.8782182720743997	3.8568009799082854
0.9782182720743997	4.358321673296479
1.0782182720743998	4.86412576146533
1.1534633712768556	5.24979398062861
1000001.1534633712	5.24979398062861
