-99999.94653662872	0
0.03208685347643825	0
0.03542018680977158	0.00021146139897363673
0.04042018680977158	0.0014688890880847538
0.04792018680977159	0.004491156091156967
0.05917018680977158	0.03069174152536868
0.07604518680977158	0.10107507297284597
0.10135768680977159	0.20873002950915956
0.13932643680977158	0.3737077525398311
0.19627956180977157	0.6244489704865348
0.2817092493097716	1.0124690635318794
0.38170924930977157	1.4596896941674455
0.48170924930977155	1.926873777162322
0.5817092493097715	2.401580837786142
0.6817092493097715	2.878508883328736
0.7817092493097715	3.35885292808532
0.8817092493097715	3.879256167759576
0.9817092493097714	4.395468992295962
1.0817092493097715	4.927586657175058
1.1534633712768556	5.366712265769231
1000001.1534633712	5.366712265769231
