-99999.94653662872	0
0.035247842251531436	0
0.03858117558486477	0.0002260740017244994
0.04358117558486477	0.0014822979280297785
0.051081175584864774	0.004456844694040926
0.06233117558486477	0.04360195210587998
0.07920617558486477	0.11702374276364699
0.10451867558486477	0.22925603087815208
0.14248742558486477	0.40121911176403857
0.19944055058486476	0.6651288541014594
0.2848702380848648	1.0712301246809905
0.38487023808486476	1.5583777802302528
0.48487023808486474	2.0551334948048328
0.5848702380848647	2.5592751016648747
0.6848702380848647	3.069119671483378
0.7848702380848647	3.58438223570029
0.8848702380848646	4.103705194908452
0.9848702380848646	4.626503070742119
1.0848702380848647	5.1520645920982195
1.1534633712768556	5.516543913811978
1000001.1534633712	5.516543913811978
