-99999.94653662872	0
0.04074038404506708	0
0.044073717378400414	0.0002450670033413808
0.04907371737840041	0.0014688593625149758
0.05657371737840041	0.01141695597685843
0.06782371737840041	0.03926290196434184
0.08469871737840041	0.08215642009634962
0.11001121737840042	0.1483512393873244
0.1479799673784004	0.2504237028986301
0.2049330923784004	0.4079017517152593
0.2903627798784004	0.6495123243448541
0.3903627798784004	0.9396652288630302
0.4903627798784004	1.2266311388048334
0.5903627798784004	1.520260323108307
0.6903627798784003	1.8116010160595937
0.7903627798784003	2.1003891793607123
0.8903627798784003	2.360039564377752
0.9903627798784003	2.672732804805817
1.0903627798784004	2.9969909409636735
1.1534633712768556	2.9117172726102836
1000001.1534633712	2.9117172726102836
