-99999.94653662872	0
0.04315707382923639	0
0.046490407162569726	0.0002534446409273393
0.051490407162569723	0.0014602895755336783
0.05899040716256972	0.012185616104342845
0.07024040716256973	0.03332938774827278
0.08711540716256973	0.06619791318025588
0.11242790716256973	0.11744759420948966
0.15039665716256972	0.19764114076246125
0.20734978216256972	0.32357856380536415
0.29277946966256974	0.5219729215406811
0.3927794696625697	0.7650152030572402
0.4927794696625697	1.0169233524913208
0.5927794696625697	1.275761588626482
0.6927794696625696	1.5401346957393434
0.7927794696625696	1.8089667949563468
0.8927794696625696	2.081387263441727
0.9927794696625696	2.3566671026758077
1.0927794696625697	2.6341796094503085
1.1534633712768556	2.8034379029067527
1000001.1534633712	2.8034379029067527
