-99999.94653662872	0
0.04538193299069038	0
0.04871526632402371	0.0002628998561607847
0.05371526632402371	0.0018542792158506094
0.06121526632402371	0.016299865789441783
0.07246526632402371	0.03864868792459423
0.08934026632402371	0.07328877646982435
0.11465276632402371	0.12713269730462534
0.1526215163240237	0.2111068972628563
0.2095746413240237	0.3425095955586239
0.2950043288240237	0.5487132102552341
0.3950043288240237	0.8003821821645822
0.4950043288240237	1.060416094365351
0.5950043288240237	1.3269131484617354
0.6950043288240236	1.598499953138912
0.7950043288240236	1.874115790653741
0.8950043288240236	2.152901327574375
0.9950043288240236	2.4341365258005245
1.0950043288240237	2.7172023724991554
1.1534633712768556	2.8833086887147164
1000001.1534633712	2.8833086887147164
