-99999.94653662872	0
0.04741769049201805	0
0.050751023825351384	0.00027192921983697904
0.05575102382535138	0.005355502760572859
0.06325102382535139	0.02048596106526865
0.07450102382535138	0.043844438652584174
0.09137602382535139	0.07997053211131473
0.11668852382535139	0.13599024079224592
0.15465727382535138	0.2231339455606871
0.21161039882535138	0.35911330730254876
0.2970400863253514	0.5718456800282533
0.39704008632535137	0.8307082832779767
0.49704008632535135	1.0974962787304001
0.5970400863253513	1.3703350220550015
0.6970400863253513	1.6478700067659353
0.7970400863253513	1.9290539600921361
0.8970400863253513	2.2130376203108266
0.9970400863253512	2.499110089876111
1.0970400863253513	2.786660137341733
1.1534633712768556	2.949353086874268
1000001.1534633712	2.949353086874268
