-99999.94653662872	0
0.04924530727861742	0
0.05257864061195076	0.00028442050899739227
0.057578640611950754	0.008834778877355731
0.06507864061195076	0.024507491726580725
0.07632864061195076	0.04866380321273483
0.09320364061195076	0.08596190506916243
0.11851614061195076	0.1437013930289252
0.15648489061195076	0.23335100871584688
0.21343801561195075	0.37295450732439733
0.29886770311195077	0.5908617236638374
0.39886770311195074	0.8554248247888329
0.4988677031119507	1.1275582263546868
0.5988677031119507	1.4054057166318812
0.6988677031119507	1.687625304075492
0.7988677031119507	1.9731789695480366
0.8988677031119506	2.2612260943637104
0.9988677031119506	2.5510627241375188
1.0988677031119507	2.842084700201309
1.1534633712768556	3.0012789899303236
1000001.1534633712	3.0012789899303236
