-99999.94653662872	0
0.05217782839092666	0
0.055511161724259996	0.004279990377447958
0.06051116172425999	0.014849725841855583
0.06801116172426	0.03111701898796091
0.07926116172426	0.056144945418742105
0.09613616172426	0.09473975015495989
0.12144866172426	0.1543991139489574
0.15941741172426	0.2468844177508554
0.21637053672426	0.39064128536355397
0.30180022422426	0.6145644565831333
0.40180022422426	0.8858398400629227
0.50180022422426	1.1643221280541676
0.6018002242242599	1.4481497632581284
0.7018002242242599	1.7359776959886992
0.8018002242242599	2.0267679192905734
0.9018002242242599	2.319681592311428
1.0018002242242598	2.614019932580923
1.10180022422426	2.9091856929829514
1.1534633712768556	3.061828571226902
1000001.1534633712	3.061828571226902
