-99999.94653662872	0
0.0530991781861998	0
0.056432511519533136	0.006113493972438655
0.061432511519533134	0.01669372404567369
0.06893251151953314	0.03297291424222011
0.08018251151953314	0.058034202948853884
0.09705751151953314	0.0966873631605935
0.12237001151953314	0.1564593955730516
0.16033876151953314	0.24915401324001743
0.21729188651953313	0.393296795967673
0.30272157401953315	0.6178983623795573
0.4027215740195331	0.8900565610587777
0.5027215740195331	1.1694660654448996
0.6027215740195331	1.454232052245699
0.7027215740195331	1.7429871303787159
0.802721574019533	2.034680060989509
0.902721574019533	2.3284615608454042
1.002721574019533	2.6236273204104497
1.102721574019533	2.9195765394327244
1.1534633712768556	3.0698780395939167
1000001.1534633712	3.0698780395939167
