-99999.94653662872	0
0.05346337127685552	0
0.056796704610188854	0.006820927683748477
0.06179670461018885	0.017364169320994313
0.06929670461018886	0.03358754139035945
0.08054670461018885	0.05856824651494404
0.09742170461018886	0.09711139256277557
0.12273420461018886	0.15673935851382298
0.16070295461018885	0.2492558126142005
0.21765607961018885	0.393195884380484
0.30308576711018886	0.61759719243637
0.40308576711018884	0.8896290902892116
0.5030857671101888	1.1689925514079054
0.6030857671101888	1.4537686760631974
0.7030857671101888	1.7425740783530237
0.8030857671101888	2.034344694699119
0.9030857671101887	2.3282249565807622
1.0030857671101887	2.6235046266415756
1.1030857671101888	2.919580287583596
1.1534633712768556	3.0688698689615905
1000001.1534633712	3.0688698689615905
