-99999.94653662872	0
0.05346337127685552	0
0.056796704610188854	0.006820988383090697
0.06179670461018885	0.017364331593055685
0.06929670461018886	0.0335878606120769
0.08054670461018885	0.05856877141690286
0.09742170461018886	0.09711223268357515
0.12273420461018886	0.15674067689005783
0.16070295461018885	0.24925781460469684
0.21765607961018885	0.3931988847638203
0.30308576711018886	0.6176015493453079
0.40308576711018884	0.8896349839623939
0.5030857671101888	1.1689997017523341
0.6030857671101888	1.453776934084548
0.7030857671101888	1.7425833136576814
0.8030857671101888	2.03435471392226
0.9030857671101887	2.3282355287132184
1.0030857671101887	2.6235155897073428
1.1030857671101888	2.9195915061498825
1.1534633712768556	3.0688810405432028
1000001.1534633712	3.0688810405432028
