-99999.94653662872	0
0.05346337127685552	0
0.056796704610188854	0.006660541099395596
0.06179670461018885	0.01694619451160725
0.06929670461018886	0.0327466299834887
0.08054670461018885	0.057002100773860545
0.09742170461018886	0.09443074664082356
0.12273420461018886	0.15196172870946992
0.16070295461018885	0.24086342558291246
0.21765607961018885	0.3780265481919551
0.30308576711018886	0.5847663220779046
0.40308576711018884	0.8398836482858415
0.5030857671101888	1.1005798332215737
0.6030857671101888	1.372748027532787
0.7030857671101888	1.6470772146619126
0.8030857671101888	1.8995111712803179
0.9030857671101887	2.2019806493179406
1.0030857671101887	2.4873426507070664
1.1030857671101888	2.781401654355512
1.1534633712768556	2.9613710533976807
1000001.1534633712	2.9613710533976807
