-99999.94653662872	0
0.05346337127685552	0
0.056796704610188854	0.0065445755846501395
0.06179670461018885	0.01667560474607151
0.06929670461018886	0.032282119222736196
0.08054670461018885	0.05634678912076418
0.09742170461018886	0.09353092017579243
0.12273420461018886	0.1511621102263617
0.16070295461018885	0.24082530622578308
0.21765607961018885	0.3806110811059343
0.30308576711018886	0.599163034960896
0.40308576711018884	0.865020063872671
0.5030857671101888	1.1390178294692714
0.6030857671101888	1.4193419420476552
0.7030857671101888	1.704233031131508
0.8030857671101888	1.9929473014854187
0.9030857671101887	2.284444158440183
1.0030857671101887	2.578227475229123
1.1030857671101888	2.8735291209741374
1.1534633712768556	3.023167811701132
1000001.1534633712	3.023167811701132
