-99999.94653662872	0
0.05346337127685552	0
0.056796704610188854	0.0068210774499817255
0.06179670461018885	0.017364561530806222
0.06929670461018886	0.03358827836509856
0.08054670461018885	0.05856949990719602
0.09742170461018886	0.09711340925510059
0.12273420461018886	0.1567425060079305
0.16070295461018885	0.24926059296560524
0.21765607961018885	0.39320299366548167
0.30308576711018886	0.6176075045653303
0.40308576711018884	0.8896427767964823
0.5030857671101888	1.1690091734979524
0.6030857671101888	1.4537877657925493
0.7030857671101888	1.7425952036645205
0.8030857671101888	2.0343673963415725
0.9030857671101887	2.3282487953029842
1.0030857671101887	2.6235291686361326
1.1030857671101888	2.919605094184664
1.1534633712768556	3.0688959629218737
1000001.1534633712	3.0688959629218737
