-99999.94653662872	0
0.05346337127685552	0
0.056796704610188854	0.006821148995013494
0.06179670461018885	0.017364721624332502
0.06929670461018886	0.03358858709650137
0.08054670461018885	0.05857002611747056
0.09742170461018886	0.09711426094749881
0.12273420461018886	0.15674382499085351
0.16070295461018885	0.24926260961874802
0.21765607961018885	0.3932060110692024
0.30308576711018886	0.6176119328855794
0.40308576711018884	0.889648693130093
0.5030857671101888	1.1690164191926773
0.6030857671101888	1.4537961976265885
0.7030857671101888	1.742604642246271
0.8030857671101888	2.034377708212218
0.9030857671101887	2.328259826464878
1.0030857671101887	2.62354074131117
1.1030857671101888	2.9196170796998384
1.1534633712768556	3.0689065961440782
1000001.1534633712	3.0689065961440782
