-99999.94653662872	0
0.05346337127685552	0
0.056796704610188854	0.006821127443000751
0.06179670461018885	0.01736467731207388
0.06929670461018886	0.03358851468279758
0.08054670461018885	0.058569883109988945
0.09742170461018886	0.09711402675936305
0.12273420461018886	0.15674346899184913
0.16070295461018885	0.24926205628600617
0.21765607961018885	0.3932051794058703
0.30308576711018886	0.6176107056973577
0.40308576711018884	0.8896470415071952
0.5030857671101888	1.1690143706627705
0.6030857671101888	1.4537937728588777
0.7030857671101888	1.7426018821734515
0.8030857671101888	2.0343746229409887
0.9030857671101887	2.328256444902131
1.0030857671101887	2.6235370941673253
1.1030857671101888	2.9196131818584767
1.1534633712768556	3.0689038484558515
1000001.1534633712	3.0689038484558515
