-99999.94653662872	0
0.05346337127685552	0
0.056796704610188854	0.006410693583251109
0.06179670461018885	0.016336978589484234
0.06929670461018886	0.031643801495246066
0.08054670461018885	0.055236188963785904
0.09742170461018886	0.091701187014868
0.12273420461018886	0.14819408278979224
0.16070295461018885	0.23595560114735764
0.21765607961018885	0.3726761134160693
0.30308576711018886	0.5862038547156946
0.40308576711018884	0.8448044398037746
0.5030857671101888	1.1102046427988324
0.6030857671101888	1.3810154832179005
0.7030857671101888	1.6552280739027712
0.8030857671101888	1.9318132209579064
0.9030857671101887	2.2101990690549207
1.0030857671101887	2.4894894284973983
1.1030857671101888	2.76946094125585
1.1534633712768556	2.914430743406158
1000001.1534633712	2.914430743406158
