-99999.94653662872	0
0.053463371276854854	0
0.05679670461018819	0.00625943195594819
0.061796704610188186	0.015970148597354735
0.06929670461018819	0.030942072157189943
0.08054670461018819	0.054054041337959935
0.09742170461018819	0.09005272864854967
0.12273420461018819	0.14492689908691264
0.1607029546101882	0.22940795112477524
0.21765607961018818	0.36224415852604785
0.3030857671101882	0.5641790041639487
0.4030857671101882	0.8044995616250102
0.5030857671101882	1.061369141864003
0.6030857671101881	1.3219663608766494
0.7030857671101881	1.5872386379290617
0.8030857671101881	1.8579194467763482
0.9030857671101881	2.16177340731953
1.003085767110188	2.456629239688026
1.1030857671101881	2.7611961559650195
1.1534633712768556	2.9540692853951183
1000001.1534633712	2.9540692853951183
