-99999.94653662872	0
0.05346337127685552	0
0.056796704610188854	0.0063286271410455215
0.06179670461018885	0.01613777835260817
0.06929670461018886	0.0312610072969154
0.08054670461018885	0.054601818845740405
0.09742170461018886	0.09070799274405432
0.12273420461018886	0.14675846897686073
0.16070295461018885	0.23398934376007516
0.21765607961018885	0.37025879631870656
0.30308576711018886	0.5834596663379132
0.40308576711018884	0.843193080603051
0.5030857671101888	1.1111251495064665
0.6030857671101888	1.38495285826967
0.7030857671101888	1.664102233039477
0.8030857671101888	1.9468905304798092
0.9030857671101887	2.232701673010421
1.0030857671101887	2.5207600219035795
1.1030857671101888	2.810338542334249
1.1534633712768556	2.95956342258466
1000001.1534633712	2.95956342258466
