-99999.94653662872	0
0.05346337127685552	0
0.056796704610188854	0.00000000000000000000000000000027000334114093805
0.06179670461018885	0.00000000000000000000000000000018139852663697278
0.06929670461018886	0.0000000000000000000000000000008749499737351212
0.08054670461018885	0.00000000000000000000000000000019259299443872359
0.09742170461018886	0.00000000000000000000000000000018103741477240017
0.12273420461018886	0.0000000000000000000000000000007927127651097863
0.16070295461018885	0.0000000000000000000000000000046407207939954835
0.21765607961018885	0.000000000000000000000000000000721068171178581
0.30308576711018886	0.0000000000000000000030284477713851665
0.40308576711018884	0.000000000000000000000000000047800040475735684
0.5030857671101888	0.0000000000000000000000000000011832913578315177
0.6030857671101888	0.00000000000000000000000000007999542617006823
0.7030857671101888	0.00000000000000000000000000006466194232483481
0.8030857671101888	0.0000000000000000000000000001064962222048366
0.9030857671101887	0.00000000000000000000000000005075826887031448
1.0030857671101887	0.00000000000000000000000000011327549560907966
1.1030857671101888	0.00000000000000000000000000006442774924359732
1.1534633712768556	0.0000000000000000000000000005466313035115849
1000001.1534633712	0.0000000000000000000000000005466313035115849
