-99999.94653662872	0
0.037845788955688464	0
0.0411791222890218	0.000000000000000000000000000000028720430295674655
0.046179122289021796	0.000000000000000000000000000000024555606790937257
0.053679122289021795	0.0000010049635983907636
0.0649291222890218	0.000005370739083507148
0.0818041222890218	0.000015089147630482523
0.1071166222890218	0.00002955106425238676
0.1450853722890218	0.000050401746405186086
0.2020384972890218	0.00008032606574966465
0.2874681847890218	0.00012584892152398488
0.3874681847890218	0.00017978647981886997
0.48746818478902176	0.0002263061200510179
0.5874681847890217	0.00027277401312137187
0.6874681847890217	0.00032132154720415434
0.7874681847890217	0.0003736000861503082
0.8874681847890217	0.0004312200020436243
0.9874681847890217	0.00047501072410748176
1.0874681847890217	0.000514855220104732
1.1534633712768556	0.00029154356200913255
1000001.1534633712	0.00029154356200913255
