-99999.94653662872	0
0.01966967489396576	0
0.023003008227299095	0.00004305136606587496
0.028003008227299096	0.0004154901873279111
0.0355030082272991	0.002018259416532358
0.046753008227299095	0.007226848941014301
0.0636280082272991	0.03692426142914578
0.0889405082272991	0.10289648204574538
0.1269092582272991	0.2067955917885077
0.1838623832272991	0.3713185364519647
0.2692920707272991	0.6302682545900281
0.3692920707272991	0.9448215400475439
0.46929207072729906	1.269249479383398
0.569292070727299	1.6011115702768417
0.669292070727299	1.9376225261671256
0.769292070727299	2.2786556176837394
0.869292070727299	2.6241037618196583
0.969292070727299	2.972656367190712
1.069292070727299	3.3249915174570788
1.1534633712826763	3.599533295073831
1000001.1534633712	3.599533295073831
