-99999.94653662872	0
0.006609415656489759	0
0.009942748989823093	0.00006831031176710546
0.01494274898982309	0.0006308060310292887
0.02244274898982309	0.0028510292799797036
0.03369274898982309	0.008559354120052693
0.050567748989823094	0.020496227546500635
0.0758802489898231	0.07985301257467385
0.11384899898982309	0.18024847618777917
0.17080212398982308	0.3378271721847696
0.2562318114898231	0.5860747187868758
0.3562318114898231	0.8905900599590657
0.45623181148982306	1.2070573770076174
0.556231811489823	1.533452446730284
0.656231811489823	1.8684049436442944
0.756231811489823	2.2109362347635857
0.856231811489823	2.5603351885909515
0.956231811489823	2.9160932663114636
1.056231811489823	3.2778744206848116
1.1534633712826763	3.635181465404669
1000001.1534633712	3.635181465404669
