-99999.94653662872	0
0.0006362049705972428	0
0.003969538303930577	0.00017069421553232998
0.008969538303930574	0.0012657913306595723
0.016469538303930574	0.004228301266021977
0.027719538303930574	0.01051101698621267
0.04459453830393058	0.02296412694967111
0.06990703830393058	0.07624813328133372
0.10787578830393058	0.18473358648524146
0.16482891330393057	0.3542643235260878
0.2502586008039306	0.6202455312924995
0.35025860080393056	0.9453862669562877
0.45025860080393054	1.2824198934576576
0.5502586008039305	1.6293635156614905
0.6502586008039305	1.984857467075719
0.7502586008039305	2.347921452731534
0.8502586008039305	2.717830993656638
0.9502586008039304	3.0940541692103585
1.0502586008039305	3.4762193300000517
1.1502586008039304	3.8640235752360472
1.1534633712826763	3.8765350102728315
1000001.1534633712	3.8765350102728315
