-99999.94653662872	0
0	0
0.003333333333333334	0.0004657949230083742
0.008333333333333331	0.0019722713619754325
0.01583333333333333	0.00527455028871726
0.02708333333333333	0.011914259560986382
0.043958333333333335	0.02476607465863278
0.06927083333333334	0.0802898439278092
0.10723958333333333	0.19645076339721476
0.16419270833333333	0.37746436893389557
0.24962239583333334	0.6606900399829221
0.3496223958333333	1.0061049737484347
0.4496223958333333	1.3635330356000512
0.5496223958333333	1.7309901945202044
0.6496223958333333	2.107109288526146
0.7496223958333332	2.490895037325567
0.8496223958333332	2.881601847141997
0.9496223958333332	3.2786699823523957
1.049622395833333	3.6816901039399816
1.1496223958333331	4.090308213868736
1.1534633712826763	4.106097376232126
1000001.1534633712	4.106097376232126
