-99999.94653662872	0
0.0006505844054272014	0
0.003983917738760535	0.0002092021460378577
0.008983917738760533	0.0014685926832589602
0.016483917738760533	0.004563267107019085
0.027733917738760532	0.011000023959242747
0.04460891773876054	0.023658601583964996
0.06992141773876054	0.08345609216072453
0.10789016773876053	0.20671033426507873
0.16484329273876053	0.39851865026678934
0.25027298023876055	0.6981877428172231
0.3502729802387605	1.063146591948491
0.4502729802387605	1.44037598405786
0.5502729802387605	1.827852720755815
0.6502729802387605	2.224171783777841
0.7502729802387604	2.628307363625238
0.8502729802387604	3.0394822097401413
0.9502729802387604	3.4570999501904014
1.0502729802387605	3.880710928700676
1.1502729802387603	4.309945570775203
1.1534633712826763	4.323724153294994
1000001.1534633712	4.323724153294994
