-99999.94653662872	0
0.010230178021459091	0
0.013563511354792425	0.00012807721678901462
0.018563511354792422	0.001193130662569211
0.026063511354792422	0.004181345039533866
0.037313511354792425	0.01055900822559143
0.054188511354792426	0.0251410570552765
0.07950101135479243	0.11396206389820093
0.11746976135479242	0.25131722724817807
0.17442288635479242	0.464468383440359
0.25985257385479243	0.7964648061175125
0.3598525738547924	1.1996167902973076
0.4598525738547924	1.6153221068235513
0.5598525738547924	2.0414784168613207
0.6598525738547923	2.476619117177943
0.7598525738547923	2.919655891657334
0.8598525738547923	3.3697485315768265
0.9598525738547923	3.826231952555922
1.0598525738547924	4.288574503533648
1.1534633712826763	4.726308976425655
1000001.1534633712	4.726308976425655
