-99999.94653662872	0
0.01563041464331527	0
0.018963747976648605	0.00014318623906091178
0.023963747976648606	0.0012801168878075128
0.03146374797664861	0.004320406197995647
0.042713747976648606	0.010760759595438875
0.05958874797664861	0.04072963611392665
0.08490124797664861	0.13422947500870497
0.1228699979766486	0.27859205498687156
0.1798231229766486	0.5022359202734662
0.2652528104766486	0.8499331935225727
0.3652528104766486	1.2713979813137406
0.46525281047664857	1.7053309709718236
0.5652528104766485	2.1496127904389652
0.6652528104766485	2.602757945316135
0.7652528104766485	3.0636571030795907
0.8652528104766485	3.5314463205562516
0.9652528104766485	4.005433257649429
1.0652528104766485	4.485054091659638
1.1534633712826763	4.9124355477982276
1000001.1534633712	4.9124355477982276
