-99999.94653662872	0
0.02044131585331299	0
0.023774649186646325	0.00015881919596611216
0.028774649186646326	0.0013518516105872856
0.03627464918664633	0.004420018140540209
0.047524649186646326	0.010870065896485398
0.06439964918664633	0.05650772866986703
0.08971214918664633	0.15460668399881283
0.12768089918664632	0.30582405559574666
0.18463402418664632	0.5396751874204015
0.27006371168664633	0.9025389754152768
0.3700637116866463	1.3415538092266164
0.4700637116866463	1.7928217394496921
0.5700637116866463	2.254219109212451
0.6700637116866462	2.7242508861583636
0.7700637116866462	3.2017938249773312
0.8700637116866462	3.6859664980072893
0.9700637116866462	4.1760550360528335
1.0700637116866463	4.671469865005804
1.1534633712826763	5.088357554149195
1000001.1534633712	5.088357554149195
