-99999.94653662872	0
0.024738154939812684	0
0.02807148827314602	0.0001757050596025756
0.033071488273146016	0.0014028652162184733
0.04057148827314602	0.004476759820001395
0.05182148827314602	0.010895862582619284
0.06869648827314602	0.07237546467257462
0.09400898827314602	0.1749535433537478
0.13197773827314602	0.33282516175865895
0.188930863273146	0.5765315532810904
0.27436055077314603	0.9539454988768648
0.374360550773146	1.4096728932524403
0.474360550773146	1.8773297151801402
0.574360550773146	2.3547991098378214
0.6743605507731459	2.8405845429602055
0.7743605507731459	3.333555590260336
0.8743605507731459	3.832819115455141
0.9743605507731459	4.337645532403906
1.074360550773146	4.847425523323778
1.1534633712826763	5.25384037170318
1000001.1534633712	5.25384037170318
