-99999.94653662872	0
0.02859587624106652	0
0.031929209574399854	0.000192786138145757
0.03692920957439985	0.0014403339262003577
0.04442920957439986	0.004496799402938951
0.055679209574399854	0.018502652683689804
0.07255420957439986	0.08825210180253511
0.09786670957439986	0.19515604085086802
0.13583545957439985	0.35942601985081973
0.19278858457439985	0.6125701032424877
0.27821827207439986	1.0038302525801963
0.37821827207439984	1.4753514140699497
0.4782182720743998	1.9583909324583357
0.5782182720743998	2.4508469976230494
0.6782182720743998	2.951229905336499
0.7782182720743998	3.458407883166576
0.8782182720743997	3.9714812478328363
0.9782182720743997	4.489710500447107
1.0782182720743998	5.01247212685792
1.1534633712826763	5.408487497402724
1000001.1534633712	5.408487497402724
