-99999.94653662872	0
0.03208685347643825	0
0.03542018680977158	0.00021146139897363706
0.04042018680977158	0.0014688890880847536
0.04792018680977159	0.004491156091156968
0.05917018680977158	0.031542099372492895
0.07604518680977158	0.10408665136787627
0.10135768680977159	0.21512328450835824
0.13932643680977158	0.3854869996845895
0.19627956180977157	0.6475763688011711
0.2817092493097716	1.0518887359280606
0.38170924930977157	1.538201144122249
0.48170924930977155	2.0355522104422152
0.5817092493097715	2.5418658437134485
0.6817092493097715	3.055663441877958
0.7817092493097715	3.575818004434495
0.8817092493097715	4.101428477316785
0.9817092493097714	4.631750325793341
1.0817092493097715	5.166151115461159
1.1534633712826763	5.551810306543166
1000001.1534633712	5.551810306543166
