-99999.94653662872	0
0.035247842251531436	0
0.03858117558486477	0.00022607400172449968
0.04358117558486477	0.0014822979280297787
0.051081175584864774	0.004456844694040916
0.06233117558486477	0.04451783295612273
0.07920617558486477	0.11970647716652216
0.10451867558486477	0.234643172351046
0.14248742558486477	0.41073836822345533
0.19944055058486476	0.6812102879349886
0.2848702380848648	1.0976898150401362
0.38487023808486476	1.597706854237074
0.48487023808486474	2.108236580469676
0.5848702380848647	2.62723436128723
0.6848702380848647	3.153238305825855
0.7848702380848647	3.685130132073814
0.8848702380848646	4.22201239908078
0.9848702380848646	4.76313931762641
1.0848702380848647	5.307874558401188
1.1534633712826763	5.683321913516941
1000001.1534633712	5.683321913516941
