-99999.94653662872	0
0.038113501946121175	0
0.04144683527945451	0.00023773122215750756
0.04644683527945451	0.0014819311538570626
0.05394683527945451	0.006348694527148519
0.06519683527945451	0.05729113133507121
0.08207183527945451	0.13491819692005158
0.10738433527945451	0.25340137186738787
0.1453530852794545	0.4345997708281107
0.2023062102794545	0.7122930198216513
0.2877358977794545	1.138720499562604
0.3877358977794545	1.6491232239118865
0.4877358977794545	2.1687515434885865
0.5877358977794545	2.6956021606839506
0.6877358977794544	3.2287196151738495
0.7877358977794544	3.7680580931031593
0.8877358977794544	4.312625029317171
0.9877358977794544	4.861758286629051
1.0877358977794545	5.414762660251705
1.1534633712826763	5.780981782329527
1000001.1534633712	5.780981782329527
