-99999.94653662872	0
0.04315707382923639	0
0.046490407162569726	0.00025344464092733987
0.051490407162569723	0.0014602895755336791
0.05899040716256972	0.012185616104342817
0.07024040716256973	0.033329387748272786
0.08711540716256973	0.0661979131802559
0.11242790716256973	0.11744759420948991
0.15039665716256972	0.1976411407624615
0.20734978216256972	0.32357856380536404
0.29277946966256974	0.5219729215406809
0.3927794696625697	0.7650152030572407
0.4927794696625697	1.0169233524913204
0.5927794696625697	1.2757615886264841
0.6927794696625696	1.5401346957393436
0.7927794696625696	1.8089667949563453
0.8927794696625696	2.0813872634417296
0.9927794696625696	2.356667102675815
1.0927794696625697	2.634179609450315
1.1534633712768556	2.8034379029067504
1000001.1534633712	2.8034379029067504
