-99999.94653662872	0
0.04538193299069038	0
0.04871526632402371	0.00026289985616078423
0.05371526632402371	0.0018542792158506062
0.06121526632402371	0.01629986578944179
0.07246526632402371	0.03864868792459413
0.08934026632402371	0.07328877646982432
0.11465276632402371	0.12713269730462562
0.1526215163240237	0.21110689726285686
0.2095746413240237	0.34250959555862354
0.2950043288240237	0.548713210255235
0.3950043288240237	0.8003821821645849
0.4950043288240237	1.0604160943653536
0.5950043288240237	1.3269131484617307
0.6950043288240236	1.598499953138913
0.7950043288240236	1.874115790653742
0.8950043288240236	2.152901327574374
0.9950043288240236	2.4341365258005294
1.0950043288240237	2.7172023724991456
1.1534633712768556	2.883308688714722
1000001.1534633712	2.883308688714722
