-99999.94653662872	0
0.04741769049201805	0
0.050751023825351384	0.0002719292198369781
0.05575102382535138	0.0053555027605728675
0.06325102382535139	0.020485961065268662
0.07450102382535138	0.04384443865258414
0.09137602382535139	0.0799705321113149
0.11668852382535139	0.13599024079224578
0.15465727382535138	0.22313394556068697
0.21161039882535138	0.3591133073025489
0.2970400863253514	0.5718456800282541
0.39704008632535137	0.830708283277976
0.49704008632535135	1.0974962787304001
0.5970400863253513	1.3703350220550041
0.6970400863253513	1.6478700067659293
0.7970400863253513	1.9290539600921324
0.8970400863253513	2.2130376203108306
0.9970400863253512	2.4991100898761083
1.0970400863253513	2.7866601373417352
1.1534633712768556	2.949353086874265
1000001.1534633712	2.949353086874265
