-99999.94653662872	0
0.04924530727861742	0
0.05257864061195076	0.00028442050899739194
0.057578640611950754	0.008834778877355728
0.06507864061195076	0.024507491726580708
0.07632864061195076	0.04866380321273485
0.09320364061195076	0.08596190506916247
0.11851614061195076	0.14370139302892498
0.15648489061195076	0.23335100871584746
0.21343801561195075	0.37295450732439717
0.29886770311195077	0.5908617236638375
0.39886770311195074	0.8554248247888343
0.4988677031119507	1.127558226354687
0.5988677031119507	1.4054057166318792
0.6988677031119507	1.6876253040754954
0.7988677031119507	1.9731789695480297
0.8988677031119506	2.2612260943637037
0.9988677031119506	2.5510627241375206
1.0988677031119507	2.842084700201312
1.1534633712768556	3.00127898993032
1000001.1534633712	3.00127898993032
