-99999.94653662872	0
0.05085864895837733	0
0.05419198229171066	0.0016889655546469282
0.05919198229171066	0.01210946661723009
0.06669198229171067	0.02816516836609829
0.07794198229171066	0.05288129440732861
0.09481698229171066	0.09101788732733246
0.12012948229171067	0.1499844224557951
0.15809823229171066	0.24143229184360102
0.21505135729171065	0.3836518481930134
0.30048104479171067	0.6053128425767271
0.40048104479171065	0.8740324894044919
0.5004810447917106	1.1500752852964895
0.6004810447917106	1.4315899834546917
0.7004810447917106	1.7172388639111056
0.8004810447917106	2.005987791835037
0.9004810447917105	2.2970000520415743
1.0004810447917105	2.5895762993438103
1.1004810447917106	2.8831176070932925
1.1534633712768556	3.0388530203576782
1000001.1534633712	3.0388530203576782
