-99999.94653662872	0
0.05217782839092666	0
0.055511161724259996	0.004279990377447959
0.06051116172425999	0.014849725841855592
0.06801116172426	0.031117018987960925
0.07926116172426	0.05614494541874221
0.09613616172426	0.09473975015495963
0.12144866172426	0.15439911394895742
0.15941741172426	0.2468844177508555
0.21637053672426	0.39064128536355447
0.30180022422426	0.6145644565831344
0.40180022422426	0.8858398400629235
0.50180022422426	1.1643221280541691
0.6018002242242599	1.4481497632581262
0.7018002242242599	1.7359776959886979
0.8018002242242599	2.026767919290572
0.9018002242242599	2.3196815923114253
1.0018002242242598	2.614019932580922
1.10180022422426	2.909185692982952
1.1534633712768556	3.0618285712269007
1000001.1534633712	3.0618285712269007
