-99999.94653662872	0
0.0530991781861998	0
0.056432511519533136	0.006113493972438659
0.061432511519533134	0.016693724045673694
0.06893251151953314	0.03297291424221999
0.08018251151953314	0.05803420294885384
0.09705751151953314	0.09668736316059356
0.12237001151953314	0.15645939557305197
0.16033876151953314	0.24915401324001737
0.21729188651953313	0.39329679596767264
0.30272157401953315	0.6178983623795579
0.4027215740195331	0.890056561058779
0.5027215740195331	1.169466065444901
0.6027215740195331	1.454232052245697
0.7027215740195331	1.7429871303787128
0.802721574019533	2.034680060989503
0.902721574019533	2.3284615608454056
1.002721574019533	2.6236273204104466
1.102721574019533	2.9195765394327258
1.1534633712768556	3.0698780395939265
1000001.1534633712	3.0698780395939265
