-99999.94653662872	0
0.05346337127685552	0
0.056796704610188854	0.006820704383064115
0.06179670461018885	0.017363844883627175
0.06929670461018886	0.03358709425096214
0.08054670461018885	0.05856767106102023
0.09742170461018886	0.09711066942154924
0.12273420461018886	0.1567383572110344
0.16070295461018885	0.2492545981462711
0.21765607961018885	0.39319484527513454
0.30308576711018886	0.6175962641435879
0.40308576711018884	0.8896289335190085
0.5030857671101888	1.168993250315993
0.6030857671101888	1.4537701436070225
0.7030857671101888	1.7425762774419902
0.8030857671101888	2.0343476001564125
0.9030857671101887	2.3282283761986178
1.0030857671101887	2.6235085323715
1.1030857671101888	2.9195843618519493
1.1534633712768556	3.0688743393576203
1000001.1534633712	3.0688743393576203
