-99999.94653662872	0
0.05346337127685552	0
0.056796704610188854	0.006820927683748472
0.06179670461018885	0.01736416932099436
0.06929670461018886	0.03358754139035944
0.08054670461018885	0.058568246514944106
0.09742170461018886	0.09711139256277562
0.12273420461018886	0.15673935851382279
0.16070295461018885	0.24925581261420054
0.21765607961018885	0.3931958843804846
0.30308576711018886	0.6175971924363705
0.40308576711018884	0.889629090289211
0.5030857671101888	1.1689925514079018
0.6030857671101888	1.453768676063196
0.7030857671101888	1.7425740783530268
0.8030857671101888	2.0343446946991146
0.9030857671101887	2.328224956580755
1.0030857671101887	2.623504626641568
1.1030857671101888	2.91958028758359
1.1534633712768556	3.068869868961584
1000001.1534633712	3.068869868961584
