-99999.94653662872	0
0.05346337127685552	0
0.056796704610188854	0.0068209883830907085
0.06179670461018885	0.01736433159305562
0.06929670461018886	0.033587860612076914
0.08054670461018885	0.058568771416902775
0.09742170461018886	0.0971122326835751
0.12273420461018886	0.15674067689005775
0.16070295461018885	0.2492578146046965
0.21765607961018885	0.39319888476382076
0.30308576711018886	0.6176015493453079
0.40308576711018884	0.8896349839623944
0.5030857671101888	1.1689997017523375
0.6030857671101888	1.4537769340845461
0.7030857671101888	1.7425833136576778
0.8030857671101888	2.034354713922262
0.9030857671101887	2.328235528713213
1.0030857671101887	2.6235155897073352
1.1030857671101888	2.91959150614988
1.1534633712768556	3.0688810405432014
1000001.1534633712	3.0688810405432014
