-99999.94653662872	0
0.05346337127685552	0
0.056796704610188854	0.006821093990067541
0.06179670461018885	0.01736460029485174
0.06929670461018886	0.03358836619787054
0.08054670461018885	0.05856963567225333
0.09742170461018886	0.0971136292050662
0.12273420461018886	0.15674285186714418
0.16070295461018885	0.2492611228416532
0.21765607961018885	0.39320379708469083
0.30308576711018886	0.6176087019037868
0.40308576711018884	0.8896444087256958
0.5030857671101888	1.1690112139003046
0.6030857671101888	1.4537901821220105
0.7030857671101888	1.74259796973945
0.8030857671101888	2.0343704929839665
0.9030857671101887	2.3282522004940818
1.0030857671101887	2.623532840949547
1.1030857671101888	2.91960902790015
1.1534633712768556	3.068898669910031
1000001.1534633712	3.068898669910031
