-99999.94653662872	0
0.05346337127685552	0
0.056796704610188854	0.006821086234704705
0.06179670461018885	0.01736458097814441
0.06929670461018886	0.03358832094017937
0.08054670461018885	0.058569573561257623
0.09742170461018886	0.09711352928228857
0.12273420461018886	0.15674269656858916
0.16070295461018885	0.2492608872493952
0.21765607961018885	0.39320344694098275
0.30308576711018886	0.617608196010439
0.40308576711018884	0.889643733590184
0.5030857671101888	1.1690103995078425
0.6030857671101888	1.453789250418609
0.7030857671101888	1.7425969403566213
0.8030857671101888	2.0343693921411634
0.9030857671101887	2.3282510530207623
1.0030857671101887	2.623531666073389
1.1030857671101888	2.91960784915469
1.1534633712768556	3.068897386546072
1000001.1534633712	3.068897386546072
