-99999.94653662872	0
0.05346337127685552	0
0.056796704610188854	0.006821077449981723
0.06179670461018885	0.017364561530806236
0.06929670461018886	0.03358827836509846
0.08054670461018885	0.05856949990719607
0.09742170461018886	0.09711340925510074
0.12273420461018886	0.1567425060079307
0.16070295461018885	0.24926059296560474
0.21765607961018885	0.3932029936654809
0.30308576711018886	0.6176075045653294
0.40308576711018884	0.8896427767964811
0.5030857671101888	1.1690091734979533
0.6030857671101888	1.4537877657925515
0.7030857671101888	1.742595203664521
0.8030857671101888	2.034367396341574
0.9030857671101887	2.328248795302979
1.0030857671101887	2.623529168636134
1.1030857671101888	2.919605094184666
1.1534633712768556	3.06889596292189
1000001.1534633712	3.06889596292189
