-99999.94653662872	0
0.05346337127685552	0
0.056796704610188854	0.0068211193609478875
0.06179670461018885	0.01736466297110639
0.06929670461018886	0.03358847487959817
0.08054670461018885	0.05856983343092741
0.09742170461018886	0.0971139578129321
0.12273420461018886	0.15674330713456233
0.16070295461018885	0.24926184792630993
0.21765607961018885	0.39320486247157066
0.30308576711018886	0.6176102522855024
0.40308576711018884	0.8896464249360053
0.5030857671101888	1.169013641817187
0.6030857671101888	1.4537929944325554
0.7030857671101888	1.7426010528204576
0.8030857671101888	2.0343738259140416
0.9030857671101887	2.3282556990321512
1.0030857671101887	2.62353642986371
1.1030857671101888	2.919612704102542
1.1534633712768556	3.068902363322407
1000001.1534633712	3.068902363322407
