-99999.94653662872	0
0.05346337127685552	0
0.056796704610188854	0.00682113229081122
0.06179670461018885	0.017364695767178823
0.06929670461018886	0.03358854693628923
0.08054670461018885	0.058569943295365426
0.09742170461018886	0.09711412460166013
0.12273420461018886	0.15674362322274044
0.16070295461018885	0.24926229496210625
0.21765607961018885	0.39320554292045745
0.30308576711018886	0.6176112472339577
0.40308576711018884	0.8896477817030902
0.5030857671101888	1.1690153109797015
0.6030857671101888	1.4537949031725406
0.7030857671101888	1.7426032021816371
0.8030857671101888	2.034376130136938
0.9030857671101887	2.3282581391685797
1.0030857671101887	2.6235389705123326
1.1030857671101888	2.919615243104535
1.1534633712768556	3.0689050015969146
1000001.1534633712	3.0689050015969146
