-99999.94653662872	0
0.05346337127685552	0
0.056796704610188854	0.006820994373993075
0.06179670461018885	0.017364503983793068
0.06929670461018886	0.03358830515242619
0.08054670461018885	0.058569750627798706
0.09742170461018886	0.09711394977551693
0.12273420461018886	0.15674342176972286
0.16070295461018885	0.24926222899657902
0.21765607961018885	0.3932061257367548
0.30308576711018886	0.6176125280521487
0.40308576711018884	0.8896495526658935
0.5030857671101888	1.169017459314705
0.6030857671101888	1.453797290443447
0.7030857671101888	1.7426056188992438
0.8030857671101888	2.0343785747852814
0.9030857671101887	2.328260781677426
1.0030857671101887	2.6235418539945146
1.1030857671101888	2.919618252143993
1.1534633712768556	3.068904458095343
1000001.1534633712	3.068904458095343
