-99999.94653662872	0
0.05346337127685552	0
0.056796704610188854	0.00000000000000000000000000000026924500622533557
0.06179670461018885	0.00000000000000000000000000000018951150652770399
0.06929670461018886	0.0000000000000000000000000000009121204216617949
0.08054670461018885	0.00000000000000000000000000000020954117794933126
0.09742170461018886	0.00000000000000000000000000000017256332301709633
0.12273420461018886	0.0000000000000000000000000000004067564042545842
0.16070295461018885	0.000000000000000000000000000005546678239835239
0.21765607961018885	0.000000000000000000000000000000918283397483834
0.30308576711018886	0.0000000000000000000030284477855923665
0.40308576711018884	0.00000000000000000000000000003048207841580566
0.5030857671101888	0.000000000000000000000000000008400136045439368
0.6030857671101888	0.0000000000000000000000000001173430596516255
0.7030857671101888	0.00000000000000000000000000005380509004233509
0.8030857671101888	0.00000000000000000000000000012434420018546199
0.9030857671101887	0.00000000000000000000000000007829444484318542
1.0030857671101887	0.00000000000000000000000000004410225498251219
1.1030857671101888	0.00000000000000000000000000001720702849513332
1.1534633712768556	0.0000000000000000000000000004680965026113399
1000001.1534633712	0.0000000000000000000000000004680965026113399
