-100001.1	0
0	0
0.0033333333333334103	0.00000000000000020847466997862247
0.008333333333333304	0.0000000000000005214366563681535
0.015833333333333366	0.0000000000000009913657388466855
0.027083333333333348	0.0000000000000016973892623784824
0.04395833333333332	0.0000000000000027589668222576293
0.06927083333333339	0.00000000000000435705327988485
0.1072395833333335	0.000000000000006767053231394454
0.16419270833333344	0.000000000000010385009384777983
0.24962239583333345	0.000000000000015942104007479155
0.34962239583333354	0.000000000000022397974286774236
0.44962239583333363	0.000000000000029001784590289775
0.5496223958333337	0.000000000000035984793534922917
0.6496223958333338	0.00000000000004247292963876245
0.7496223958333339	0.0000000000000498822427613383
0.849622395833334	0.0000000000000569916642369821
0.9496223958333339	0.00000000000006333845831507453
1.049622395833334	0.0000000000000715319009131416
1.149622395833334	0.00000000000007896271611365735
1.2496223958333341	0.00000000000008650066255579716
1.3496223958333342	0.00000000000009414574023956242
1.4496223958333343	0.00000000000010189794916494859
1.5496223958333344	0.00000000000010975728933196039
1.6496223958333345	0.00000000000011772376074059608
1.7496223958333346	0.00000000000012579736339085577
1.8496223958333347	0.00000000000013397809728273942
1.9496223958333347	0.0000000000001422659624162471
2.049622395833335	0.00000000000015066095879137883
2.149622395833335	0.00000000000015916308640813448
2.249622395833335	0.00000000000016777234526651412
2.349622395833335	0.00000000000017648873536651785
2.449622395833335	0.00000000000018531225670814548
2.5496223958333353	0.00000000000019424290929139705
2.6496223958333354	0.00000000000019650950582917762
2.7496223958333355	0.0000000000002051336701837428
2.8496223958333355	0.0000000000002378410456593879
2.9496223958333356	0.0000000000002471859595671191
3.0496223958333353	0.000000000000247628648912079
3.149622395833335	0.00000000000025651106134114737
3.2496223958333346	0.00000000000026544188814799514
3.349622395833334	0.00000000000028524265658727353
3.449622395833334	0.00000000000029492609118961963
3.5496223958333335	0.0000000000002925248548352151
3.649622395833333	0.0000000000003144960728110807
3.749622395833333	0.0000000000003243826198301957
3.8496223958333324	0.0000000000003200435509224496
3.949622395833332	0.00000000000032931327837375333
4.049622395833332	0.00000000000033863142020283637
4.149622395833331	0.00000000000036460584929588555
4.249622395833331	0.00000000000037483091700961543
4.349622395833331	0.00000000000036687633195676207
4.44962239583333	0.00000000000037638813129696275
4.54962239583333	0.000000000000405912344984343
4.64962239583333	0.0000000000004164082292537648
4.749622395833329	0.0000000000004052140155842413
4.849622395833329	0.0000000000004149194724355596
4.9496223958333285	0.00000000000042467334366465727
5.049622395833328	0.0000000000004590688077206819
5.149622395833328	0.0000000000004699032126847186
5.2496223958333275	0.00000000000045422544361862704
5.349622395833327	0.0000000000004917751350295611
5.449622395833327	0.00000000000026163197966993377
5.549622395833326	0.0000000000002744043864726399
5.649622395833326	0.0000000000002842797316289116
5.749622395833326	0.00000000000029430820312707195
5.849622395833325	0.00000000000030448980096712094
5.949622395833325	0.0000000000003148245251490585
6.049622395833325	0.0000000000003253123756728846
6.149622395833324	0.00000000000033595335253859944
6.249622395833324	0.0000000000003467474557462028
6.3496223958333236	0.0000000000003576946852956946
6.449622395833323	0.0000000000003687950411870753
6.549622395833323	0.0000000000003800485234203445
6.6496223958333225	0.0000000000003914551319955023
6.749622395833322	0.00000000000040301486691254863
6.849622395833322	0.0000000000004147277281714836
6.949622395833321	0.00000000000042659371577230734
7.049622395833321	0.0000000000004386128297150194
7.149622395833321	0.0000000000004507850699996202
7.24962239583332	0.00000000000043888108630839404
7.34962239583332	0.0000000000004495387320372481
7.44962239583332	0.0000000000004603023578227904
7.549622395833319	0.0000000000004711719636650211
7.649622395833319	0.00000000000048214754956394
7.749622395833319	0.0000000000004932291155195471
7.849622395833318	0.0000000000005044166615318425
7.949622395833318	0.0000000000005635273815273988
8.049622395833318	0.0000000000005768773299059192
8.149622395833317	0.0000000000005386151799088582
8.249622395833317	0.00000000000040086254067168554
8.349622395833316	0.00000000000040910899991533656
8.449622395833316	0.00000000000041737984088983143
8.549622395833316	0.00000000000042567506359517066
8.649622395833315	0.000000000000433994668031354
8.749622395833315	0.0000000000004423386541983814
8.849622395833315	0.0000000000004507070220962528
8.949622395833314	0.0000000000004590997717249684
9.049622395833314	0.0000000000004675169030845283
9.149622395833314	0.0000000000004759584161749321
9.249622395833313	0.0000000000004844243109961801
9.349622395833313	0.0000000000004929145875482723
9.449622395833313	0.0000000000005014292458312084
9.549622395833312	0.0000000000005099682858449888
9.649622395833312	0.0000000000005185317075896133
9.749622395833311	0.000000000000527119511065082
9.849622395833311	0.0000000000005357316962713947
9.94962239583331	0.0000000000005443682632085515
10.04962239583331	0.0000000000005530292118765525
10.14962239583331	0.0000000000005617145422753975
10.24962239583331	0.0000000000005704242544050867
10.34962239583331	0.00000000000057915834826562
10.449622395833309	0.0000000000005879168238569974
10.549622395833309	0.0000000000005966996811792189
10.649622395833308	0.0000000000006055069202322846
10.749622395833308	0.0000000000006143385410161945
10.805	0.0000000000007109949172621747
1000010.805	0.0000000000007109949172621747
