-100001.1	0
0	0
0.0033333333333334103	0.0011609395610885753
0.008333333333333304	0.0029072630705263168
0.015833333333333366	0.005538017186045996
0.027083333333333348	0.00951133911793687
0.04395833333333332	0.015579061827387835
0.06927083333333339	0.02494671300763314
0.1072395833333335	0.03954409186452969
0.16419270833333344	0.06250495712352855
0.24962239583333345	0.09892071583455136
0.34962239583333354	0.1442853392814511
0.44962239583333363	0.19243088760889893
0.5496223958333337	0.24318204852706285
0.6496223958333338	0.2963114267785443
0.7496223958333339	0.3517818118388485
0.849622395833334	0.4094056017988123
0.9496223958333339	0.46908621830130437
1.049622395833334	0.5306228317549381
1.149622395833334	0.5940065100790696
1.2496223958333341	0.6590737502190324
1.3496223958333342	0.7257786267446524
1.4496223958333343	0.7939551842316052
1.5496223958333344	0.8635601899963697
1.6496223958333345	0.9345095026634277
1.7496223958333346	1.0067581371048768
1.8496223958333347	1.0801982267918937
1.9496223958333347	1.1547681291506013
2.049622395833335	1.2304373014907013
2.149622395833335	1.3071182331955353
2.249622395833335	1.3847683477187087
2.349622395833335	1.463317547486156
2.449622395833335	1.5427254560787376
2.5496223958333353	1.622951190533506
2.6496223958333354	1.7039382944527166
2.7496223958333355	1.7856577179033657
2.8496223958333355	1.868058351676238
2.9496223958333356	1.951100269876081
3.0496223958333353	2.034767919874707
3.149622395833335	2.1190258976641245
3.2496223958333346	2.2038550983275904
3.349622395833334	2.289186317199093
3.449622395833334	2.3750275877556613
3.5496223958333335	2.461362187622994
3.649622395833333	2.548158800228071
3.749622395833333	2.6354144164372744
3.8496223958333324	2.7230748243976546
3.949622395833332	2.8111231059318635
4.049622395833332	2.8995707410935654
4.149622395833331	2.9884149157460977
4.249622395833331	3.0776083058353967
4.349622395833331	3.1671398854440893
4.44962239583333	3.2570036217295812
4.54962239583333	3.3471880905817604
4.64962239583333	3.437693029604625
4.749622395833329	3.5285111828529026
4.849622395833329	3.6196261194674686
4.9496223958333285	3.711019581275035
5.049622395833328	3.8026954429257556
5.149622395833328	3.8946582487260892
5.2496223958333275	3.9869018423246656
5.349622395833327	4.079414655603111
5.449622395833327	4.172185116364035
5.549622395833326	4.265209747893447
5.649622395833326	4.358491028393516
5.749622395833326	4.45202307826861
5.849622395833325	4.545795517280301
5.949622395833325	4.639812073434746
6.049622395833325	4.734068916633361
6.149622395833324	4.828560720969643
6.249622395833324	4.923282643483166
6.3496223958333236	5.018222972727823
6.449622395833323	5.113375310176781
6.549622395833323	5.208744850443685
6.6496223958333225	5.304337253854793
6.749622395833322	5.400156316633593
6.849622395833322	5.496189612594507
6.949622395833321	5.592427354405112
7.049622395833321	5.688853336828084
7.149622395833321	5.785462668978897
7.24962239583332	5.882260994818937
7.34962239583332	5.97924350149236
7.44962239583332	6.076405435532468
7.549622395833319	6.173746384363943
7.649622395833319	6.27125210137646
7.749622395833319	6.368897098438564
7.849622395833318	6.466664225557982
7.949622395833318	6.564546397402988
8.049622395833318	6.662547003695236
8.149622395833317	6.76067286058152
8.249622395833317	6.858883647599945
8.349622395833316	6.957147943296197
8.449622395833316	7.055465649259063
8.549622395833316	7.153841908071539
8.55	7.154213545273066
1000008.55	7.154213545273066
