-100001.1	0
0	0
0.0033333333333334103	0.0010319990211921318
0.008333333333333304	0.0025857187442062234
0.015833333333333366	0.004928848414278822
0.027083333333333348	0.008472273060595573
0.04395833333333332	0.013904036825657957
0.06927083333333339	0.022342565817392163
0.1072395833333335	0.03560137499039075
0.16419270833333344	0.05666174622630202
0.24962239583333345	0.09049688078855408
0.34962239583333354	0.13322273855248928
0.44962239583333363	0.17911874483596524
0.5496223958333337	0.22798098528183203
0.6496223958333338	0.27954500244562436
0.7496223958333339	0.3338035332079265
0.849622395833334	0.39047899021651705
0.9496223958333339	0.44951537680914005
1.049622395833334	0.5106866587255694
1.149622395833334	0.5739596567768773
1.2496223958333341	0.6391264904103238
1.3496223958333342	0.7061525937193017
1.4496223958333343	0.7748923663167075
1.5496223958333344	0.8452603911803726
1.6496223958333345	0.9171668571488937
1.7496223958333346	0.9905094033442149
1.8496223958333347	1.0652448405233412
1.9496223958333347	1.1412720704685326
2.049622395833335	1.2184920643760528
2.149622395833335	1.296868026302224
2.249622395833335	1.3763782808077458
2.349622395833335	1.4569068644983063
2.449622395833335	1.5384318914444803
2.5496223958333353	1.6209175417677646
2.6496223958333354	1.7042720017470865
2.7496223958333355	1.7884892776196366
2.8496223958333355	1.873514277974153
2.9496223958333356	1.9593000178332163
3.0496223958333353	2.0458265151773065
3.149622395833335	2.133039107937821
3.2496223958333346	2.220925652307383
3.349622395833334	2.309419852936687
3.449622395833334	2.398540270519824
3.5496223958333335	2.488242608257937
3.649622395833333	2.5784853299840425
3.749622395833333	2.6692856208337035
3.8496223958333324	2.7605769987658917
3.949622395833332	2.8523445637554343
4.049622395833332	2.944608491692722
4.149622395833331	3.0373518327408324
4.249622395833331	3.130514875057
4.349622395833331	3.224111162832368
4.44962239583333	3.318155070572111
4.54962239583333	3.412616300175191
4.64962239583333	3.507475292498271
4.749622395833329	3.602724162803177
4.849622395833329	3.698344160604683
4.9496223958333285	3.794318408440872
5.049622395833328	3.8906592509081195
5.149622395833328	3.9873787053458676
5.2496223958333275	4.08195182472317
5.349622395833327	4.1725270681889315
5.449622395833327	4.263439288080421
5.549622395833326	4.354689066416192
5.649622395833326	4.446276312434978
5.749622395833326	4.538189437288899
5.849622395833325	4.630422584148711
5.949622395833325	4.722978214498784
6.049622395833325	4.815848311955665
6.149622395833324	4.909024745742417
6.249622395833324	5.002505949612574
6.3496223958333236	5.0962825752848735
6.449622395833323	5.190350684930038
6.549622395833323	5.284711752200471
6.6496223958333225	5.379367098639594
6.749622395833322	5.474317782116625
6.849622395833322	5.569540476617424
6.949622395833321	5.665032901035155
7.049622395833321	5.760782891987079
7.149622395833321	5.8567904266946345
7.24962239583332	5.953053416687939
7.34962239583332	6.049553682882898
7.44962239583332	6.146289312688043
7.549622395833319	6.243253751970523
7.649622395833319	6.340430858041786
7.749622395833319	6.437805427332013
7.849622395833318	6.535364094713548
7.949622395833318	6.6330918762693125
8.049622395833318	6.730970399695243
8.149622395833317	6.8289877982190905
8.249622395833317	6.927140107450401
8.349622395833316	7.025360449231018
8.449622395833316	7.123635289222632
8.549622395833316	7.221997690986178
8.55	7.222369328186914
1000008.55	7.222369328186914
