-100001.1	0
0	0
0.0033333333333334103	0.001166777693389337
0.008333333333333304	0.0029232589352363534
0.015833333333333366	0.0055721601757297385
0.027083333333333348	0.009579401003037733
0.04395833333333332	0.015720622627814717
0.06927083333333339	0.025245951065819186
0.1072395833333335	0.040175304860559764
0.16419270833333344	0.06384647180736804
0.24962239583333345	0.10183556855218488
0.34962239583333354	0.14974800153038545
0.44962239583333363	0.20116697611464984
0.5496223958333337	0.25589275537999373
0.6496223958333338	0.3136670577846771
0.7496223958333339	0.3743514542834491
0.849622395833334	0.43772742135477355
0.9496223958333339	0.5036979779833956
1.049622395833334	0.5720289887614657
1.149622395833334	0.6426597938753043
1.2496223958333341	0.7153882599177879
1.3496223958333342	0.7901858939429588
1.4496223958333343	0.8668921153573683
1.5496223958333344	0.9454112761572251
1.6496223958333345	1.025651877102009
1.7496223958333346	1.1075017107603882
1.8496223958333347	1.1909200677252012
1.9496223958333347	1.2757897069844244
2.049622395833335	1.3619768005306372
2.149622395833335	1.4494762907021008
2.249622395833335	1.5382738715014623
2.349622395833335	1.6282134712631824
2.449622395833335	1.7193007517397083
2.5496223958333353	1.8114912070934177
2.6496223958333354	1.9046698378122393
2.7496223958333355	1.9988579816961254
2.8496223958333355	2.0939896404152445
2.9496223958333356	2.190013733780499
3.0496223958333353	2.2868978276896867
3.149622395833335	2.3845943614188685
3.2496223958333346	2.4830807979406244
3.349622395833334	2.5822948395608756
3.449622395833334	2.6822581079019785
3.5496223958333335	2.7829130448560706
3.649622395833333	2.8842281947475246
3.749622395833333	2.986218853308773
3.8496223958333324	3.088812045113916
3.949622395833332	3.1920002115452486
4.049622395833332	3.295800792154185
4.149622395833331	3.400188792646866
4.249622395833331	3.505108191998756
4.349622395833331	3.6105772276286365
4.44962239583333	3.716608808213127
4.54962239583333	3.823167909484988
4.64962239583333	3.930235697111961
4.749622395833329	4.0378047218698745
4.849622395833329	4.145851705353092
4.9496223958333285	4.254358509728535
5.049622395833328	4.363345940521504
5.149622395833328	4.472828331955486
5.2496223958333275	4.574480072197881
5.349622395833327	4.662257390424183
5.449622395833327	4.750507395546053
5.549622395833326	4.839204627812046
5.649622395833326	4.928328364957511
5.749622395833326	5.017900669013273
5.849622395833325	5.107920910061205
5.949622395833325	5.198338966607276
6.049622395833325	5.289168229993682
6.149622395833324	5.380426837411131
6.249622395833324	5.472125989765246
6.3496223958333236	5.5642227573538126
6.449622395833323	5.656694632850728
6.549622395833323	5.749560616663717
6.6496223958333225	5.842839626882767
6.749622395833322	5.9365473695946935
6.849622395833322	6.0306465536055525
6.949622395833321	6.125094835851975
7.049622395833321	6.219875994564914
7.149622395833321	6.315008542426938
7.24962239583332	6.410499761284282
7.34962239583332	6.506313450205819
7.44962239583332	6.602432727280025
7.549622395833319	6.698850106791521
7.649622395833319	6.795559622088705
7.749622395833319	6.892539513362548
7.849622395833318	6.989767009835779
7.949622395833318	7.087210808539549
8.049622395833318	7.184853324141743
8.149622395833317	7.282718362468337
8.249622395833317	7.380765111883111
8.349622395833316	7.478937416677253
8.449622395833316	7.577187201241883
8.549622395833316	7.675549249957709
8.55	7.675920887158464
1000008.55	7.675920887158464
