-100001.1	0
0	0
0.0033333333333334103	0.0012731549766844981
0.008333333333333304	0.00318997644072647
0.015833333333333366	0.006081470239185523
0.027083333333333348	0.010456989180044483
0.04395833333333332	0.017160138620594866
0.06927083333333339	0.027541077065267282
0.1072395833333335	0.043768000571569515
0.16419270833333344	0.06942783426936294
0.24962239583333345	0.11051438576774314
0.34962239583333354	0.16228413155113522
0.44962239583333363	0.21782253921209335
0.5496223958333337	0.27688002795611816
0.6496223958333338	0.3391803646557239
0.7496223958333339	0.40459618699307337
0.849622395833334	0.4728867793725059
0.9496223958333339	0.5439651565183878
1.049622395833334	0.6175930103181043
1.149622395833334	0.6937206207308744
1.2496223958333341	0.772130072915046
1.3496223958333342	0.8527838620858333
1.4496223958333343	0.9355284077942065
1.5496223958333344	1.020269683076754
1.6496223958333345	1.1068952125053098
1.7496223958333346	1.195291474728897
1.8496223958333347	1.2853998271236682
1.9496223958333347	1.377124804145243
2.049622395833335	1.4703362118648196
2.149622395833335	1.5650064880275665
2.249622395833335	1.6611213986937226
2.349622395833335	1.7585296429897972
2.449622395833335	1.8572268170523634
2.5496223958333353	1.9571727197905295
2.6496223958333354	2.058251772456653
2.7496223958333355	2.1604790386488673
2.8496223958333355	2.2637944447710403
2.9496223958333356	2.3681420005563374
3.0496223958333353	2.473493119524466
3.149622395833335	2.579796457585898
3.2496223958333346	2.687033550607234
3.349622395833334	2.795139965971896
3.449622395833334	2.904135825090742
3.5496223958333335	3.0139697113303274
3.649622395833333	3.1246045693317175
3.749622395833333	3.236058920008396
3.8496223958333324	3.348264584771977
3.949622395833332	3.461207313642828
4.049622395833332	3.574907667124679
4.149622395833331	3.6893468554350055
4.249622395833331	3.804464622487508
4.349622395833331	3.920277468443157
4.44962239583333	4.036803614831907
4.54962239583333	4.153992556077018
4.64962239583333	4.271831767659949
4.749622395833329	4.39033754521718
4.849622395833329	4.509495387280264
4.9496223958333285	4.629268455072738
5.049622395833328	4.7496769686893545
5.149622395833328	4.8707356579669066
5.2496223958333275	4.978340979270779
5.349622395833327	5.062227509980469
5.449622395833327	5.1467434190076835
5.549622395833326	5.23186855323452
5.649622395833326	5.317579613677512
5.749622395833326	5.403888777046087
5.849622395833325	5.490797126952758
5.949622395833325	5.578279482227891
6.049622395833325	5.6663378932138215
6.149622395833324	5.754976945766432
6.249622395833324	5.844200513656204
6.3496223958333236	5.933965849977385
6.449622395833323	6.024249698354491
6.549622395833323	6.115070286121948
6.6496223958333225	6.2064490918938695
6.749622395833322	6.298391374548863
6.849622395833322	6.390840816026307
6.949622395833321	6.4838029569116875
7.049622395833321	6.5772506269124005
7.149622395833321	6.6711702302794835
7.24962239583332	6.76556588725694
7.34962239583332	6.860425174276717
7.44962239583332	6.955715549457457
7.549622395833319	7.051400352336252
7.649622395833319	7.147470315887913
7.749622395833319	7.243899054161035
7.849622395833318	7.340673775512642
7.949622395833318	7.437757140770429
8.049622395833318	7.535110673177802
8.149622395833317	7.632756226487193
8.249622395833317	7.730625390719062
8.349622395833316	7.828695168082687
8.449622395833316	7.926938676029166
8.549622395833316	8.025300724744993
8.55	8.025672361945745
1000008.55	8.025672361945745
