-100001.1	0
0	0
0.0033333333333334103	0.0014062604829963527
0.008333333333333304	0.003523713542748812
0.015833333333333366	0.006719062465810429
0.027083333333333348	0.011557763921315158
0.04395833333333332	0.018958655446674945
0.06927083333333339	0.030365189092762042
0.1072395833333335	0.04805805641367264
0.16419270833333344	0.07579651588943015
0.24962239583333345	0.11991841292014976
0.34962239583333354	0.1752699108935203
0.44962239583333363	0.23438765404298334
0.5496223958333337	0.2970753977905061
0.6496223958333338	0.36312439966657
0.7496223958333339	0.432350843556865
0.849622395833334	0.5046156702151614
0.9496223958333339	0.5797484146906015
1.049622395833334	0.6576135809652545
1.149622395833334	0.7380775805493167
1.2496223958333341	0.8210017619481119
1.3496223958333342	0.9062370964896546
1.4496223958333343	0.9937087373828036
1.5496223958333344	1.0833678557876951
1.6496223958333345	1.1750517454387903
1.7496223958333346	1.2687029882928116
1.8496223958333347	1.364259753414301
1.9496223958333347	1.461608241954441
2.049622395833335	1.5607183327696907
2.149622395833335	1.6614880666324756
2.249622395833335	1.7638945056060604
2.349622395833335	1.8678510485750803
2.449622395833335	1.9733338371728752
2.5496223958333353	2.080276770598279
2.6496223958333354	2.1886507204596657
2.7496223958333355	2.2983958567986025
2.8496223958333355	2.4094766222893784
2.9496223958333356	2.5218835026821957
3.0496223958333353	2.6355947710137486
3.149622395833335	2.750581429430136
3.2496223958333346	2.86680439654669
3.349622395833334	2.9842352215795134
3.449622395833334	3.102855903894235
3.5496223958333335	3.222673050768397
3.649622395833333	3.3436604745290963
3.749622395833333	3.465778849955087
3.8496223958333324	3.5890580640960272
3.949622395833332	3.713488670024737
4.049622395833332	3.8390351170592987
4.149622395833331	3.965663245109415
4.249622395833331	4.093388308118483
4.349622395833331	4.222243707509566
4.44962239583333	4.352268096358544
4.54962239583333	4.483445413959593
4.64962239583333	4.615750738058076
4.749622395833329	4.749169566561663
4.849622395833329	4.8836692985385115
4.9496223958333285	5.019234744232616
5.049622395833328	5.155927388276398
5.149622395833328	5.293722071580445
5.2496223958333275	5.4069602550432805
5.349622395833327	5.476927918595448
5.449622395833327	5.5480291865520925
5.549622395833326	5.620285473648333
5.649622395833326	5.693616203288246
5.749622395833326	5.7679809097207935
5.849622395833325	5.843436455630671
5.949622395833325	5.920052816873149
6.049622395833325	5.99776533372639
6.149622395833324	6.07652391003315
6.249622395833324	6.156380560113737
6.3496223958333236	6.237312597607348
6.449622395833323	6.3192928882139725
6.549622395833323	6.402278340919553
6.6496223958333225	6.486246533546781
6.749622395833322	6.571237553396245
6.849622395833322	6.6572878925051375
6.949622395833321	6.744362183775109
7.049622395833321	6.832374262258339
7.149622395833321	6.921317238741948
7.24962239583332	7.011174193749348
7.34962239583332	7.101897193604007
7.44962239583332	7.193475074949913
7.549622395833319	7.285877443150087
7.649622395833319	7.3790520563737
7.749622395833319	7.472991273301402
7.849622395833318	7.567641925726529
7.949622395833318	7.6629904614612805
8.049622395833318	7.758939278178205
8.149622395833317	7.8554810269038
8.249622395833317	7.952552428231606
8.349622395833316	8.050039324987425
8.449622395833316	8.147941555883108
8.549622395833316	8.246164644937087
8.55	8.246536332656701
1000008.55	8.246536332656701
