-100001.1	0
0	0
0.0033333333333334103	0.0014531705162046649
0.008333333333333304	0.0036429317809047535
0.015833333333333366	0.006949889265371374
0.027083333333333348	0.011960661409130527
0.04395833333333332	0.019620171075696875
0.06927083333333339	0.03141254496298324
0.1072395833333335	0.04970490876679922
0.16419270833333344	0.0783859153970124
0.24962239583333345	0.12403533071749158
0.34962239583333354	0.18128109897084987
0.44962239583333363	0.24237892811428133
0.5496223958333337	0.3071038361908646
0.6496223958333338	0.37524655794982315
0.7496223958333339	0.44660491850821
0.849622395833334	0.5210355270588016
0.9496223958333339	0.5983327151764155
1.049622395833334	0.6784034974879029
1.149622395833334	0.7610699827232547
1.2496223958333341	0.8461952542009726
1.3496223958333342	0.9336223079168476
1.4496223958333343	1.0232547946507178
1.5496223958333344	1.115084227963991
1.6496223958333345	1.2089335928934983
1.7496223958333346	1.3047399852204262
1.8496223958333347	1.4024846820898644
1.9496223958333347	1.5020345914555422
2.049622395833335	1.6033607413972724
2.149622395833335	1.7063982353921627
2.249622395833335	1.8110866937413135
2.349622395833335	1.917401828662235
2.449622395833335	2.0252851662508506
2.5496223958333353	2.13471684413864
2.6496223958333354	2.2456726902057915
2.7496223958333355	2.358118873559768
2.8496223958333355	2.472034073034715
2.9496223958333356	2.58740589542468
3.0496223958333353	2.7042183698595554
3.149622395833335	2.822451939496503
3.2496223958333346	2.942092521483546
3.349622395833334	3.063138648404856
3.449622395833334	3.1855978615333926
3.5496223958333335	3.309477795537674
3.649622395833333	3.4347796942951168
3.749622395833333	3.5615066913652504
3.8496223958333324	3.6896719822862787
3.949622395833332	3.819292169592968
4.049622395833332	3.950348668851507
4.149622395833331	4.0828280642357475
4.249622395833331	4.216744128280503
4.349622395833331	4.352153139239155
4.44962239583333	4.489087808739197
4.54962239583333	4.627514578538869
4.64962239583333	4.767454302902466
4.749622395833329	4.908961087183592
4.849622395833329	5.051993398157036
4.9496223958333285	5.196597225861491
5.049622395833328	5.342812177402668
5.149622395833328	5.490589026956398
5.2496223958333275	5.602825564213592
5.349622395833327	5.652375746337518
5.449622395833327	5.703549963284287
5.549622395833326	5.75639451534275
5.649622395833326	5.810879941592157
5.749622395833326	5.86707419119967
5.849622395833325	5.924956998170704
5.949622395833325	5.984520226719736
6.049622395833325	6.045754569959392
6.149622395833324	6.108713309631491
6.249622395833324	6.173342850159411
6.3496223958333236	6.239655023415626
6.449622395833323	6.3076745033941375
6.549622395833323	6.377401681112361
6.6496223958333225	6.448763129275789
6.749622395833322	6.521764491942993
6.849622395833322	6.596431050653933
6.949622395833321	6.672792244412797
7.049622395833321	6.750737602549494
7.149622395833321	6.830304806736199
7.24962239583332	6.911435163638009
7.34962239583332	6.994104821994611
7.44962239583332	7.078320881202295
7.549622395833319	7.164010743003519
7.649622395833319	7.251168063191506
7.749622395833319	7.339735726001163
7.849622395833318	7.429653396330161
7.949622395833318	7.520881981282374
8.049622395833318	7.613390771799442
8.149622395833317	7.707071241059826
8.249622395833317	7.8019127863144995
8.349622395833316	7.897852687805683
8.449622395833316	7.9948179044378564
8.549622395833316	8.092728898481212
8.55	8.093100528825195
1000008.55	8.093100528825195
