-100001.1	0
0	0
0.0033333333333334103	0.001451483496228998
0.008333333333333304	0.0036392317740014555
0.015833333333333366	0.006944500747531215
0.027083333333333348	0.011956131596335557
0.04395833333333332	0.019618535787936237
0.06927083333333339	0.03141954485017309
0.1072395833333335	0.04973569980613322
0.16419270833333344	0.07846639833823423
0.24962239583333345	0.12423851206589133
0.34962239583333354	0.18170544873050562
0.44962239583333363	0.24309805767329948
0.5496223958333337	0.3081797422333209
0.6496223958333338	0.3766984460389302
0.7496223958333339	0.4484547545999529
0.849622395833334	0.5233215843380755
0.9496223958333339	0.6010663865127298
1.049622395833334	0.6816079639259879
1.149622395833334	0.7647577824698827
1.2496223958333341	0.8503751406210386
1.3496223958333342	0.9383151297194039
1.4496223958333343	1.0284579603659905
1.5496223958333344	1.1208006154298544
1.6496223958333345	1.2151868431488717
1.7496223958333346	1.31153073923111
1.8496223958333347	1.4098227376393209
1.9496223958333347	1.5099413094791398
2.049622395833335	1.6118479343258438
2.149622395833335	1.7154923949919891
2.249622395833335	1.820814190711599
2.349622395833335	1.9277960345325234
2.449622395833335	2.0363844119957215
2.5496223958333353	2.1465631436965578
2.6496223958333354	2.258311886478077
2.7496223958333355	2.3716013164737397
2.8496223958333355	2.4864322396269842
2.9496223958333356	2.6027941973074515
3.0496223958333353	2.720674483136406
3.149622395833335	2.840059565534081
3.2496223958333346	2.960967203757224
3.349622395833334	3.083409124353961
3.449622395833334	3.207367976390244
3.5496223958333335	3.332830479880931
3.649622395833333	3.459844220270462
3.749622395833333	3.5884023498018833
3.8496223958333324	3.7185619410335398
3.949622395833332	3.8503079979742854
4.049622395833332	3.9836304765373884
4.149622395833331	4.1186040611142465
4.249622395833331	4.255216829265779
4.349622395833331	4.393463147058351
4.44962239583333	4.533396456583487
4.54962239583333	4.675047628598252
4.64962239583333	4.818428912469672
4.749622395833329	4.963573321134318
4.849622395833329	5.110537009296601
4.9496223958333285	5.259331905121715
5.049622395833328	5.409920968994237
5.149622395833328	5.562388066232009
5.2496223958333275	5.673791884433997
5.349622395833327	5.712696118622174
5.449622395833327	5.753474095330223
5.549622395833326	5.796208497562051
5.649622395833326	5.840867264991179
5.749622395833326	5.887533515910777
5.849622395833325	5.936210898198093
5.949622395833325	5.98687021296777
6.049622395833325	6.039506441437199
6.149622395833324	6.094173422997293
6.249622395833324	6.15084680619335
6.3496223958333236	6.209529087518956
6.449622395833323	6.27023932374279
6.549622395833323	6.332993335935634
6.6496223958333225	6.397767630988178
6.749622395833322	6.464557812747999
6.849622395833322	6.533361296964829
6.949622395833321	6.6041470664566715
7.049622395833321	6.676841894456103
7.149622395833321	6.751508312615245
7.24962239583332	6.8280807036315725
7.34962239583332	6.9065379478463305
7.44962239583332	6.986896413783085
7.549622395833319	7.069072338730455
7.649622395833319	7.153047034388549
7.749622395833319	7.238779417248371
7.849622395833318	7.326178981627747
7.949622395833318	7.415204874644731
8.049622395833318	7.505905765178035
8.149622395833317	7.598113495487144
8.249622395833317	7.691807206514095
8.349622395833316	7.786943824386978
8.449622395833316	7.883430422769525
8.549622395833316	7.981180800952423
8.55	7.981552429053327
1000008.55	7.981552429053327
