-100001.1	0
0	0
0.0033333333333334103	0.0014398716727681052
0.008333333333333304	0.003610483129405482
0.015833333333333366	0.006890656810866146
0.027083333333333348	0.0118665000684161
0.04395833333333332	0.01947597492572695
0.06927083333333339	0.031200113379873485
0.1072395833333335	0.04940909410962813
0.16419270833333344	0.0780024440096318
0.24962239583333345	0.12361294920281547
0.34962239583333354	0.18095750646675
0.44962239583333363	0.24229267992205034
0.5496223958333337	0.3073643923980786
0.6496223958333338	0.37594390365718355
0.7496223958333339	0.4478031325147364
0.849622395833334	0.5227885285487044
0.9496223958333339	0.6006683436599922
1.049622395833334	0.6813711232353947
1.149622395833334	0.7646993532887547
1.2496223958333341	0.8505104386814357
1.3496223958333342	0.9386682744182937
1.4496223958333343	1.0290310231730788
1.5496223958333344	1.1215964328816435
1.6496223958333345	1.2162359795244941
1.7496223958333346	1.3128387758381763
1.8496223958333347	1.411400688494485
1.9496223958333347	1.5118199723909664
2.049622395833335	1.61404065216921
2.149622395833335	1.7180167257570422
2.249622395833335	1.8236934989445643
2.349622395833335	1.931061796624905
2.449622395833335	2.0401024154939917
2.5496223958333353	2.150772462942384
2.6496223958333354	2.2630601952655405
2.7496223958333355	2.376959387307199
2.8496223958333355	2.4924680133672865
2.9496223958333356	2.6095810441451905
3.0496223958333353	2.7282860371301036
3.149622395833335	2.8485705035515125
3.2496223958333346	2.9704608361022298
3.349622395833334	3.093994134193241
3.449622395833334	3.219147228852298
3.5496223958333335	3.345917893963448
3.649622395833333	3.4743625323318157
3.749622395833333	3.6044919481036395
3.8496223958333324	3.736360709427628
3.949622395833332	3.8699354216166024
4.049622395833332	4.005297566045858
4.149622395833331	4.142469555785852
4.249622395833331	4.281417603081048
4.349622395833331	4.422221522713142
4.44962239583333	4.564905416614231
4.54962239583333	4.709501297655016
4.64962239583333	4.856100935232535
4.749622395833329	5.004656658453778
4.849622395833329	5.155180720817425
4.9496223958333285	5.3077546018592185
5.049622395833328	5.462387546294625
5.149622395833328	5.619169676193556
5.2496223958333275	5.7293945381949785
5.349622395833327	5.75738260892814
5.449622395833327	5.787499575458263
5.549622395833326	5.819849209235819
5.649622395833326	5.854422346513605
5.749622395833326	5.891281877793984
5.849622395833325	5.930497012400018
5.949622395833325	5.9720033419334655
6.049622395833325	6.015837501661699
6.149622395833324	6.0619946040129085
6.249622395833324	6.11053284175388
6.3496223958333236	6.161471391665242
6.449622395833323	6.214766471477326
6.549622395833323	6.270374278022521
6.6496223958333225	6.328249261804678
6.749622395833322	6.388421820114857
6.849622395833322	6.450957458049394
6.949622395833321	6.515919506033164
7.049622395833321	6.583236206085421
7.149622395833321	6.652856300772017
7.24962239583332	6.724756603919951
7.34962239583332	6.79888733147777
7.44962239583332	6.875284263810028
7.549622395833319	6.953854081452469
7.649622395833319	7.034588200886151
7.749622395833319	7.117427762549177
7.849622395833318	7.202291010089002
7.949622395833318	7.289130777087646
8.049622395833318	7.377986731940444
8.149622395833317	7.468693796340494
8.249622395833317	7.561229758557101
8.349622395833316	7.655546232168649
8.449622395833316	7.751543662834126
8.549622395833316	7.849131278089186
8.55	7.849502903899539
1000008.55	7.849502903899539
