-100001.1	0
0	0
0.0033333333333334103	0.0013188861604684792
0.008333333333333304	0.0033092965744275313
0.015833333333333366	0.006322117520714287
0.027083333333333348	0.010902288084291873
0.04395833333333332	0.017916309646962062
0.06927083333333339	0.028746977746400785
0.1072395833333335	0.04563260543476128
0.16419270833333344	0.07231014852446507
0.24962239583333345	0.11516996553790862
0.34962239583333354	0.1694319325615157
0.44962239583333363	0.2278031469624436
0.5496223958333337	0.2900591900071774
0.6496223958333338	0.35590895299162856
0.7496223958333339	0.4251400939310395
0.849622395833334	0.49750206668700825
0.9496223958333339	0.5727943289788612
1.049622395833334	0.6508302827031339
1.149622395833334	0.7314202290726232
1.2496223958333341	0.8144615778484448
1.3496223958333342	0.8998102271282032
1.4496223958333343	0.9873187872847351
1.5496223958333344	1.076949478333237
1.6496223958333345	1.168564044851619
1.7496223958333346	1.2621373241990466
1.8496223958333347	1.35756462245629
1.9496223958333347	1.4548336033027576
2.049622395833335	1.5538596455711515
2.149622395833335	1.654649554974648
2.249622395833335	1.7571780203496532
2.349622395833335	1.8614194865818112
2.449622395833335	1.9673849445270468
2.5496223958333353	2.075082278672668
2.6496223958333354	2.174720438841256
2.7496223958333355	2.261186523719296
2.8496223958333355	2.3494308675799127
2.9496223958333356	2.439481307012391
3.0496223958333353	2.5313612792442894
3.149622395833335	2.6251330936460078
3.2496223958333346	2.7208321171879963
3.349622395833334	2.818506668545112
3.449622395833334	2.9182636521067926
3.5496223958333335	3.0200985456296316
3.649622395833333	3.1240180791075924
3.749622395833333	3.230151471239624
3.8496223958333324	3.3385456493949737
3.949622395833332	3.449289181029307
4.049622395833332	3.5624589976184873
4.149622395833331	3.678128918593107
4.249622395833331	3.7963337594963775
4.349622395833331	3.9172112535957218
4.44962239583333	4.040753633545911
4.54962239583333	4.167097893405993
4.64962239583333	4.2963146431543136
4.749622395833329	4.42847976661049
4.849622395833329	4.5636728594947265
4.9496223958333285	4.7019847524671015
5.049622395833328	4.843525608325774
5.149622395833328	4.988319427726996
5.2496223958333275	5.094807995979568
5.349622395833327	5.132505068869
5.449622395833327	5.1737038563357185
5.549622395833326	5.2185158912972085
5.649622395833326	5.266936388882986
5.749622395833326	5.319132080396066
5.849622395833325	5.375107851505293
5.949622395833325	5.434959050689122
6.049622395833325	5.498747266911001
6.149622395833324	5.566539195396876
6.249622395833324	5.638382739596072
6.3496223958333236	5.714381553130807
6.449622395833323	5.794534395138564
6.549622395833323	5.878875906795017
6.6496223958333225	5.9674375282724075
6.749622395833322	6.060267332984937
6.849622395833322	6.157400955666567
6.949622395833321	6.25882388830876
7.049622395833321	6.364573925757426
7.149622395833321	6.474615454420816
7.24962239583332	6.58892289295195
7.34962239583332	6.707512296960901
7.44962239583332	6.830355889567546
7.549622395833319	6.957381266195069
7.649622395833319	7.08860998782681
7.749622395833319	7.223940524444749
7.849622395833318	7.363320123728367
7.949622395833318	7.506639681323339
8.049622395833318	7.6538793049604665
8.149622395833317	7.8049158286893245
8.249622395833317	7.959659641593705
8.349622395833316	8.118019133948529
8.449622395833316	8.279913961802553
8.549622395833316	8.445215125832497
8.55	8.445845764174974
1000008.55	8.445845764174974
