-100001.1	0
0	0
0.0033333333333334103	0.0013031800916084885
0.008333333333333304	0.0032699383470600712
0.015833333333333366	0.006247417262118721
0.027083333333333348	0.01077654607324736
0.04395833333333332	0.01771430930547744
0.06927083333333339	0.028429700436434856
0.1072395833333335	0.0451377195214927
0.16419270833333344	0.07153306880362567
0.24962239583333345	0.1139539850168343
0.34962239583333354	0.1676891954845097
0.44962239583333363	0.2255040399247086
0.5496223958333337	0.2871485997063558
0.6496223958333338	0.35227861566072305
0.7496223958333339	0.4207577936742354
0.849622395833334	0.49230152645819797
0.9496223958333339	0.5667486009733661
1.049622395833334	0.6438699993228078
1.149622395833334	0.7234854173072184
1.2496223958333341	0.8054855202636705
1.3496223958333342	0.8897205294600996
1.4496223958333343	0.9760486863622869
1.5496223958333344	1.0644234963893828
1.6496223958333345	1.1547292929928796
1.7496223958333346	1.2469170684690019
1.8496223958333347	1.340883227318327
1.9496223958333347	1.4366259152174061
2.049622395833335	1.534061674031586
2.149622395833335	1.6331769587380154
2.249622395833335	1.7339970495430395
2.349622395833335	1.8365027829928533
2.449622395833335	1.9406739766542171
2.5496223958333353	2.0465315346948887
2.6496223958333354	2.138041348092903
2.7496223958333355	2.206830692173145
2.8496223958333355	2.2773765878055707
2.9496223958333356	2.349690405035544
3.0496223958333353	2.4238411078626836
3.149622395833335	2.499897654526654
3.2496223958333346	2.5778680322702683
3.349622395833334	2.6577846778046217
3.449622395833334	2.739756534569363
3.5496223958333335	2.823828936923503
3.649622395833333	2.9100682085678984
3.749622395833333	2.998567023911936
3.8496223958333324	3.0893737426918957
3.949622395833332	3.1825938062698733
4.049622395833332	3.2782852702324914
4.149622395833331	3.376571162626865
4.249622395833331	3.4774599142725946
4.349622395833331	3.581120312973188
4.44962239583333	3.687557675737124
4.54962239583333	3.7969165343818543
4.64962239583333	3.9092727432184042
4.749622395833329	4.024708748229842
4.849622395833329	4.1433183287913895
4.9496223958333285	4.265168447703234
5.049622395833328	4.390425158450374
5.149622395833328	4.519106406696217
5.2496223958333275	4.615594694358525
5.349622395833327	4.65384010941622
5.449622395833327	4.695775191806451
5.549622395833326	4.741568672175927
5.649622395833326	4.791210412940303
5.749622395833326	4.844849170035338
5.849622395833325	4.9025227041108765
5.949622395833325	4.964363888134776
6.049622395833325	5.030423070095735
6.149622395833324	5.1007902070941
6.249622395833324	5.175514996245995
6.3496223958333236	5.254689756702594
6.449622395833323	5.338350837968421
6.549622395833323	5.426544848582762
6.6496223958333225	5.519314734571517
6.749622395833322	5.616724304393743
6.849622395833322	5.718774336298599
6.949622395833321	5.82549694442633
7.049622395833321	5.936898376070973
7.149622395833321	6.053022592880316
7.24962239583332	6.1738461655126615
7.34962239583332	6.299354025790845
7.44962239583332	6.429527446142441
7.549622395833319	6.564286606394539
7.649622395833319	6.703640303370225
7.749622395833319	6.847501635641019
7.849622395833318	6.995819418206953
7.949622395833318	7.148471541347655
8.049622395833318	7.30545235392595
8.149622395833317	7.466613414709263
8.249622395833317	7.631880654485853
8.349622395833316	7.801128065092747
8.449622395833316	7.974299458665752
8.549622395833316	8.151226123090215
8.55	8.151901257497418
1000008.55	8.151901257497418
