-100001.1	0
0	0
0.0033333333333334103	0.0012972978675281253
0.008333333333333304	0.0032549295667611733
0.015833333333333366	0.006218107016638303
0.027083333333333348	0.010724784345002765
0.04395833333333332	0.017624526958411917
0.06927083333333339	0.028278129524395613
0.1072395833333335	0.04488541060354524
0.16419270833333344	0.07111063186179713
0.24962239583333345	0.11325324037629175
0.34962239583333354	0.16659699154318217
0.44962239583333363	0.224007001015811
0.5496223958333337	0.28517162210986735
0.6496223958333338	0.3497955423272897
0.7496223958333339	0.41765239067859955
0.849622395833334	0.4884527213697575
0.9496223958333339	0.5620741602299347
1.049622395833334	0.6382839035543884
1.149622395833334	0.7169352916501757
1.2496223958333341	0.7978798232324746
1.3496223958333342	0.8809637463064898
1.4496223958333343	0.9660551125936662
1.5496223958333344	1.0530918623800996
1.6496223958333345	1.141983491714727
1.7496223958333346	1.2326409107652692
1.8496223958333347	1.3249764044572554
1.9496223958333347	1.4190178872025114
2.049622395833335	1.5146826902628328
2.149622395833335	1.6119392042963063
2.249622395833335	1.710813717445462
2.349622395833335	1.8113151633849165
2.449622395833335	1.913413299312337
2.5496223958333353	2.017126516134861
2.6496223958333354	2.1001773814930864
2.7496223958333355	2.150926720579952
2.8496223958333355	2.203387574616905
2.9496223958333356	2.2575782312688744
3.0496223958333353	2.313553361779646
3.149622395833335	2.3714100947985295
3.2496223958333346	2.431170393270825
3.349622395833334	2.4928546113756607
3.449622395833334	2.5565877012307743
3.5496223958333335	2.6224129262454574
3.649622395833333	2.6904185623966073
3.749622395833333	2.7606832864897264
3.8496223958333324	2.833288086828512
3.949622395833332	2.908320939735645
4.049622395833332	2.9858654254979617
4.149622395833331	3.0660498452854394
4.249622395833331	3.148900942703986
4.349622395833331	3.2345772531419716
4.44962239583333	3.3231285452259844
4.54962239583333	3.414671062236404
4.64962239583333	3.5093327335764197
4.749622395833329	3.60714855459386
4.849622395833329	3.7082821739068836
4.9496223958333285	3.8127847270617488
5.049622395833328	3.920818196751852
5.149622395833328	4.0324321909722105
5.2496223958333275	4.11788274343776
5.349622395833327	4.155563066686384
5.449622395833327	4.197143994357398
5.549622395833326	4.242821419854369
5.649622395833326	4.292582737899828
5.749622395833326	4.346541188121358
5.849622395833325	4.404796535145606
5.949622395833325	4.467442672068155
6.049622395833325	4.53460071385818
6.149622395833324	4.606295721746505
6.249622395833324	4.682636061924518
6.3496223958333236	4.763637930225838
6.449622395833323	4.8494448548361095
6.549622395833323	4.940166123065713
6.6496223958333225	5.035803846957528
6.749622395833322	5.1364147748459335
6.849622395833322	5.24203519356596
6.949622395833321	5.352696113690419
7.049622395833321	5.468402461357574
7.149622395833321	5.589191480769142
7.24962239583332	5.715052865122546
7.34962239583332	5.845993256828602
7.44962239583332	5.982008841896488
7.549622395833319	6.12303467434512
7.649622395833319	6.269025651889066
7.749622395833319	6.419933970479154
7.849622395833318	6.57568829173575
7.949622395833318	6.736168793579944
8.049622395833318	6.901354484549698
8.149622395833317	7.071101568015892
8.249622395833317	7.245317175800159
8.349622395833316	7.423879236997484
8.449622395833316	7.606683811481709
8.549622395833316	7.7935860220264574
8.55	7.794299571689754
1000008.55	7.794299571689754
