-100001.1	0
0	0
0.0033333333333334103	0.0012999667209258189
0.008333333333333304	0.0032622843030110874
0.015833333333333366	0.006233858038589011
0.027083333333333348	0.010753801044825708
0.04395833333333332	0.017670979977980235
0.06927083333333339	0.02834926128673147
0.1072395833333335	0.04498241090720398
0.16419270833333344	0.07121698024618213
0.24962239583333345	0.11332659131323886
0.34962239583333354	0.16656896613562525
0.44962239583333363	0.2237694999536344
0.5496223958333337	0.2846327003306228
0.6496223958333338	0.34890087445538004
0.7496223958333339	0.41628391931599446
0.849622395833334	0.4865054110187098
0.9496223958333339	0.5594459554876575
1.049622395833334	0.6348544459838877
1.149622395833334	0.7126043356673067
1.2496223958333341	0.7925318990015375
1.3496223958333342	0.8744807035405832
1.4496223958333343	0.958329264352563
1.5496223958333344	1.0439975160474049
1.6496223958333345	1.1314133930116934
1.7496223958333346	1.2204829216330393
1.8496223958333347	1.3111119846816899
1.9496223958333347	1.403332430734807
2.049622395833335	1.4970821817909223
2.149622395833335	1.5923134009926618
2.249622395833335	1.6890552042390126
2.349622395833335	1.7873284991170335
2.449622395833335	1.8871088699494818
2.5496223958333353	1.9884150961150235
2.6496223958333354	2.062718123490125
2.7496223958333355	2.0951032406018544
2.8496223958333355	2.1291405716865723
2.9496223958333356	2.1648552358383353
3.0496223958333353	2.2022670430497837
3.149622395833335	2.2414680595413685
3.2496223958333346	2.2825260219825734
3.349622395833334	2.325504260676345
3.449622395833334	2.3705129926125728
3.5496223958333335	2.4176145426525566
3.649622395833333	2.4668346760455884
3.749622395833333	2.5183414980464294
3.8496223958333324	2.572185851014113
3.949622395833332	2.6284192071068317
4.049622395833332	2.687230197467146
4.149622395833331	2.748645193293314
4.249622395833331	2.8127648812104464
4.349622395833331	2.8797670026398206
4.44962239583333	2.9496569966731627
4.54962239583333	3.0226168146682655
4.64962239583333	3.0987714885467788
4.749622395833329	3.1781325553235007
4.849622395833329	3.2608912615112953
4.9496223958333285	3.3471063925177362
5.049622395833328	3.436923078223972
5.149622395833328	3.5304888746235474
5.2496223958333275	3.6039810309161533
5.349622395833327	3.640166766118606
5.449622395833327	3.68039493346613
5.549622395833326	3.724853842305714
5.649622395833326	3.7736189760371666
5.749622395833326	3.826725714760522
5.849622395833325	3.8843365463787185
5.949622395833325	3.9465560136241766
6.049622395833325	4.013530502081748
6.149622395833324	4.085293544971106
6.249622395833324	4.1619704717754695
6.3496223958333236	4.243574791014328
6.449622395833323	4.3302482705631045
6.549622395833323	4.422130233897542
6.6496223958333225	4.519222490100117
6.749622395833322	4.621587573365568
6.849622395833322	4.729324826557425
6.949622395833321	4.842467896646397
7.049622395833321	4.961012823004996
7.149622395833321	5.085002529991982
7.24962239583332	5.214448604106929
7.34962239583332	5.34934747371973
7.44962239583332	5.4896847163697755
7.549622395833319	5.635412197965815
7.649622395833319	5.786499855318948
7.749622395833319	5.9428989246537745
7.849622395833318	6.104510678585121
7.949622395833318	6.271209035265829
8.049622395833318	6.442994036268498
8.149622395833317	6.619695385242166
8.249622395833317	6.801233331436767
8.349622395833316	6.987455390844469
8.449622395833316	7.17827239751335
8.549622395833316	7.37351726384035
8.55	7.374262924612063
1000008.55	7.374262924612063
