-100001.1	0
0	0
0.0033333333333334103	0.0013173282284417416
0.008333333333333304	0.0033058020062824178
0.015833333333333366	0.00631597063184611
0.027083333333333348	0.010892020981618514
0.04395833333333332	0.017887137146870024
0.06927083333333339	0.028665510937305433
0.1072395833333335	0.045435252244337136
0.16419270833333344	0.07187279357731023
0.24962239583333345	0.11422206321256274
0.34962239583333354	0.1676592059143179
0.44962239583333363	0.22493937129752217
0.5496223958333337	0.2857499956245121
0.6496223958333338	0.349872772189923
0.7496223958333339	0.41700184042351196
0.849622395833334	0.48690014645863516
0.9496223958333339	0.5593347480815274
1.049622395833334	0.634088719762192
1.149622395833334	0.7110507049160809
1.2496223958333341	0.7900484633085404
1.3496223958333342	0.8709267079980136
1.4496223958333343	0.9535790325368309
1.5496223958333344	1.0378974647894021
1.6496223958333345	1.1238283272072902
1.7496223958333346	1.2112771501734767
1.8496223958333347	1.30014352822098
1.9496223958333347	1.390461135118094
2.049622395833335	1.4821889287174208
2.149622395833335	1.575263985993713
2.249622395833335	1.669721606069654
2.349622395833335	1.7655884853392745
2.449622395833335	1.8628476796225137
2.5496223958333353	1.961520915845414
2.6496223958333354	2.030640643908172
2.7496223958333355	2.0540068003375302
2.8496223958333355	2.0789006567892643
2.9496223958333356	2.1053825445102636
3.0496223958333353	2.1335013206243905
3.149622395833335	2.1633335494500834
3.2496223958333346	2.1949415443651024
3.349622395833334	2.2284083890936013
3.449622395833334	2.263832970507937
3.5496223958333335	2.3013104784953993
3.649622395833333	2.3408628934626643
3.749622395833333	2.3826480253152416
3.8496223958333324	2.426757077938994
3.949622395833332	2.4732212896638748
4.049622395833332	2.5222452063136367
4.149622395833331	2.573885603863357
4.249622395833331	2.6282040627269474
4.349622395833331	2.6854260712631985
4.44962239583333	2.7455697927370846
4.54962239583333	2.8087537390913746
4.64962239583333	2.875192367486102
4.749622395833329	2.944900379708234
4.849622395833329	3.018069665284706
4.9496223958333285	3.0947853526976754
5.049622395833328	3.1751150622489366
5.149622395833328	3.2593012902251304
5.2496223958333275	3.3259607681044487
5.349622395833327	3.359639555561585
5.449622395833327	3.3974953790285785
5.549622395833326	3.4396744764837828
5.649622395833326	3.486353595270428
5.749622395833326	3.53753440889885
5.849622395833325	3.593412153532141
5.949622395833325	3.6540195449124337
6.049622395833325	3.7195323189148897
6.149622395833324	3.7900625911599466
6.249622395833324	3.86576366792589
6.3496223958333236	3.946679331317982
6.449622395833323	4.032917341868241
6.549622395833323	4.12462220723503
6.6496223958333225	4.221847063257577
6.749622395833322	4.324668932538184
6.849622395833322	4.433110868431754
6.949622395833321	4.547300308648197
7.049622395833321	4.667212996344207
7.149622395833321	4.792914423348002
7.24962239583332	4.924407151180954
7.34962239583332	5.061695020732904
7.44962239583332	5.204795768958205
7.549622395833319	5.353658983539704
7.649622395833319	5.508259832698969
7.749622395833319	5.668543628342387
7.849622395833318	5.834418985689513
7.949622395833318	6.005754299730186
8.049622395833318	6.182526985310809
8.149622395833317	6.364569005665175
8.249622395833317	6.551787094089244
8.349622395833316	6.744019874463151
8.449622395833316	6.941170315685563
8.549622395833316	7.143052168430676
8.55	7.143823406868275
1000008.55	7.143823406868275
