-100000	0
0	0
0.0033333333333333335	0.00000000000000000000000000000002484449628259534
0.008333333333333333	0.000000000000000000000000000000006933347799794049
0.01583333333333333	0.000000000000000000000000000000009244463733058732
0.02708333333333333	0.000000000000000000000000000000010785207688568521
0.043958333333333335	0
0.06927083333333334	0.00000000000000000000000000000001232595164407831
0.10723958333333333	0.000000000000000000000000000000006162975822039155
0.16419270833333333	0.00000000000000000000000000000003697785493223493
0.24962239583333334	0.00000000000000000000000000000006162975822039155
0.3496223958333333	0.00000000000000000000000000000003697785493223493
0.4496223958333333	0.00000000000000000000000000000011093356479670479
0.5496223958333333	0.00000000000000000000000000000017256332301709633
0.6496223958333333	0.00000000000000000000000000000002465190328815662
0.7496223958333332	0.00000000000000000000000000000008628166150854817
0.8496223958333332	0.00000000000000000000000000000016023737137301802
0.9496223958333332	0.0000000000000000000000000000002465190328815662
1.0496223958333333	0.00000000000000000000000000000002465190328815662
1.1000000000000003	0.00000000000000000000000000000009860761315262648
1000001.1	0.00000000000000000000000000000009860761315262648
