-100000	0
0	0
0.0033333333333333335	0.01938759187170851
0.008333333333333333	0.048468982233613817
0.01583333333333333	0.09209107413327003
0.02708333333333333	0.15752422494241355
0.043958333333333335	0.25567398088547433
0.06927083333333334	0.4028986816777033
0.10723958333333333	0.6237358832955471
0.16419270833333333	0.9549920160612024
0.24962239583333334	1.451876975314481
0.3496223958333333	2.033508540475402
0.4496223958333333	2.6151412961688947
0.5496223958333333	3.1967752368131537
0.6496223958333333	3.7784102009615452
0.7496223958333332	4.360046031260656
0.8496223958333332	4.941682777913142
0.9496223958333332	5.523320432508209
1.0496223958333333	6.10495900019885
1.100000000005821	6.397980421742441
1000001.1	6.397980421742441
