-100000	0
0	0
0.0033333333333333335	0.019387637607376045
0.008333333333333333	0.04846909605934548
0.01583333333333333	0.09209128867733839
0.02708333333333333	0.15752458769657438
0.043958333333333335	0.2556745594997903
0.06927083333333334	0.4028995695719432
0.10723958333333333	0.6237372025067184
0.16419270833333333	0.9549939091664277
0.24962239583333334	1.451879572619811
0.3496223958333333	2.0335116517727716
0.4496223958333333	2.6151446783327863
0.5496223958333333	3.196778693206102
0.6496223958333333	3.7784137171054093
0.7496223958333332	4.360049701961132
0.8496223958333332	4.941686668957369
0.9496223958333332	5.523324613690546
1.0496223958333333	6.10496353908614
1.100000000005821	6.397980609343449
1000001.1	6.397980609343449
