-100000	0
0	0
0.0033333333333333335	0.019387545214437547
0.008333333333333333	0.04846886546150134
0.01583333333333333	0.09209085128932953
0.02708333333333333	0.15752384231007138
0.043958333333333335	0.25567335646970396
0.06927083333333334	0.402897689875928
0.10723958333333333	0.6237343298692843
0.16419270833333333	0.9549896321448511
0.24962239583333334	1.45187326860744
0.3496223958333333	2.033503159529761
0.4496223958333333	2.6151342348794047
0.5496223958333333	3.1967664477700053
0.6496223958333333	3.7783998541700874
0.7496223958333332	4.360034400322621
0.8496223958333332	4.941670095874821
0.9496223958333332	5.523306982733115
1.0496223958333333	6.104945036905551
1.100000000005821	6.397969138670021
1000001.1	6.397969138670021
