-100000	0
0	0
0.0033333333333333335	0.01938756541981198
0.008333333333333333	0.04846891643335487
0.01583333333333333	0.09209094944251282
0.02708333333333333	0.15752401355695794
0.043958333333333335	0.25567364876088483
0.06927083333333334	0.4028981701488937
0.10723958333333333	0.6237351189741183
0.16419270833333333	0.954990917359799
0.24962239583333334	1.4518753955798869
0.3496223958333333	2.0335064502996287
0.4496223958333333	2.615138660047766
0.5496223958333333	3.1967718167973733
0.6496223958333333	3.778406259793032
0.7496223958333332	4.360041700726732
0.8496223958333332	4.9416782418001155
0.9496223958333332	5.523315856300492
1.0496223958333333	6.104954628530767
1.100000000005821	6.3979721613391245
1000001.1	6.3979721613391245
