-100000	0
0	0
0.0033333333333333335	0.019387202158891836
0.008333333333333333	0.04846800985336041
0.01583333333333333	0.09208923142160957
0.02708333333333333	0.15752108633457096
0.043958333333333335	0.25566891946823384
0.06927083333333334	0.4028907833980123
0.10723958333333333	0.6237238804700247
0.16419270833333333	0.954974001416487
0.24962239583333334	1.4518505546435811
0.3496223958333333	2.0334730172541406
0.4496223958333333	2.615097778866375
0.5496223958333333	3.1967245840862444
0.6496223958333333	3.7783535075829926
0.7496223958333332	4.359984566510364
0.8496223958333332	4.941617734879746
0.9496223958333332	5.52325309593013
1.0496223958333333	6.104890602411065
1.100000000005821	6.397910001227832
1000001.1	6.397910001227832
