-100000	0
0	0
0.0033333333333333335	0.0193873878524886
0.008333333333333333	0.04846847311343269
0.01583333333333333	0.09209010883984182
0.02708333333333333	0.15752258005825104
0.043958333333333335	0.2556713265508757
0.06927083333333334	0.40289453553681664
0.10723958333333333	0.6237295589496288
0.16419270833333333	0.954982537290186
0.24962239583333334	1.451863021649113
0.3496223958333333	2.0334896167669814
0.4496223958333333	2.6151179341209794
0.5496223958333333	3.19674790805773
0.6496223958333333	3.7783794543988316
0.7496223958333332	4.360012750947793
0.8496223958333332	4.941647712460603
0.9496223958333332	5.523284363253351
1.0496223958333333	6.104922687488059
1.100000000005821	6.397938806240887
1000001.1	6.397938806240887
