-100000	0
0	0
0.0033333333333333335	0.019387669768576424
0.008333333333333333	0.04846917630317998
0.01583333333333333	0.09209144033895227
0.02708333333333333	0.15752484591867097
0.043958333333333335	0.25567497572140513
0.06927083333333334	0.40290021864850145
0.10723958333333333	0.6237382564593151
0.16419270833333333	0.954995502471283
0.24962239583333334	1.4518819294651057
0.3496223958333333	2.033514493396556
0.4496223958333333	2.6151483729184775
0.5496223958333333	3.1967830226380345
0.6496223958333333	3.778417940707487
0.7496223958333332	4.360054265557209
0.8496223958333332	4.941691441362436
0.9496223958333332	5.523329520241767
1.0496223958333333	6.104968685416385
1.100000000005821	6.397985162539057
1000001.1	6.397985162539057
