-100000	0
0	0
0.0033333333333333335	0.019387817020573708
0.008333333333333333	0.04846954357982132
0.01583333333333333	0.09209213573276967
0.02708333333333333	0.15752602916956876
0.043958333333333335	0.2556768810437462
0.06927083333333334	0.4029031852307373
0.10723958333333333	0.623742741198947
0.16419270833333333	0.9550021235830143
0.24962239583333334	1.4518915187309391
0.3496223958333333	2.033527527583292
0.4496223958333333	2.615164142733981
0.5496223958333333	3.1968010348766143
0.6496223958333333	3.778438609558875
0.7496223958333332	4.360076600062899
0.8496223958333332	4.94171508204079
0.9496223958333332	5.523354030346077
1.0496223958333333	6.10499355840321
1.100000000005821	6.3980098010346405
1000001.1	6.3980098010346405
