-100000	0
0	0
0.0033333333333333335	0.019387375702476107
0.008333333333333333	0.04846844285464647
0.01583333333333333	0.09209005010508028
0.02708333333333333	0.15752247887468143
0.043958333333333335	0.2556711603613473
0.06927083333333334	0.402894268864583
0.10723958333333333	0.6237291258207467
0.16419270833333333	0.954981927459535
0.24962239583333334	1.4518621178756295
0.3496223958333333	2.0334882057114876
0.4496223958333333	2.6151159873501046
0.5496223958333333	3.1967456549897255
0.6496223958333333	3.7783766407447255
0.7496223958333332	4.360009335432657
0.8496223958333332	4.941643631138799
0.9496223958333332	5.523279643447168
1.0496223958333333	6.1049172917557675
1.100000000005821	6.3979408990534195
1000001.1	6.3979408990534195
