-100000	0
0	0
0.0033333333333333335	0.019387722799866173
0.008333333333333333	0.048469308644411284
0.01583333333333333	0.09209169111140107
0.02708333333333333	0.15752527313557113
0.043958333333333335	0.2556756648943864
0.06927083333333334	0.4029012946390155
0.10723958333333333	0.6237398339300472
0.16419270833333333	0.9549977765065779
0.24962239583333334	1.4518852434881753
0.3496223958333333	2.0335194878270353
0.4496223958333333	2.6151542216262325
0.5496223958333333	3.196789762406442
0.6496223958333333	3.778426360816331
0.7496223958333332	4.360063277544746
0.8496223958333332	4.941700792423046
0.9496223958333332	5.523338836502308
1.0496223958333333	6.104977464013652
1.100000000005821	6.398001502798302
1000001.1	6.398001502798302
