-100000	0
0	0
0.0033333333333333335	0.019387999999998785
0.008333333333333333	0.04846999999999848
0.01583333333333333	0.09209299999999832
0.02708333333333333	0.1575274999999972
0.043958333333333335	0.2556792499999977
0.06927083333333334	0.40290687499999644
0.10723958333333333	0.6237483124999917
0.16419270833333333	0.9550104687499947
0.24962239583333334	1.4519037031249802
0.3496223958333333	2.0335437031249843
0.4496223958333333	2.6151837031249836
0.5496223958333333	3.196823703124962
0.6496223958333333	3.7784637031249733
0.7496223958333332	4.360103703124969
0.8496223958333332	4.941743703124952
0.9496223958333332	5.523383703124998
1.0496223958333333	6.105023703124956
1.100000000005821	6.398040000001084
1000001.1	6.398040000001084
