-100000	0
0	0
0.0033333333333333335	0.019387931682341552
0.008333333333333333	0.04846982959003614
0.01583333333333333	0.09209267731606005
0.02708333333333333	0.15752695085043103
0.043958333333333335	0.2556783697717052
0.06927083333333334	0.40290550423864424
0.10723958333333333	0.6237462283106742
0.16419270833333333	0.9550073647473033
0.24962239583333334	1.451899137328101
0.3496223958333333	2.0335376576152586
0.4496223958333333	2.6151763988717383
0.5496223958333333	3.196815231078046
0.6496223958333333	3.7784542861292927
0.7496223958333332	4.3600935319804535
0.8496223958333332	4.941732966753923
0.9496223958333332	5.523372572128816
1.0496223958333333	6.105012395171512
1.100000000005821	6.398028710717148
1000001.1	6.398028710717148
