-100000	0
0	0
0.0033333333333333335	0.01938787849489916
0.008333333333333333	0.04846969687993441
0.01583333333333333	0.09209242590355901
0.02708333333333333	0.15752652269275993
0.043958333333333335	0.25567767519787993
0.06927083333333334	0.40290442042970226
0.10723958333333333	0.6237445806717506
0.16419270833333333	0.95500489631613
0.24962239583333334	1.4518955744393656
0.3496223958333333	2.033532883640273
0.4496223958333333	2.6151704866666377
0.5496223958333333	3.196808398981004
0.6496223958333333	3.7784465982602136
0.7496223958333332	4.360085127483564
0.8496223958333332	4.941724093977774
0.9496223958333332	5.523363254199861
1.0496223958333333	6.105002723231372
1.100000000005821	6.3980211656283785
1000001.1	6.3980211656283785
