-100000	0
0	0
0.0033333333333333335	0.019387990650345438
0.008333333333333333	0.04846997670409755
0.01583333333333333	0.09209295596034346
0.02708333333333333	0.1575274252384765
0.043958333333333335	0.255679130037013
0.06927083333333334	0.40290668920218725
0.10723958333333333	0.6237480291687616
0.16419270833333333	0.9550100508256014
0.24962239583333334	1.4519030897027614
0.3496223958333333	2.033542875271282
0.4496223958333333	2.615182696022473
0.5496223958333333	3.1968225423667973
0.6496223958333333	3.778462414304292
0.7496223958333332	4.360102311834937
0.8496223958333332	4.941742180073034
0.9496223958333332	5.523382117916823
1.0496223958333333	6.105022082007715
1.100000000005821	6.398037812575619
1000001.1	6.398037812575619
