-100007.9815	0
0	0
0.0033333333333329662	0.000000000000000000000000000000000962964972193618
0.00833333333333286	0
0.015833333333333144	0.0000000000000000000000000000000007703719777548943
0.027083333333332682	0
0.04395833333333332	0.0000000000000000000000000000000030814879110195774
0.06927083333333339	0.000000000000000000000000000000006162975822039155
0.10723958333333261	0.000000000000000000000000000000022533380349330657
0.16419270833333233	0.000000000000000000000000000000016948183510607676
0.2496223958333319	0.00000000000000000000000000000013303361090854832
0.34962239583333155	0.00000000000000000000000000000019721522630525295
0.4496223958333312	0.0000000000000000000000000000006286235338479938
0.5496223958333308	0.0000000000000000000000000000006101346063818762
0.6496223958333305	0.000000000000000000007155741210316776
0.7496223958333301	0.0000000000000000000000000000018488927466117464
0.8496223958333298	0.000000000000000000000000000005555922703568297
0.9496223958333294	0.0000000000000000000000000000004190823558986625
1.049622395833329	0.0000000000000000000000000000002465190328815662
1.1496223958333287	0.0000000000000000000000000000022063453442900174
1.2496223958333283	0.000000000000000000000000000005982323593255631
1.349622395833328	0.0000000000000000000000000000009121204216617949
1.4496223958333276	0.0000000000000000000000000000022340787354891936
1.5496223958333273	0.000000000000000000000000000011364527415840201
1.649622395833327	0.0000000000000000000000000000020507302047835287
1.6685000000000008	0.00000000000000000000000000000721838543156336
1000001.6685	0.00000000000000000000000000000721838543156336
