-100007.9815	0
0	0
0.0033333333333329662	0.007500662334747172
0.00833333333333286	0.018760405519968996
0.015833333333333144	0.035669702031984434
0.027083333333332682	0.061077913648713275
0.04395833333333332	0.09928977392884894
0.06927083333333339	0.15682937635983887
0.10723958333333261	0.2436299684375991
0.16419270833333233	0.37491249975700397
0.2496223958333319	0.5741925076259091
0.34962239583333155	0.8108952472467476
0.4496223958333312	1.0511090244331573
0.5496223958333308	1.294637201586065
0.6496223958333305	1.54129066194858
0.7496223958333301	1.7908892175174924
0.8496223958333298	2.0432612095129743
0.9496223958333294	2.298245254455308
1.049622395833329	2.5556903254318084
1.1496223958333287	2.815456310101008
1.2496223958333283	3.0774144941550134
1.349622395833328	3.3414479027779525
1.4496223958333276	3.607451526557803
1.5496223958333273	3.8753324973292376
1.649622395833327	4.145010214666263
1.6685000000000008	4.196114838266414
1000001.6685	4.196114838266414
