-100007.9815	0
0	0
0.0033333333333329662	0.0000000000000000000000000000000001925929944387236
0.00833333333333286	0.000000000000000000000000000000004622231866529366
0.015833333333333144	0.000000000000000000000000000000003851859888774472
0.027083333333332682	0.0000000000000000000000000000000053926038442842604
0.04395833333333332	0.000000000000000000000000000000005007417855406813
0.06927083333333339	0.000000000000000000000000000000005970382827600431
0.10723958333333261	0.00000000000000000000000000000009051870738620009
0.16419270833333233	0.00000000000000000000000000000006374828115921751
0.2496223958333319	0.000000000000000000000000000000018488927466117464
0.34962239583333155	0.0000000000000000000000000000002341930812374879
0.4496223958333312	0.0000000000000000000000000000002341930812374879
0.5496223958333308	0.00000000000000000000000000000262542770018868
0.6496223958333305	0.000000000000000000000000000001873544649899903
0.7496223958333301	0.00000000000000000000000000000009860761315262648
0.8496223958333298	0.000000000000000000000000000002662405555120915
0.9496223958333294	0.0000000000000000000000000000014852771731114363
1.049622395833329	0.000000000000000000000000000008529269648210532
1.1496223958333287	0.000000000000000000000000000011438483125704671
1.2496223958333283	0.000000000000000000000000000006902532920683853
1.349622395833328	0.000000000000000000000000000016903501935897892
1.4496223958333276	0.0000000000000000000000000000014872031030558234
1.5496223958333273	0.000000000000000000000000000014404415240061014
1.649622395833327	0.00000000000000000000000000002260579531523962
1.6685000000000008	0
1000001.6685	0
