-100003.71	0
0	0
0.0033333333333334103	0
0.008333333333333304	0
0.015833333333333144	0
0.027083333333333126	0
0.04395833333333332	0
0.06927083333333339	0
0.1072395833333335	0
0.16419270833333366	0
0.24962239583333368	0
0.34962239583333377	0
0.4496223958333334	0
0.549622395833333	0
0.6496223958333327	0
0.7496223958333323	0
0.849622395833332	0
0.9496223958333316	0
1.0496223958333313	0
1.149622395833331	0
1.2496223958333306	0
1.3496223958333302	0
1.4496223958333299	0
1.5496223958333295	0
1.6496223958333291	0
1.7496223958333288	0
1.8496223958333284	0
1.949622395833328	0
2.0496223958333277	0
2.1496223958333274	0
2.249622395833327	0
2.3496223958333267	0
2.4496223958333263	0
2.549622395833326	0
2.6496223958333256	0
2.7496223958333252	0
2.849622395833325	0
2.9496223958333245	0
3.049622395833324	0
3.149622395833324	0
3.2496223958333235	0
3.349622395833323	0
3.4496223958333228	0
3.5496223958333224	0
3.649622395833322	0
3.7496223958333217	0
3.8496223958333213	0
3.949622395833321	0
4.049622395833321	0
4.149622395833321	0
4.24962239583332	0
4.34962239583332	0
4.44962239583332	0
4.549622395833319	0
4.649622395833319	0
4.749622395833319	0
4.849622395833318	0
4.949622395833318	0
5.0496223958333175	0
5.149622395833317	0
5.249622395833317	0
5.3496223958333164	0
5.449622395833316	0
5.549622395833316	0
5.640000000000001	0
1000005.64	0
