-100000	0
0	0
0.0033333333333333335	0.019387878028042354
0.008333333333333333	0.04846969576556207
0.01583333333333333	0.09209242393659274
0.02708333333333333	0.1575265197137529
0.043958333333333335	0.25567767130061786
0.06927083333333334	0.4029044165025809
0.10723958333333333	0.6237445744013714
0.16419270833333333	0.9550048561965746
0.24962239583333334	1.4518956080470384
0.3496223958333333	2.0335329629869774
0.4496223958333333	2.6151706554134915
0.5496223958333333	3.1968085152123473
0.6496223958333333	3.778446823410046
0.7496223958333332	4.360085452729562
0.8496223958333332	4.941724455681352
0.9496223958333332	5.523363749161887
1.0496223958333333	6.105003463643632
1.100000000005821	6.3980198699354345
1000001.1	6.3980198699354345
