-100000	0
0	0
0.0033333333333333335	0.019387999999999156
0.008333333333333333	0.04846999999999915
0.01583333333333333	0.09209300000000008
0.02708333333333333	0.15752750000000051
0.043958333333333335	0.25567925000000147
0.06927083333333334	0.4029068750000037
0.10723958333333333	0.6237483125000068
0.16419270833333333	0.9550104687500128
0.24962239583333334	1.4519037031250128
0.3496223958333333	2.0335437031250203
0.4496223958333333	2.6151837031250325
0.5496223958333333	3.1968237031250473
0.6496223958333333	3.7784637031250425
0.7496223958333332	4.360103703125047
0.8496223958333332	4.941743703125036
0.9496223958333332	5.523383703125082
1.0496223958333333	6.105023703125077
1.100000000005821	6.398040000000457
1000001.1	6.398040000000457
