-100000	0
0	0
0.0033333333333333335	0.0193879999999992
0.008333333333333333	0.04846999999999914
0.01583333333333333	0.09209299999999995
0.02708333333333333	0.15752750000000013
0.043958333333333335	0.25567925000000113
0.06927083333333334	0.40290687500000355
0.10723958333333333	0.6237483125000073
0.16419270833333333	0.9550104687500112
0.24962239583333334	1.4519037031250204
0.3496223958333333	2.033543703125031
0.4496223958333333	2.6151837031250387
0.5496223958333333	3.1968237031250317
0.6496223958333333	3.77846370312504
0.7496223958333332	4.360103703125067
0.8496223958333332	4.941743703125049
0.9496223958333332	5.52338370312507
1.0496223958333333	6.105023703125086
1.100000000005821	6.398039999995807
1000001.1	6.398039999995807
