-100000	0
0	0
0.0033333333333333335	0.0000000000000002482162623588565
0.008333333333333333	0.000000000000000620540655897145
0.01583333333333333	0.0000000000000011790272462045861
0.02708333333333333	0.0000000000000020167571316657435
0.043958333333333335	0.000000000000003273351959857479
0.06927083333333334	0.000000000000005158244202145089
0.10723958333333333	0.000000000000007985582565576493
0.16419270833333333	0.000000000000012226590110723605
0.24962239583333334	0.000000000000018588101428444277
0.3496223958333333	0.000000000000026034589299210118
0.4496223958333333	0.000000000000033481077169975974
0.5496223958333333	0.000000000000040927565040741806
0.6496223958333333	0.00000000000005222264844000097
0.7496223958333332	0.00000000000006225417379772968
0.8496223958333332	0.00000000000006849047194917104
0.9496223958333332	0.00000000000007646771930287444
1.0496223958333333	0.00000000000008742215313180744
1.1000000000000003	0.00000000000008654325942212638
1000001.1	0.00000000000008654325942212638
