-100000	0
0	0
0.0033333333333333335	0.01938792048795198
0.008333333333333333	0.04846980177597432
0.01583333333333333	0.09209262469632731
0.02708333333333333	0.15752686142437375
0.043958333333333335	0.25567822179619104
0.06927083333333334	0.4029052742260606
0.10723958333333333	0.6237458795585783
0.16419270833333333	0.9550068475216628
0.24962239583333334	1.4518983708597952
0.3496223958333333	2.033536660936548
0.4496223958333333	2.6151751843554214
0.5496223958333333	3.196813815596223
0.6496223958333333	3.7784526948874633
0.7496223958333332	4.360091798663139
0.8496223958333332	4.941731147039782
0.9496223958333332	5.5233707148328035
1.0496223958333333	6.105010501719886
1.100000000005821	6.398026872894693
1000001.1	6.398026872894693
