-100000	0
0	0
0.0033333333333333335	0.01938791697506157
0.008333333333333333	0.04846979292651061
0.01583333333333333	0.09209260795334236
0.02708333333333333	0.15752683249087113
0.043958333333333335	0.25567817490874006
0.06927083333333334	0.4029052032622716
0.10723958333333333	0.6237457704539147
0.16419270833333333	0.9550066823343789
0.24962239583333334	1.451898176014578
0.3496223958333333	2.0335363657720196
0.4496223958333333	2.6151747938405867
0.5496223958333333	3.1968134106762567
0.6496223958333333	3.7784523010753275
0.7496223958333332	4.3600913941669805
0.8496223958333332	4.94173071363712
0.9496223958333332	5.523370266692367
1.0496223958333333	6.105010027429043
1.100000000005821	6.398026286387253
1000001.1	6.398026286387253
