-100000	0
0	0
0.0033333333333333335	0.01938794389377465
0.008333333333333333	0.048469860061777614
0.01583333333333333	0.09209273505016528
0.02708333333333333	0.15752704797990288
0.043958333333333335	0.25567852213711334
0.06927083333333334	0.4029057417184217
0.10723958333333333	0.6237466022435108
0.16419270833333333	0.9550079232739572
0.24962239583333334	1.4518999670932593
0.3496223958333333	2.033538758163959
0.4496223958333333	2.6151776949157197
0.5496223958333333	3.1968167235557297
0.6496223958333333	3.7784559896853436
0.7496223958333332	4.360095365961046
0.8496223958333332	4.941734911572252
0.9496223958333332	5.5233746223511115
1.0496223958333333	6.105014459578409
1.100000000005821	6.398030731241473
1000001.1	6.398030731241473
