-100000	0
0	0
0.0033333333333333335	0.019387999999999163
0.008333333333333333	0.04846999999999924
0.01583333333333333	0.0920929999999999
0.02708333333333333	0.15752750000000026
0.043958333333333335	0.2556792500000021
0.06927083333333334	0.40290687500000427
0.10723958333333333	0.6237483125000078
0.16419270833333333	0.9550104687500126
0.24962239583333334	1.4519037031250204
0.3496223958333333	2.033543703125022
0.4496223958333333	2.6151837031250253
0.5496223958333333	3.1968237031250295
0.6496223958333333	3.778463703125039
0.7496223958333332	4.3601037031250645
0.8496223958333332	4.941743703125052
0.9496223958333332	5.523383703125077
1.0496223958333333	6.10502370312508
1.100000000005821	6.398039999997709
1000001.1	6.398039999997709
