-100000	0
0	0
0.0033333333333333335	0.0193878973826752
0.008333333333333333	0.048469743941145775
0.01583333333333333	0.09209251486887744
0.02708333333333333	0.15752667371303147
0.043958333333333335	0.2556779174975108
0.06927083333333334	0.4029047955902685
0.10723958333333333	0.623745140665444
0.16419270833333333	0.9550057291286389
0.24962239583333334	1.4518967643444685
0.3496223958333333	2.033534428896252
0.4496223958333333	2.615172319459052
0.5496223958333333	3.196810430550565
0.6496223958333333	3.778448826222837
0.7496223958333332	4.3600874330170125
0.8496223958333332	4.941726255450224
0.9496223958333332	5.523365299111151
1.0496223958333333	6.105004526661361
1.100000000005821	6.3980255585298345
1000001.1	6.3980255585298345
