-100000	0
0	0
0.0033333333333333335	0.01938795769044453
0.008333333333333333	0.04846989444024952
0.01583333333333333	0.09209280004719872
0.02708333333333333	0.1575271605833094
0.043958333333333335	0.25567870347975863
0.06927083333333334	0.4029060241238795
0.10723958333333333	0.6237470192516811
0.16419270833333333	0.9550085437660523
0.24962239583333334	1.4519008725906757
0.3496223958333333	2.0335399600213226
0.4496223958333333	2.615179178168123
0.5496223958333333	3.1968184941935
0.6496223958333333	3.778457896764601
0.7496223958333332	4.360097389210285
0.8496223958333332	4.941737038263333
0.9496223958333332	5.523376793652626
1.0496223958333333	6.105016710183126
1.100000000005821	6.398033034023497
1000001.1	6.398033034023497
