-100000	0
0	0
0.0033333333333333335	0.019387926925646046
0.008333333333333333	0.04846981829722183
0.01583333333333333	0.09209265756655066
0.02708333333333333	0.15752692369715848
0.043958333333333335	0.2556783322419368
0.06927083333333334	0.402905470270521
0.10723958333333333	0.6237462340061811
0.16419270833333333	0.9550075070573995
0.24962239583333334	1.4518997030168355
0.3496223958333333	2.0335388372198397
0.4496223958333333	2.6151780750303963
0.5496223958333333	3.196817339520923
0.6496223958333333	3.778456716414435
0.7496223958333332	4.360096122134457
0.8496223958333332	4.941735590874987
0.9496223958333332	5.523375110497262
1.0496223958333333	6.1050147231118865
1.100000000005821	6.398034269298451
1000001.1	6.398034269298451
