-100000	0
0	0
0.0033333333333333335	0.01938781441375036
0.008333333333333333	0.04846953772359685
0.01583333333333333	0.09209212648913662
0.02708333333333333	0.15752601818926276
0.043958333333333335	0.2556768749813313
0.06927083333333334	0.4029031970961029
0.10723958333333333	0.6237427819568263
0.16419270833333333	0.955002375949286
0.24962239583333334	1.4518922542580153
0.3496223958333333	2.033529046441317
0.4496223958333333	2.6151661588589974
0.5496223958333333	3.196803784450522
0.6496223958333333	3.7784417196190025
0.7496223958333332	4.360080100596791
0.8496223958333332	4.941718850695991
0.9496223958333332	5.523358043999397
1.0496223958333333	6.104997644071469
1.100000000005821	6.3980138547654795
1000001.1	6.3980138547654795
