-100000	0
0	0
0.0033333333333333335	0.019387770755805975
0.008333333333333333	0.04846942816885164
0.01583333333333333	0.09209191716694576
0.02708333333333333	0.15752565714084144
0.043958333333333335	0.2556762816746187
0.06927083333333334	0.4029022491437
0.10723958333333333	0.6237412812891676
0.16419270833333333	0.954999991119726
0.24962239583333334	1.451888437673585
0.3496223958333333	2.033523396703362
0.4496223958333333	2.6151589623365616
0.5496223958333333	3.196795174839129
0.6496223958333333	3.778431986150083
0.7496223958333332	4.360069417657557
0.8496223958333332	4.9417074572557285
0.9496223958333332	5.523346111458866
1.0496223958333333	6.1049853802253224
1.100000000005821	6.398002730839486
1000001.1	6.398002730839486
