-100000	0
0	0
0.0033333333333333335	0.019387899319553314
0.008333333333333333	0.04846974888369495
0.01583333333333333	0.092092524545537
0.02708333333333333	0.1575266909978136
0.043958333333333335	0.25567794733293153
0.06927083333333334	0.40290485835829687
0.10723958333333333	0.6237452276588752
0.16419270833333333	0.9550058775251069
0.24962239583333334	1.451896977782465
0.3496223958333333	2.033534796348416
0.4496223958333333	2.615172926054594
0.5496223958333333	3.196811184967854
0.6496223958333333	3.7784499247501255
0.7496223958333332	4.360088825901223
0.8496223958333332	4.941727998702683
0.9496223958333332	5.523367444814834
1.0496223958333333	6.105007117849206
1.100000000005821	6.398023325730827
1000001.1	6.398023325730827
