-100000	0
0	0
0.0033333333333333335	0.01938785796507226
0.008333333333333333	0.04846964561579974
0.01583333333333333	0.09209232867391168
0.02708333333333333	0.15752635761496822
0.043958333333333335	0.25567740850558174
0.06927083333333334	0.4029040028683771
0.10723958333333333	0.6237439349729949
0.16419270833333333	0.9550039327841843
0.24962239583333334	1.451894127461741
0.3496223958333333	2.0335309437210056
0.4496223958333333	2.615168058039886
0.5496223958333333	3.1968055307897982
0.6496223958333333	3.7784433694862503
0.7496223958333332	4.360081618823122
0.8496223958333332	4.941720114831029
0.9496223958333332	5.5233589484729055
1.0496223958333333	6.104998119748844
1.100000000005821	6.398019202029346
1000001.1	6.398019202029346
