-100000	0
0	0
0.0033333333333333335	0.01938792941359815
0.008333333333333333	0.048469823896574685
0.01583333333333333	0.09209266643678174
0.02708333333333333	0.1575269320823098
0.043958333333333335	0.25567833467916606
0.06927083333333334	0.4029054478614401
0.10723958333333333	0.623746138522876
0.16419270833333333	0.955007230217877
0.24962239583333334	1.4518989645200946
0.3496223958333333	2.0335374000575133
0.4496223958333333	2.615175993790888
0.5496223958333333	3.196814702878299
0.6496223958333333	3.778453680435539
0.7496223958333332	4.360092712668144
0.8496223958333332	4.941731977674754
0.9496223958333332	5.5233714066921475
1.0496223958333333	6.105011037034394
1.100000000005821	6.398029441306699
1000001.1	6.398029441306699
