-100000	0
0	0
0.0033333333333333335	0.019387999999999163
0.008333333333333333	0.048469999999999194
0.01583333333333333	0.09209299999999983
0.02708333333333333	0.15752750000000046
0.043958333333333335	0.25567925000000197
0.06927083333333334	0.4029068750000023
0.10723958333333333	0.6237483125000052
0.16419270833333333	0.9550104687500114
0.24962239583333334	1.4519037031250146
0.3496223958333333	2.0335437031250194
0.4496223958333333	2.6151837031250316
0.5496223958333333	3.1968237031250446
0.6496223958333333	3.778463703125048
0.7496223958333332	4.36010370312506
0.8496223958333332	4.941743703125047
0.9496223958333332	5.523383703125071
1.0496223958333333	6.105023703125066
1.100000000005821	6.398040000000593
1000001.1	6.398040000000593
