-100000	0
0	0
0.0033333333333333335	0.019387997339473544
0.008333333333333333	0.04846999336259539
0.01583333333333333	0.09209298742857808
0.02708333333333333	0.15752747859797905
0.043958333333333335	0.2556792155105604
0.06927083333333334	0.40290682123605975
0.10723958333333333	0.623748231272608
0.16419270833333333	0.9550103475436666
0.24962239583333334	1.4519035260460493
0.3496223958333333	2.033543465032937
0.4496223958333333	2.6151834139784293
0.5496223958333333	3.1968233686254637
0.6496223958333333	3.778463328819011
0.7496223958333332	4.360103295186952
0.8496223958333332	4.941743269639115
0.9496223958333332	5.523383250834613
1.0496223958333333	6.105023238762029
1.100000000005821	6.3980395906620595
1000001.1	6.3980395906620595
