-100000	0
0	0
0.0033333333333333335	0.019387956639204208
0.008333333333333333	0.04846989184158284
0.01583333333333333	0.0920927951932383
0.02708333333333333	0.15752715145409008
0.043958333333333335	0.2556786886210324
0.06927083333333334	0.40290600061868087
0.10723958333333333	0.623746982678105
0.16419270833333333	0.9550084712308875
0.24962239583333334	1.4519007895172213
0.3496223958333333	2.033539868943144
0.4496223958333333	2.6151790156386383
0.5496223958333333	3.196818294326523
0.6496223958333333	3.7784576988443628
0.7496223958333332	4.3600972262795485
0.8496223958333332	4.941736875482809
0.9496223958333332	5.523376633127991
1.0496223958333333	6.105016509662325
1.100000000005821	6.398032797124258
1000001.1	6.398032797124258
