-100000	0
0	0
0.0033333333333333335	0.01938795907463914
0.008333333333333333	0.04846989792532552
0.01583333333333333	0.09209280673839586
0.02708333333333333	0.15752717116601844
0.043958333333333335	0.2556787205244123
0.06927083333333334	0.4029060506715124
0.10723958333333333	0.623747059626232
0.16419270833333333	0.9550085850708055
0.24962239583333334	1.4519009938883483
0.3496223958333333	2.0335400909769277
0.4496223958333333	2.6151792837744523
0.5496223958333333	3.1968186436911474
0.6496223958333333	3.778458072172662
0.7496223958333332	4.360097669995176
0.8496223958333332	4.941737338671469
0.9496223958333332	5.523377110597361
1.0496223958333333	6.105016989188112
1.100000000005821	6.3980332215528914
1000001.1	6.3980332215528914
