-100000	0
0	0
0.0033333333333333335	0.01938799999999912
0.008333333333333333	0.04846999999999935
0.01583333333333333	0.09209300000000012
0.02708333333333333	0.1575275000000008
0.043958333333333335	0.25567925000000197
0.06927083333333334	0.4029068750000041
0.10723958333333333	0.6237483125000065
0.16419270833333333	0.9550104687500097
0.24962239583333334	1.451903703125018
0.3496223958333333	2.03354370312503
0.4496223958333333	2.6151837031250267
0.5496223958333333	3.1968237031250246
0.6496223958333333	3.7784637031250465
0.7496223958333332	4.360103703125061
0.8496223958333332	4.941743703125066
0.9496223958333332	5.5233837031250586
1.0496223958333333	6.105023703125087
1.100000000005821	6.398039999997567
1000001.1	6.398039999997567
