-100000	0
0	0
0.0033333333333333335	0.019387972878123747
0.008333333333333333	0.04846993230367248
0.01583333333333333	0.09209287168583678
0.02708333333333333	0.15752728130781768
0.043958333333333335	0.2556788994971893
0.06927083333333334	0.4029063273989889
0.10723958333333333	0.6237474755810778
0.16419270833333333	0.9550092120920439
0.24962239583333334	1.451901843662846
0.3496223958333333	2.0335412151891776
0.4496223958333333	2.6151806446330172
0.5496223958333333	3.196820106221854
0.6496223958333333	3.778459643422475
0.7496223958333332	4.3600992187744385
0.8496223958333332	4.941738836570729
0.9496223958333332	5.523378515352458
1.0496223958333333	6.105018242604164
1.100000000005821	6.398036641153676
1000001.1	6.398036641153676
