-100000	0
0	0
0.0033333333333333335	0.019387804929584602
0.008333333333333333	0.048469513397696395
0.01583333333333333	0.09209207851635527
0.02708333333333333	0.1575259329123406
0.043958333333333335	0.2556767263147869
0.06927083333333334	0.40290294494576
0.10723958333333333	0.6237423370707428
0.16419270833333333	0.9550015529290209
0.24962239583333334	1.4518907155872032
0.3496223958333333	2.0335264813695253
0.4496223958333333	2.6151627578876715
0.5496223958333333	3.1967995085393444
0.6496223958333333	3.7784368385242333
0.7496223958333332	4.360074703327605
0.8496223958333332	4.9417131016814775
0.9496223958333332	5.523352020078155
1.0496223958333333	6.104991507365475
1.100000000005821	6.398007772902886
1000001.1	6.398007772902886
