-100000	0
0	0
0.0033333333333333335	0.006821136502228887
0.008333333333333333	0.017364748794708097
0.01583333333333333	0.0335886387576149
0.02708333333333333	0.05857011382170488
0.043958333333333335	0.09711440020021982
0.06927083333333334	0.15674405203611136
0.10723958333333333	0.24926295612001156
0.16419270833333333	0.39320652972988646
0.24962239583333334	0.6176126482731106
0.3496223958333333	0.8896496719920503
0.4496223958333333	1.169017639558518
0.5496223958333333	1.4537975526968119
0.6496223958333333	1.7426061608528383
0.7496223958333332	2.0343793367931644
0.8496223958333332	2.328261559691757
0.9496223958333332	2.623542529551162
1.0496223958333333	2.91961891079555
1.1000000000000008	3.0689083665161427
1000001.1	3.0689083665161427
