-100000	0
0	0
0.0033333333333333335	0.0068211428290678834
0.008333333333333333	0.017364751111986952
0.01583333333333333	0.03358864209354885
0.02708333333333333	0.05857012448615358
0.043958333333333335	0.09711440954825677
0.06927083333333334	0.15674407113473557
0.10723958333333333	0.24926297705745856
0.16419270833333333	0.39320656062404974
0.24962239583333334	0.6176126975374896
0.3496223958333333	0.8896497381911417
0.4496223958333333	1.1690177071342924
0.5496223958333333	1.4537976501361174
0.6496223958333333	1.7426062721809081
0.7496223958333332	2.0343794723947433
0.8496223958333332	2.3282616974143817
0.9496223958333332	2.623542653035376
1.0496223958333333	2.9196190149592605
1.1000000000000008	3.06890859181184
1000001.1	3.06890859181184
