-100000	0
0	0
0.0033333333333333335	0.00682121574474632
0.008333333333333333	0.01736490401435907
0.01583333333333333	0.0335889325923143
0.02708333333333333	0.05857061985225232
0.043958333333333335	0.09711520547684618
0.06927083333333334	0.15674530689810084
0.10723958333333333	0.24926485627756412
0.16419270833333333	0.39320935964883386
0.24962239583333334	0.6176168061959334
0.3496223958333333	0.8896551752996175
0.4496223958333333	1.1690243177346769
0.5496223958333333	1.4538052919720774
0.6496223958333333	1.7426147521486701
0.7496223958333332	2.034388619586756
0.8496223958333332	2.3282713434205338
0.9496223958333332	2.6235526651629195
1.0496223958333333	2.9196292041348304
1.1000000000000008	3.0689187820705066
1000001.1	3.0689187820705066
