-100000	0
0	0
0.0033333333333333335	0.006821215744746326
0.008333333333333333	0.017364904014359098
0.01583333333333333	0.033588932592314234
0.02708333333333333	0.05857061437060112
0.043958333333333335	0.09711520547684618
0.06927083333333334	0.15674530689810123
0.10723958333333333	0.24926485627756345
0.16419270833333333	0.39320935964883347
0.24962239583333334	0.6176168061959325
0.3496223958333333	0.8896551752996208
0.4496223958333333	1.1690243177346764
0.5496223958333333	1.4538052919720725
0.6496223958333333	1.7426147521486701
0.7496223958333332	2.034388619586759
0.8496223958333332	2.3282713434205298
0.9496223958333332	2.623552665162915
1.0496223958333333	2.9196292041348273
1.1000000000000008	3.0689187820705026
1000001.1	3.0689187820705026
