-100000	0
0	0
0.0033333333333333335	0.0068212157447463066
0.008333333333333333	0.017364904014359042
0.01583333333333333	0.033588932592314276
0.02708333333333333	0.05857061437060113
0.043958333333333335	0.09711520547684625
0.06927083333333334	0.1567453068981011
0.10723958333333333	0.24926485627756384
0.16419270833333333	0.39320935964883375
0.24962239583333334	0.6176168061959332
0.3496223958333333	0.8896551752996215
0.4496223958333333	1.1690243177346822
0.5496223958333333	1.453805291972073
0.6496223958333333	1.7426147521486688
0.7496223958333332	2.034388619586751
0.8496223958333332	2.328271343420523
0.9496223958333332	2.6235526651629075
1.0496223958333333	2.919629204134823
1.1000000000000008	3.068918782070493
1000001.1	3.068918782070493
