-100000	0
0	0
0.0033333333333333335	0.006821198587889723
0.008333333333333333	0.017364904014359046
0.01583333333333333	0.03358893259231431
0.02708333333333333	0.05857061437060119
0.043958333333333335	0.0971152054768463
0.06927083333333334	0.15674530689810096
0.10723958333333333	0.2492648562775639
0.16419270833333333	0.3932093596488349
0.24962239583333334	0.6176168061959323
0.3496223958333333	0.8896551752996197
0.4496223958333333	1.1690243188723246
0.5496223958333333	1.4538052919720752
0.6496223958333333	1.7426147521486708
0.7496223958333332	2.0343886195867507
0.8496223958333332	2.3282713434205156
0.9496223958333332	2.623552665162915
1.0496223958333333	2.919629204134817
1.1000000000000008	3.068918782070506
1000001.1	3.068918782070506
