-100000	0
0	0
0.0033333333333333335	0.0068211693860168576
0.008333333333333333	0.017364816350349255
0.01583333333333333	0.03358876715727156
0.02708333333333333	0.0585703355112794
0.043958333333333335	0.09711475182974094
0.06927083333333334	0.1567446011128019
0.10723958333333333	0.24926378250808764
0.16419270833333333	0.39320775851923295
0.24962239583333334	0.617614475357816
0.3496223958333333	0.8896520607160033
0.4496223958333333	1.1690205330063625
0.5496223958333333	1.453800945284048
0.6496223958333333	1.742609921283177
0.7496223958333332	2.03438339879695
0.8496223958333332	2.328265831108704
0.9496223958333332	2.6235469604317556
1.0496223958333333	2.919623405222215
1.1000000000000008	3.0689130093413675
1000001.1	3.0689130093413675
