-100000	0
0	0
0.0033333333333333335	0.0068211106733621985
0.008333333333333333	0.017364642298368656
0.01583333333333333	0.03358843797572017
0.02708333333333333	0.05856978097731735
0.043958333333333335	0.09711385733800156
0.06927083333333334	0.15674321485932496
0.10723958333333333	0.24926169737430037
0.16419270833333333	0.3932047143795412
0.24962239583333334	0.617610151729649
0.3496223958333333	0.8896465562386286
0.4496223958333333	1.1690140982400705
0.5496223958333333	1.4537938448270011
0.6496223958333333	1.7426023641434147
0.7496223958333332	2.034375481381153
0.8496223958333332	2.3282576275888203
0.9496223958333332	2.6235385592465343
1.0496223958333333	2.9196148828343933
1.1000000000000008	3.0689046018838493
1000001.1	3.0689046018838493
