-100000	0
0	0
0.0033333333333333335	0.006821184211723754
0.008333333333333333	0.01736485375339426
0.01583333333333333	0.03358883831236692
0.02708333333333333	0.058570458627285445
0.043958333333333335	0.09711495298724225
0.06927083333333334	0.15674492572470125
0.10723958333333333	0.24926429845460354
0.16419270833333333	0.3932085796567948
0.24962239583333334	0.6176157957781412
0.3496223958333333	0.8896540135544453
0.4496223958333333	1.1690230108827806
0.5496223958333333	1.4538038264626891
0.6496223958333333	1.7426131511391938
0.7496223958333332	2.0343868612142573
0.8496223958333332	2.3282694225857674
0.9496223958333332	2.623550585523313
1.0496223958333333	2.9196269495443055
1.1000000000000008	3.0689172527335726
1000001.1	3.0689172527335726
