-100000	0
0	0
0.0033333333333333335	0.006821200595573708
0.008333333333333333	0.017364866456023993
0.01583333333333333	0.03358886198813879
0.02708333333333333	0.0585705011376216
0.043958333333333335	0.09711501939216564
0.06927083333333334	0.15674502827143086
0.10723958333333333	0.2492644587416493
0.16419270833333333	0.39320882408742797
0.24962239583333334	0.6176161712451663
0.3496223958333333	0.8896545324838624
0.4496223958333333	1.1690236778335568
0.5496223958333333	1.4538046479811069
0.6496223958333333	1.7426141115724525
0.7496223958333332	2.0343879784081493
0.8496223958333332	2.3282707027712726
0.9496223958333332	2.6235520234945358
1.0496223958333333	2.919628563274077
1.1000000000000008	3.0689181373281826
1000001.1	3.0689181373281826
