-100000	0
0.0000000000000002220446049250313	0
0.0033333333333335556	0.006821215744746784
0.008333333333333555	0.01736490401435952
0.015833333333333553	0.03358893259231477
0.027083333333333553	0.05857061437060151
0.04395833333333356	0.0971152054768466
0.06927083333333356	0.156745306898101
0.10723958333333355	0.24926485627756328
0.16419270833333355	0.39320935964883386
0.24962239583333357	0.6176168061959315
0.34962239583333354	0.8896551752996157
0.4496223958333335	1.1690243177346706
0.5496223958333335	1.4538052919720632
0.6496223958333335	1.7426147521486688
0.7496223958333335	2.0343886195867475
0.8496223958333334	2.3282713434205293
0.9496223958333334	2.62355266516291
1.0496223958333335	2.9196292041348157
1.1000000000000008	3.0689187820705
1000001.1	3.0689187820705
