-100000	0
0.0000000000000002220446049250313	0
0.0033333333333335556	0.006821215744746787
0.008333333333333555	0.017364904014359552
0.015833333333333553	0.03358893259231478
0.027083333333333553	0.05857061437060157
0.04395833333333356	0.09711520547684675
0.06927083333333356	0.15674530689810157
0.10723958333333355	0.24926485627756428
0.16419270833333355	0.39320935964883463
0.24962239583333357	0.6176168061959342
0.34962239583333354	0.8896551752996215
0.4496223958333335	1.1690243177346715
0.5496223958333335	1.453805291972074
0.6496223958333335	1.742614752148673
0.7496223958333335	2.0343886195867564
0.8496223958333334	2.32827134342053
0.9496223958333334	2.623552665162918
1.0496223958333335	2.919629204134831
1.1000000000000008	3.068918782070509
1000001.1	3.068918782070509
