-100000	0
0.0000000000000002220446049250313	0
0.0033333333333335556	0.006821134575905295
0.008333333333333555	0.017364743309219558
0.015833333333333553	0.03358862814170762
0.027083333333333553	0.0585700951251282
0.04395833333333356	0.09711437217811411
0.06927083333333356	0.15674400546461195
0.10723958333333355	0.24926287678175243
0.16419270833333355	0.39320637405231884
0.24962239583333357	0.6176124465520278
0.34962239583333354	0.8896494028774008
0.4496223958333335	1.1690173128559935
0.5496223958333335	1.453797187987313
0.6496223958333335	1.7426058492525285
0.7496223958333335	2.0343789956299
0.8496223958333334	2.3282611741945805
0.9496223958333334	2.623542133763274
1.0496223958333335	2.9196184998850634
1.1000000000000008	3.068907862613907
1000001.1	3.068907862613907
