-100000	0
0.0000000000000002220446049250313	0
0.0033333333333335556	0.006821135463171691
0.008333333333333555	0.017364732357879237
0.015833333333333553	0.033588606344133416
0.027083333333333553	0.058570063474841456
0.04395833333333356	0.09711430964761533
0.06927083333333356	0.1567439171949439
0.10723958333333355	0.24926274024886208
0.16419270833333355	0.3932061782635758
0.24962239583333357	0.6176121433162965
0.34962239583333354	0.8896489896367297
0.4496223958333335	1.1690167758879626
0.5496223958333335	1.453796532665795
0.6496223958333335	1.742605046293118
0.7496223958333335	2.034378074335944
0.8496223958333334	2.328260103667816
0.9496223958333334	2.62354089846691
1.0496223958333335	2.919617092827753
1.1000000000000008	3.0689073013626675
1000001.1	3.0689073013626675
