-100000	0
0.0000000000000002220446049250313	0
0.0033333333333335556	0.006821178986780088
0.008333333333333555	0.017364813240668738
0.015833333333333553	0.03358876253578022
0.027083333333333553	0.0585703278170601
0.04395833333333356	0.09711474746595757
0.06927083333333356	0.15674460065384663
0.10723958333333355	0.2492638044339868
0.16419270833333355	0.39320781031612384
0.24962239583333357	0.6176145458593592
0.34962239583333354	0.8896521985683522
0.4496223958333335	1.1690207370210792
0.5496223958333335	1.4538011655361542
0.6496223958333335	1.742610215767592
0.7496223958333335	2.034383747168883
0.8496223958333334	2.328266222030311
0.9496223958333334	2.6235473827133333
1.0496223958333335	2.9196238521867226
1.1000000000000008	3.068913235873749
1000001.1	3.068913235873749
