-100000	0
0.0000000000000002220446049250313	0
0.0033333333333335556	0.006821183118088521
0.008333333333333555	0.01736482344916631
0.015833333333333553	0.03358878142930451
0.027083333333333553	0.058570359508454024
0.04395833333333356	0.09711479994596524
0.06927083333333356	0.15674468138498693
0.10723958333333355	0.24926392128196026
0.16419270833333355	0.393207979155884
0.24962239583333357	0.6176148173650933
0.34962239583333354	0.8896525369188125
0.4496223958333335	1.1690211478484802
0.5496223958333335	1.4538016614294034
0.6496223958333335	1.7426107023330322
0.7496223958333335	2.0343842699804813
0.8496223958333334	2.3282667725610375
0.9496223958333334	2.623547957211694
1.0496223958333335	2.9196244243876106
1.1000000000000008	3.0689138481465856
1000001.1	3.0689138481465856
