-100000	0
0.0000000000000002220446049250313	0
0.0033333333333335556	0.0068211450658372755
0.008333333333333555	0.017364755861776337
0.015833333333333553	0.0335886519947145
0.027083333333333553	0.05857014050598283
0.04395833333333356	0.09711443637147
0.06927083333333356	0.15674410915517317
0.10723958333333355	0.24926303502716501
0.16419270833333355	0.39320664723193643
0.24962239583333357	0.6176128579726242
0.34962239583333354	0.889649927833898
0.4496223958333335	1.1690179329015697
0.5496223958333335	1.4537979327423536
0.6496223958333335	1.7426065809574034
0.7496223958333335	2.034379798474345
0.8496223958333334	2.3282620344532536
0.9496223958333334	2.623543030326879
1.0496223958333335	2.919619406388162
1.1000000000000008	3.068908964987046
1000001.1	3.068908964987046
