-100000	0
0.0000000000000002220446049250313	0
0.0033333333333335556	0.006821191944457115
0.008333333333333555	0.017364844091716927
0.015833333333333553	0.03358881814938436
0.027083333333333553	0.0585704176875143
0.04395833333333356	0.09711488672198919
0.06927083333333356	0.15674480891383263
0.10723958333333355	0.24926409214370646
0.16419270833333355	0.3932082014149877
0.24962239583333357	0.6176151009878446
0.34962239583333354	0.8896529033268391
0.4496223958333335	1.1690215519758136
0.5496223958333335	1.45380209648069
0.6496223958333335	1.742611207604552
0.7496223958333335	2.034384780469522
0.8496223958333334	2.3282672817829937
0.9496223958333334	2.6235484555677853
1.0496223958333335	2.919624911053621
1.1000000000000008	3.068914564117942
1000001.1	3.068914564117942
