-100000	0
0.0000000000000002220446049250313	0
0.0033333333333335556	0.006821180633865089
0.008333333333333555	0.017364816159207482
0.015833333333333553	0.033588765754970946
0.027083333333333553	0.058570329643199824
0.04395833333333356	0.0971147451990056
0.06927083333333356	0.15674458775783492
0.10723958333333355	0.24926376287432397
0.16419270833333355	0.39320772197815546
0.24962239583333357	0.6176144120895116
0.34962239583333354	0.8896519870521417
0.4496223958333335	1.1690204361618302
0.5496223958333335	1.4538008153806063
0.6496223958333335	1.7426097716178977
0.7496223958333335	2.0343832364819
0.8496223958333334	2.3282656575012757
0.9496223958333334	2.6235467735214173
1.0496223958333335	2.9196232110088522
1.1000000000000008	3.068912825608925
1000001.1	3.068912825608925
