-100000	0
0.0000000000000002220446049250313	0
0.0033333333333335556	0.006821165106374002
0.008333333333333555	0.017364819603340097
0.015833333333333553	0.0335887727376038
0.027083333333333553	0.05857034177333697
0.04395833333333356	0.09711476581425121
0.06927083333333356	0.15674462025262423
0.10723958333333355	0.2492638123275279
0.16419270833333355	0.39320779745952206
0.24962239583333357	0.6176145149320592
0.34962239583333354	0.889652119754977
0.4496223958333335	1.169020578684271
0.5496223958333335	1.45380094137548
0.6496223958333335	1.742609878574813
0.7496223958333335	2.034383297419148
0.8496223958333334	2.3282656513213205
0.9496223958333334	2.6235466904131197
1.0496223958333335	2.9196230241923953
1.1000000000000008	3.0689130985447046
1000001.1	3.0689130985447046
