-100000	0
0.0000000000000002220446049250313	0
0.0033333333333335556	0.006821185748446473
0.008333333333333555	0.01736485749448979
0.015833333333333553	0.03358884423919916
0.027083333333333553	0.05857046830871524
0.04395833333333356	0.09711496401519483
0.06927083333333356	0.15674492949665086
0.10723958333333355	0.24926428350654753
0.16419270833333355	0.3932085112046033
0.24962239583333357	0.6176155663931001
0.34962239583333354	0.8896535281293416
0.4496223958333335	1.1690223073841162
0.5496223958333335	1.453802992093346
0.6496223958333335	1.7426121866998263
0.7496223958333335	2.0343858530509324
0.8496223958333334	2.328268426133319
0.9496223958333334	2.6235496435756844
1.0496223958333335	2.9196261320191215
1.1000000000000008	3.0689157051169107
1000001.1	3.0689157051169107
