-100000	0
0.0000000000000002220446049250313	0
0.0033333333333335556	0.006821201717660031
0.008333333333333555	0.01736486901448172
0.015833333333333553	0.03358886647516841
0.027083333333333553	0.05857050789241253
0.04395833333333356	0.09711502519578905
0.06927083333333356	0.1567450268734079
0.10723958333333355	0.24926443092703374
0.16419270833333355	0.39320872648410754
0.24962239583333357	0.6176158845506085
0.34962239583333354	0.8896539461286066
0.4496223958333335	1.1690228200344193
0.5496223958333335	1.4538035811607537
0.6496223958333335	1.7426128441189812
0.7496223958333335	2.034386562388141
0.8496223958333334	2.32826917254612
0.9496223958333334	2.623550423753156
1.0496223958333335	2.9196269242810198
1.1000000000000008	3.0689165341286024
1000001.1	3.0689165341286024
