-100000	0
0.0000000000000002220446049250313	0
0.0033333333333335556	0.006821197648428331
0.008333333333333555	0.017364858990041816
0.015833333333333553	0.03358884786075383
0.027083333333333553	0.05857047076095661
0.04395833333333356	0.09711497514928946
0.06927083333333356	0.1567449513382485
0.10723958333333355	0.24926431663642484
0.16419270833333355	0.3932085550675647
0.24962239583333357	0.6176156283588153
0.34962239583333354	0.8896536017871877
0.4496223958333335	1.1690223775380357
0.5496223958333335	1.453803034687987
0.6496223958333335	1.7426122029227995
0.7496223958333335	2.034385807251592
0.8496223958333334	2.328268300103846
0.9496223958333334	2.6235494266678057
1.0496223958333335	2.9196257933410963
1.1000000000000008	3.0689159337452057
1000001.1	3.0689159337452057
