-100000	0
0.0000000000000002220446049250313	0
0.0033333333333335556	0.0068212065626323025
0.008333333333333555	0.017364881281789545
0.015833333333333553	0.033588889907638086
0.027083333333333553	0.058570542334601725
0.04395833333333356	0.09711509075403779
0.06927083333333356	0.15674513086169126
0.10723958333333355	0.24926458842654606
0.16419270833333355	0.3932089668297135
0.24962239583333357	0.617616239189308
0.34962239583333354	0.8896544258327689
0.4496223958333335	1.1690234096629903
0.5496223958333335	1.45380425771971
0.6496223958333335	1.7426136067174802
0.7496223958333335	2.0343873888099133
0.8496223958333334	2.3282700498483098
0.9496223958333334	2.6235513346491146
1.0496223958333335	2.91962785095819
1.1000000000000008	3.068917385089837
1000001.1	3.068917385089837
