-100000	0
0.0000000000000002220446049250313	0
0.0033333333333335556	0.006821186682417098
0.008333333333333555	0.017364873543989818
0.015833333333333553	0.033588874884693046
0.027083333333333553	0.05857051592988618
0.04395833333333356	0.09711504649835198
0.06927083333333356	0.15674505857067186
0.10723958333333355	0.24926447693315615
0.16419270833333355	0.3932087915852678
0.24962239583333357	0.6176159718195579
0.34962239583333354	0.8896540562296832
0.4496223958333335	1.1690229367619656
0.5496223958333335	1.4538036760053195
0.6496223958333335	1.7426129219000164
0.7496223958333335	2.0343865991957855
0.8496223958333334	2.3282691521453587
0.9496223958333334	2.62355033240492
1.0496223958333335	2.9196267446909747
1.1000000000000008	3.0689167374506727
1000001.1	3.0689167374506727
