-100000	0
0.0000000000000002220446049250313	0
0.0033333333333335556	0.006821199845425874
0.008333333333333555	0.017364892396303077
0.015833333333333553	0.03358891065088742
0.027083333333333553	0.05857058050914338
0.04395833333333356	0.0971151451188628
0.06927083333333356	0.15674521222705784
0.10723958333333355	0.2492647127906574
0.16419270833333355	0.3932091457454552
0.24962239583333357	0.6176164957611208
0.34962239583333354	0.8896547633192022
0.4496223958333335	1.1690238159766968
0.5496223958333335	1.4538047148920485
0.6496223958333335	1.7426141116467808
0.7496223958333335	2.034387926789535
0.8496223958333334	2.3282706109573947
0.9496223958333334	2.6235519077518434
1.0496223958333335	2.9196284337669525
1.1000000000000008	3.0689180086289425
1000001.1	3.0689180086289425
