-100000	0
0.0000000000877460326620394	0
0.003333333421079366	0.006085203076703176
0.008333333421079366	0.015552749094571456
0.015833333421079364	0.03017723667589205
0.027083333421079363	0.05281837706813426
0.04395833342107937	0.08793788534731115
0.06927083342107937	0.14258496174941776
0.10723958342107937	0.2279157050552378
0.16419270842107936	0.36162627118818785
0.24962239592107938	0.5717824042579707
0.34962239592107935	0.8287055196194494
0.44962239592107933	1.094607701447949
0.5496223959210793	1.3675730829133295
0.6496223959210793	1.6462434223284141
0.7496223959210793	1.9295900621352287
0.8496223959210792	2.2167980111428967
0.9496223959210792	2.507200352921544
1.0496223959210793	2.8002384578156994
1.1000000000000008	2.948711800000045
1000001.1	2.948711800000045
