-100000	0
0.0000000011391425580598025	0
0.0033333344724758916	0.004623446126566693
0.008333334472475891	0.011945885047658379
0.01583333447247589	0.023416365977467688
0.02708333447247589	0.04141152174849021
0.04395833447247589	0.06972460065877087
0.0692708344724759	0.11445103117604888
0.10723958447247589	0.18542983095850124
0.16419270947247588	0.2986067644977359
0.2496223969724759	0.47990000783388154
0.3496223969724759	0.7057239455198709
0.44962239697247586	0.9432819883773708
0.5496223969724758	1.1906225962017059
0.6496223969724758	1.4463931608752456
0.7496223969724758	1.709597267480753
0.8496223969724758	1.9794671159091153
0.9496223969724757	2.255391044880941
1.0496223969724758	2.536870133542005
1.1000000000000008	2.6806452297621375
1000001.1	2.6806452297621375
