-100000	0
0.0000000016807244485050887	0
0.003333335014057782	0.004154709178321355
0.008333335014057782	0.010763875375305062
0.01583333501405778	0.021194752707987197
0.02708333501405778	0.037660093987448365
0.043958335014057784	0.0637295301907633
0.06927083501405779	0.10518057354680913
0.10723958501405778	0.1714084256913506
0.16419271001405777	0.27775830368835364
0.2496223975140578	0.4493753006242271
0.34962239751405777	0.6646319825242822
0.44962239751405775	0.8923845278816527
0.5496223975140577	1.1306481473751628
0.6496223975140577	1.3780622762327086
0.7496223975140577	1.6336300742430363
0.8496223975140577	1.8965890632367008
0.9496223975140576	2.1663365321832804
1.0496223975140577	2.4423845544406197
1.1000000000000008	2.5837095054825814
1000001.1	2.5837095054825814
