-100000	0
0.0000000022709769620377074	0
0.0033333356043102956	0.0036808458466239453
0.008333335604310295	0.009587879452163516
0.015833335604310293	0.018994857632889536
0.027083335604310293	0.03394275728929324
0.0439583356043103	0.057787812864293846
0.0692708356043103	0.0959872893807304
0.1072395856043103	0.15749309752728036
0.1641927106043103	0.2570412658234878
0.2496223981043103	0.41898133927905684
0.3496223981043103	0.6236005257605906
0.44962239810431026	0.8413945319116996
0.5496223981043102	1.0703430528748394
0.6496223981043102	1.3090693278794505
0.7496223981043102	1.5565706735405522
0.8496223981043102	1.8120844778256413
0.9496223981043102	2.075012332080489
1.0496223981043102	2.344872918705256
1.1000000000000008	2.4833220227975765
1000001.1	2.4833220227975765
