-100000	0
0.000000002877702742765109	0
0.0033333362110360763	0
0.008333336211036076	0.00000000000000005767998530080573
0.015833336211036074	0.0000000000000003437263434066978
0.027083336211036074	0.0000000000000010271875720957306
0.04395833621103608	0.0000000000000014039228967088613
0.06927083621103608	0.0000000000000023405725908342323
0.10723958621103608	0.0000000000000019275958923069034
0.16419271121103607	0.00000000000000789657068780505
0.2496223987110361	0.000000000000015509725419597814
0.34962239871103606	0.00000000000005018768818532622
0.44962239871103604	0.00000000000002089027291695069
0.549622398711036	0.00000000000005326265294152577
0.649622398711036	0.00000000000016315001262104635
0.749622398711036	0.000000000000038860509947457144
0.849622398711036	0.00000000000015856141539023085
0.9496223987110359	0.00000000000028568627261859855
1.049622398711036	0.00000000000027914474557292994
1.1000000000000008	0.00000000000006227197384858808
1000001.1	0.00000000000006227197384858808
