-100001.1	0
0	0
0.0033333333333334103	0
0.008333333333333304	0
0.015833333333333366	0
0.027083333333333348	0
0.04395833333333332	0
0.06927083333333339	0
0.1072395833333335	0.000000000000000000000000000000009244463733058732
0.16419270833333344	0.0000000000000000000000000000000001925929944387236
0.24962239583333345	0
0.34962239583333354	0.00000000000000000000000000000008011868568650901
0.44962239583333363	0.00000000000000000000000000000005238529448733282
0.5496223958333337	0
0.6496223958333338	0.00000000000000000000000000000010274836253305903
0.7496223958333339	0.000000000000000000000000000000008474091755303838
0.849622395833334	0.00000000000000000000000000000006471124613141112
0.9496223958333339	0.00000000000000000000000000000009706686919711669
1.049622395833334	0.00000000000000000000000000000024151161502615938
1.149622395833334	0
1.2496223958333341	0.0000000000000000000000000000010107280348144214
1.3496223958333342	0.0000000000000000000000000000010045650589923822
1.4496223958333343	0.0000000000000000000000000000013681806324926924
1.5496223958333344	0.0000000000000000000000000000004314083075427408
1.6496223958333345	0.000000000000000000000000000004733165431326071
1.7496223958333346	0.0000000000000000000000000000000677927340424307
1.8496223958333347	0.0000000000000000000000000000047578173346142275
1.9496223958333347	0.00000000000000000000000000000005546678239835239
2.049622395833335	0.00000000000000000000000000001348459109862167
2.149622395833335	0.000000000000000000000000000007863957148921961
2.249622395833335	0.000000000000000000000000000008936314941956774
2.349622395833335	0.000000000000000000000000000003969919394365409
2.449622395833335	0.000000000000000000000000000000903646329906491
2.5496223958333353	0.00000000000000000000000000000011940765655200862
2.6496223958333354	0.000000000000000000000000000018094497013506958
2.7496223958333355	0.000000000000000000000000000003120776881885077
2.8496223958333355	0
2.9496223958333356	0.000000000000000000000000000004529016857221024
3.0496223958333353	0.0000000000000000000000000000018981965531880597
3.149622395833335	0.000000000000000000000000000008839248072759658
3.2496223958333346	0.000000000000000000000000000004143445682354699
3.349622395833334	0.0000000000000000000000000000016023737137301802
3.449622395833334	0.000000000000000000000000000008874685183736383
3.5496223958333335	0.000000000000000000000000000007321615276582516
3.649622395833333	0.0000000000000000000000000000234686119303251
3.749622395833333	0.00000000000000000000000000000809815023015945
3.8496223958333324	0.00000000000000000000000000003331088431812163
3.949622395833332	0.0000000000000000000000000000054357446750385345
4.049622395833332	0.0000000000000000000000000000025957683790451165
4.149622395833331	0.000000000000000000000000000007136726001921341
4.249622395833331	0.000000000000000000000000000004132275288677253
4.349622395833331	0.0000000000000000000000000000046588245354727235
4.44962239583333	0.000000000000000000000000000016966672438073793
4.54962239583333	0.000000000000000000000000000010273680695339272
4.64962239583333	0.0000000000000000000000000000100579765415679
4.749622395833329	0.00000000000000000000000000000057931972727168054
4.849622395833329	0.0000000000000000000000000000007888609052210118
4.9496223958333285	0.00000000000000000000000000002747762770256157
5.049622395833328	0.0000000000000000000000000000021693674893577825
5.149622395833328	0.00000000000000000000000000004871216089739748
5.212999999999999	0.00000000000000000000000000005551608620492871
1000005.213	0.00000000000000000000000000005551608620492871
