-100001.1	0
0	0
0.0033333333333334103	0.0008958546475051868
0.008333333333333304	0.0022492703407256394
0.015833333333333366	0.004301067779254679
0.027083333333333348	0.007427619259252933
0.04395833333333332	0.012227823556304413
0.06927083333333339	0.01967863347945857
0.1072395833333335	0.03152129914589616
0.16419270833333344	0.05093947199649753
0.24962239583333345	0.08392683873091951
0.34962239583333354	0.12903491293964486
0.44962239583333363	0.18163860066562337
0.5496223958333337	0.24419503334785428
0.6496223958333338	0.3122692725754523
0.7496223958333339	0.38540992952471204
0.849622395833334	0.4660805141213449
0.9496223958333339	0.5516649764075707
1.049622395833334	0.6449858900198242
1.149622395833334	0.7475953079767375
1.2496223958333341	0.8592553942933107
1.3496223958333342	0.974618181125656
1.4496223958333343	1.0946057762408095
1.5496223958333344	1.2226329055586014
1.6496223958333345	1.3599570614347603
1.7496223958333346	1.505555260168127
1.8496223958333347	1.6577173943668595
1.9496223958333347	1.8150965767223235
2.049622395833335	1.9765468392881256
2.149622395833335	2.1409789120868745
2.249622395833335	2.308996559545455
2.349622395833335	2.483799267547205
2.449622395833335	2.664353972183722
2.5496223958333353	2.8522264706389975
2.6496223958333354	2.9677526506350227
2.7496223958333355	2.9825012813400176
2.8496223958333355	3.0008895017415487
2.9496223958333356	3.024377441139208
3.0496223958333353	3.053991901792356
3.149622395833335	3.0864972618350692
3.2496223958333346	3.1215735658926462
3.349622395833334	3.1616957870971674
3.449622395833334	3.205954599333669
3.5496223958333335	3.256232934558751
3.649622395833333	3.312824807522495
3.749622395833333	3.371397331821209
3.8496223958333324	3.433413891205991
3.949622395833332	3.498974936472264
4.049622395833332	3.5631093018377658
4.149622395833331	3.628281844414997
4.249622395833331	3.6973687444681933
4.349622395833331	3.771362224946505
4.44962239583333	3.8518092678321345
4.54962239583333	3.9320405097343136
4.64962239583333	4.012151826588579
4.749622395833329	4.097449200152991
4.849622395833329	4.18679003080628
4.9496223958333285	4.275757680413837
5.049622395833328	4.365249749708145
5.149622395833328	4.454272616470606
5.212999999999999	4.509587816173554
1000005.213	4.509587816173554
