-100001.1	0
0	0
0.0033333333333334103	0.0010108104840526456
0.008333333333333304	0.0025367308749581884
0.015833333333333366	0.004847636361838608
0.027083333333333348	0.008364473511661561
0.04395833333333332	0.013757592311917054
0.06927083333333339	0.022121267080242833
0.1072395833333335	0.03534241249032372
0.16419270833333344	0.05690161062405132
0.24962239583333345	0.0938126977745099
0.34962239583333354	0.14384954204001923
0.44962239583333363	0.19990157276812956
0.5496223958333337	0.2609197457334293
0.6496223958333338	0.3268737709470866
0.7496223958333339	0.3978602358526346
0.849622395833334	0.4739567228303233
0.9496223958333339	0.5552215805990064
1.049622395833334	0.6416939941855825
1.149622395833334	0.73339650947273
1.2496223958333341	0.8303246856314499
1.3496223958333342	0.9324698315954855
1.4496223958333343	1.0397970615688965
1.5496223958333344	1.1522591378103768
1.6496223958333345	1.2697969844240566
1.7496223958333346	1.3923371121174584
1.8496223958333347	1.5197942127088333
1.9496223958333347	1.6520732782631582
2.049622395833335	1.789070101702415
2.149622395833335	1.9306730935905634
2.249622395833335	2.076764309639698
2.349622395833335	2.22722059573494
2.449622395833335	2.381914425498851
2.5496223958333353	2.5407149393280255
2.6496223958333354	2.652681597887736
2.7496223958333355	2.6910651672785857
2.8496223958333355	2.7331501821427193
2.9496223958333356	2.7787997131480724
3.0496223958333353	2.827876584268183
3.149622395833335	2.880244082940849
3.2496223958333346	2.93576636087327
3.349622395833334	2.9943086281371185
3.449622395833334	3.055737487414644
3.5496223958333335	3.1199212452514584
3.649622395833333	3.1867302260249954
3.749622395833333	3.256036695418395
3.8496223958333324	3.327715194021849
3.949622395833332	3.401642777249505
4.049622395833332	3.4776988538106353
4.149622395833331	3.5557654609852056
4.249622395833331	3.635727398849976
4.349622395833331	3.71747215655307
4.44962239583333	3.8008900482161176
4.54962239583333	3.8858742243538287
4.64962239583333	3.972320901404555
4.749622395833329	4.060129107799824
4.849622395833329	4.149200933908212
4.9496223958333285	4.2394415177508495
5.049622395833328	4.330759122459705
5.149622395833328	4.423064988566673
5.212999999999999	4.482039108755047
1000005.213	4.482039108755047
