-100001.1	0
0	0
0.0033333333333334103	0.0012295830272794999
0.008333333333333304	0.00308276200759574
0.015833333333333366	0.005876466318938096
0.027083333333333348	0.010090878577829702
0.04395833333333332	0.016465619432706607
0.06927083333333339	0.026147551875878472
0.1072395833333335	0.04094404339795752
0.16419270833333344	0.06376889039940525
0.24962239583333345	0.09946512147948382
0.34962239583333354	0.14355157263831195
0.44962239583333363	0.19021202454605893
0.5496223958333337	0.23953166282042945
0.6496223958333338	0.2915846977854039
0.7496223958333339	0.3464350741638263
0.849622395833334	0.40413516793971044
0.9496223958333339	0.46472809176941837
1.049622395833334	0.5282449999752518
1.149622395833334	0.5947092465736076
1.2496223958333341	0.6641321117966401
1.3496223958333342	0.7365186714647988
1.4496223958333343	0.8118623189035176
1.5496223958333344	0.8901515615459353
1.6496223958333345	0.971364325955209
1.7496223958333346	1.0554744079938736
1.8496223958333347	1.1424468539026444
1.9496223958333347	1.2322427312352005
2.049622395833335	1.3248166464770605
2.149622395833335	1.4201191207072414
2.249622395833335	1.5180964312893508
2.349622395833335	1.6186908083014164
2.449622395833335	1.7218419489823735
2.5496223958333353	1.8274859768217742
2.6496223958333354	1.9137045388455132
2.7496223958333355	1.968982525607927
2.8496223958333355	2.0265508739125013
2.9496223958333356	2.086339311091822
3.0496223958333353	2.148275850308376
3.149622395833335	2.212289486520192
3.2496223958333346	2.27830636837356
3.349622395833334	2.346255856496319
3.449622395833334	2.416063322730697
3.5496223958333335	2.487658990519623
3.649622395833333	2.5609688518715807
3.749622395833333	2.6359238725866496
3.8496223958333324	2.712452356684188
3.949622395833332	2.7904855069696892
4.049622395833332	2.8699553825250383
4.149622395833331	2.9507934757919654
4.249622395833331	3.0329350916844056
4.349622395833331	3.116311020736344
4.44962239583333	3.200865904459979
4.54962239583333	3.2865336360938278
4.64962239583333	3.373253580692062
4.749622395833329	3.4609677666671606
4.849622395833329	3.5496174839382104
4.9496223958333285	3.639148473969448
5.049622395833328	3.729505881064634
5.149622395833328	3.820637376451892
5.212999999999999	3.878773558055591
1000005.213	3.878773558055591
