-100001.1	0
0	0
0.0033333333333334103	0.0010005944965542613
0.008333333333333304	0.002515063937145696
0.015833333333333366	0.0047853793132529975
0.027083333333333348	0.008184512578889646
0.04395833333333332	0.013403818973354091
0.06927083333333339	0.021390170750370533
0.1072395833333335	0.03416174154955189
0.16419270833333344	0.0545836637780357
0.24962239583333345	0.08560154659214476
0.34962239583333354	0.12386444486627812
0.44962239583333363	0.16563950206259143
0.5496223958333337	0.2096862883322499
0.6496223958333338	0.2549405313891597
0.7496223958333339	0.3019626191707868
0.849622395833334	0.351641276744571
0.9496223958333339	0.4044387299605624
1.049622395833334	0.4595262963294975
1.149622395833334	0.5156944247050785
1.2496223958333341	0.5761175435510113
1.3496223958333342	0.6380158893908319
1.4496223958333343	0.7023430684193471
1.5496223958333344	0.7678236296439962
1.6496223958333345	0.8361550766051937
1.7496223958333346	0.907226140016492
1.8496223958333347	0.9803666148876733
1.9496223958333347	1.0536494023705765
2.049622395833335	1.1311418119342427
2.149622395833335	1.2132460796699887
2.249622395833335	1.2940965571809406
2.349622395833335	1.3756142671450409
2.449622395833335	1.4592483464551753
2.5496223958333353	1.5443519641073562
2.6496223958333354	1.6276239507764827
2.7496223958333355	1.6837672748480215
2.8496223958333355	1.7432569718734596
2.9496223958333356	1.8089671125218745
3.0496223958333353	1.8764407217384875
3.149622395833335	1.9443045871115319
3.2496223958333346	2.015369727893892
3.349622395833334	2.0859237295269395
3.449622395833334	2.1608644745553565
3.5496223958333335	2.2341778805125703
3.649622395833333	2.3107180667649123
3.749622395833333	2.390998010141687
3.8496223958333324	2.4700022321897643
3.949622395833332	2.5495844437743576
4.049622395833332	2.6324750723260615
4.149622395833331	2.7166138861409266
4.249622395833331	2.797881174238841
4.349622395833331	2.8832308399848348
4.44962239583333	2.9695686777473917
4.54962239583333	3.0564987540700392
4.64962239583333	3.1446810162106433
4.749622395833329	3.2321691974082944
4.849622395833329	3.3216794211423584
4.9496223958333285	3.4125189250881087
5.049622395833328	3.502996108656621
5.149622395833328	3.5953871109138826
5.212999999999999	3.6537730682394147
1000005.213	3.6537730682394147
