-100001.1	0
0	0
0.0033333333333334103	0.0005869400086403723
0.008333333333333304	0.0014384503468525206
0.015833333333333366	0.002746452182015464
0.027083333333333348	0.004814561326053529
0.04395833333333332	0.008294528865214644
0.06927083333333339	0.013289315946777062
0.1072395833333335	0.021061677413439832
0.16419270833333344	0.03313481726358349
0.24962239583333345	0.052505554039512625
0.34962239583333354	0.07721378608079373
0.44962239583333363	0.10230197338393204
0.5496223958333337	0.13038685010664022
0.6496223958333338	0.14706672215949224
0.7496223958333339	0.1692287998157365
0.849622395833334	0.19977728588341537
0.9496223958333339	0.23666780325939807
1.049622395833334	0.2783629733578001
1.149622395833334	0.3231370106128775
1.2496223958333341	0.36682190336989035
1.3496223958333342	0.402852631137495
1.4496223958333343	0.43351203416717504
1.5496223958333344	0.46697215304083856
1.6496223958333345	0.5044387111956038
1.7496223958333346	0.5494038230459677
1.8496223958333347	0.6209786044912944
1.9496223958333347	0.6568746928062799
2.049622395833335	0.7091046237467754
2.149622395833335	0.7819768271346114
2.249622395833335	0.8337021535285906
2.349622395833335	0.8857560264468854
2.449622395833335	0.9445493053951318
2.5496223958333353	1.0044525069089296
2.6496223958333354	1.0678359207997359
2.7496223958333355	1.13049427601172
2.8496223958333355	1.197735647136554
2.9496223958333356	1.2642417769344483
3.0496223958333353	1.3348280965517056
3.149622395833335	1.406797102880491
3.2496223958333346	1.4829263536287896
3.349622395833334	1.5541304042713133
3.449622395833334	1.6277792148612527
3.5496223958333335	1.7049902081141404
3.649622395833333	1.7823719163908647
3.749622395833333	1.862917205271521
3.8496223958333324	1.9421390376726158
3.949622395833332	2.027518893383437
4.049622395833332	2.106533942694269
4.149622395833331	2.1900263238654865
4.249622395833331	2.273524286127545
4.349622395833331	2.357844402608537
4.44962239583333	2.4448803232973986
4.54962239583333	2.530000257146967
4.64962239583333	2.617960166007705
4.749622395833329	2.7063592782232884
4.849622395833329	2.7942877027263595
4.9496223958333285	2.8851605360462678
5.049622395833328	2.9742006933871594
5.149622395833328	3.0663390790989045
5.212999999999999	3.121760444972683
1000005.213	3.121760444972683
