-100001.1	0
0	0
0.0033333333333334103	0.0016769169598129029
0.008333333333333304	0.004198750395032606
0.015833333333333366	0.00799603657643247
0.027083333333333348	0.013724690608440372
0.04395833333333332	0.022371698788940967
0.06927083333333339	0.035399463076572726
0.1072395833333335	0.05506636696374318
0.16419270833333344	0.08485266031044711
0.24962239583333345	0.1301893494213335
0.34962239583333354	0.18428103458152661
0.44962239583333363	0.23949991439651439
0.5496223958333337	0.2958667724367806
0.6496223958333338	0.3533998407101219
0.7496223958333339	0.41211246096343185
0.849622395833334	0.47201584003388125
0.9496223958333339	0.5331162467177778
1.049622395833334	0.5954183299776235
1.149622395833334	0.6589218155263586
1.2496223958333341	0.7236253472284279
1.3496223958333342	0.7895227215451772
1.4496223958333343	0.8566072273623009
1.5496223958333344	0.9248674311389898
1.6496223958333345	0.9942919468364456
1.7496223958333346	1.0648648402056544
1.8496223958333347	1.1365707481871292
1.9496223958333347	1.209389960090325
2.049622395833335	1.2833038056558372
2.149622395833335	1.3582895289658659
2.249622395833335	1.4343257684605428
2.349622395833335	1.5113874147809614
2.449622395833335	1.5894509790365037
2.5496223958333353	1.6684896572291887
2.6496223958333354	1.748478325605342
2.7496223958333355	1.8293890878012806
2.8496223958333355	1.9111955722009444
2.9496223958333356	1.9938694292505175
3.0496223958333353	2.0773832831611214
3.149622395833335	2.1617089382309174
3.2496223958333346	2.24681822275015
3.349622395833334	2.3326835587279997
3.449622395833334	2.419276282331638
3.5496223958333335	2.5065696237020862
3.649622395833333	2.5945349420281247
3.749622395833333	2.6831461798869687
3.8496223958333324	2.772375349343104
3.949622395833332	2.8621968813971885
4.049622395833332	2.9525841085410742
4.149622395833331	3.0435116498893158
4.249622395833331	3.134954705874029
4.349622395833331	3.226888112135989
4.44962239583333	3.3192887339077255
4.54962239583333	3.4121322965865977
4.64962239583333	3.5053968098616726
4.749622395833329	3.5990596018359526
4.849622395833329	3.6930993411505275
4.9496223958333285	3.787495479839109
5.049622395833328	3.8822272985718604
5.149622395833328	3.9772760178391384
5.212999999999999	4.037671385671796
1000005.213	4.037671385671796
