-100001.1	0
0	0
0.0033333333333334103	0.0019989123168165845
0.008333333333333304	0.00500276560656468
0.015833333333333366	0.009520892859038142
0.027083333333333348	0.01632588705091298
0.04395833333333332	0.026576123273666326
0.06927083333333339	0.04199787987367429
0.1072395833333335	0.0652336970776018
0.16419270833333344	0.10032245208053017
0.24962239583333345	0.15349438329573878
0.34962239583333354	0.21657035280147574
0.44962239583333363	0.2805638411707576
0.5496223958333337	0.345488293149327
0.6496223958333338	0.41135556014568436
0.7496223958333339	0.4781734315059603
0.849622395833334	0.5459484164347351
0.9496223958333339	0.6146830378844172
1.049622395833334	0.6843788331158849
1.149622395833334	0.755033486267624
1.2496223958333341	0.8266440375439162
1.3496223958333342	0.8992038380701025
1.4496223958333343	0.97270593662052
1.5496223958333344	1.0471398799322258
1.6496223958333345	1.1224952662225542
1.7496223958333346	1.1987584098982371
1.8496223958333347	1.275915962224998
1.9496223958333347	1.3539515800330633
2.049622395833335	1.4328494717806093
2.149622395833335	1.512591188038375
2.249622395833335	1.5931589360307592
2.349622395833335	1.6745327231240235
2.449622395833335	1.7566931324477288
2.5496223958333353	1.8396191479155524
2.6496223958333354	1.9232900605043488
2.7496223958333355	2.0076843574833982
2.8496223958333355	2.092779587211571
2.9496223958333356	2.178556259907255
3.0496223958333353	2.264989774461067
3.149622395833335	2.35205949691403
3.2496223958333346	2.43974249275007
3.349622395833334	2.52801779365157
3.449622395833334	2.616862510212915
3.5496223958333335	2.706256011975649
3.649622395833333	2.796175935220299
3.749622395833333	2.886601848759875
3.8496223958333324	2.977512441929936
3.949622395833332	3.0688873328720847
4.049622395833332	3.160706632200728
4.149622395833331	3.252950067808357
4.249622395833331	3.3455990610722433
4.349622395833331	3.438633970330637
4.44962239583333	3.532037142311033
4.54962239583333	3.6257901406380637
4.64962239583333	3.7198758455696637
4.749622395833329	3.81427745835337
4.849622395833329	3.908978288950968
4.9496223958333285	4.003963050707449
5.049622395833328	4.099215902332596
5.149622395833328	4.194722566255003
5.212999999999999	4.2553776488788255
1000005.213	4.2553776488788255
