-100001.1	0
0	0
0.0033333333333334103	0.002727017763149695
0.008333333333333304	0.006820300175981046
0.015833333333333366	0.012966440880822237
0.027083333333333348	0.022197139033601505
0.04395833333333332	0.03605411521975478
0.06927083333333339	0.05686158136069788
0.1072395833333335	0.08812216643653936
0.16419270833333344	0.13512518557350323
0.24962239583333345	0.20588437762010545
0.34962239583333354	0.289102006616079
0.44962239583333363	0.37274267744628237
0.5496223958333337	0.4568067469510095
0.6496223958333338	0.5412946432115452
0.7496223958333339	0.6262046712854781
0.849622395833334	0.7115354069375714
0.9496223958333339	0.7972833927572043
1.049622395833334	0.8834455176010523
1.149622395833334	0.9700168409867277
1.2496223958333341	1.0569927338305798
1.3496223958333342	1.1443670563087003
1.4496223958333343	1.2321338310003653
1.5496223958333344	1.3202859987015783
1.6496223958333345	1.4088253896413774
1.7496223958333346	1.4977173405816442
1.8496223958333347	1.5869806691023765
1.9496223958333347	1.6765982351432436
2.049622395833335	1.7665611212938406
2.149622395833335	1.8568609050479787
2.249622395833335	1.9474881014357204
2.349622395833335	2.0384341580021115
2.449622395833335	2.1296892565320573
2.5496223958333353	2.22124478930716
2.6496223958333354	2.3130908170362012
2.7496223958333355	2.405218753470802
2.8496223958333355	2.4976187800899123
2.9496223958333356	2.5902823112847813
3.0496223958333353	2.683199864784544
3.149622395833335	2.7763633200161117
3.2496223958333346	2.869762406751725
3.349622395833334	2.9633898727708456
3.449622395833334	3.0572370624840577
3.5496223958333335	3.1512954225159424
3.649622395833333	3.2455573993309144
3.749622395833333	3.3400147404299236
3.8496223958333324	3.434660638308497
3.949622395833332	3.529486554294852
4.049622395833332	3.624485565431472
4.149622395833331	3.7196502797860744
4.249622395833331	3.814974184597333
4.349622395833331	3.910455566157543
4.44962239583333	4.006085561513482
4.54962239583333	4.101858261893506
4.64962239583333	4.197767937663168
4.749622395833329	4.293809657279818
4.849622395833329	4.389978357223258
4.9496223958333285	4.486269483297276
5.049622395833328	4.582678658684423
5.149622395833328	4.679201629452243
5.212999999999999	4.740433066546485
1000005.213	4.740433066546485
