-100001.1	0
0	0
0.0033333333333334103	0.0028966098502383785
0.008333333333333304	0.007243509389510256
0.015833333333333366	0.013768382652076652
0.027083333333333348	0.02356135920051159
0.04395833333333332	0.03825804557325477
0.06927083333333339	0.06031899921488546
0.1072395833333335	0.09344609652160117
0.16419270833333344	0.1432177620877852
0.24962239583333345	0.21805846482633928
0.34962239583333354	0.30594288954946625
0.44962239583333363	0.39412845312081063
0.5496223958333337	0.4826135829784538
0.6496223958333338	0.5713969960982658
0.7496223958333339	0.6604757534616421
0.849622395833334	0.7498474641903995
0.9496223958333339	0.8395080998404459
1.049622395833334	0.9294542352961171
1.149622395833334	1.0196810004369434
1.2496223958333341	1.1101840310998512
1.3496223958333342	1.20095784509754
1.4496223958333343	1.2919972478242236
1.5496223958333344	1.383296362255643
1.6496223958333345	1.47484926033479
1.7496223958333346	1.5666498872073926
1.8496223958333347	1.6586917058818471
1.9496223958333347	1.750968576652379
2.049622395833335	1.8434735700414264
2.149622395833335	1.9362005293073445
2.249622395833335	2.0291423071002743
2.349622395833335	2.1222927824952422
2.449622395833335	2.215644779456
2.5496223958333353	2.3091922400227833
2.6496223958333354	2.402928139227259
2.7496223958333355	2.49684648626662
2.8496223958333355	2.590940572099228
2.9496223958333356	2.6852044454823027
3.0496223958333353	2.7796319052971823
3.149622395833335	2.8742170081314717
3.2496223958333346	2.9689541642108197
3.349622395833334	3.063837521277429
3.449622395833334	3.1588620311506066
3.5496223958333335	3.2540221071264197
3.649622395833333	3.349313138618245
3.749622395833333	3.4447299986042683
3.8496223958333324	3.540268387383597
3.949622395833332	3.6359236766133587
4.049622395833332	3.7316907870449243
4.149622395833331	3.8275656646610323
4.249622395833331	3.9235443819126994
4.349622395833331	4.019628447059835
4.44962239583333	4.115811502659498
4.54962239583333	4.212090389611599
4.64962239583333	4.308461881954023
4.749622395833329	4.4049234291022685
4.849622395833329	4.501473017704711
4.9496223958333285	4.598107966378122
5.049622395833328	4.694826554246836
5.149622395833328	4.791626755652958
5.212999999999999	4.8530180589295
1000005.213	4.8530180589295
