-100001.1	0
0	0
0.0033333333333334103	0.003032977586551226
0.008333333333333304	0.0075837618276206956
0.015833333333333366	0.01441249893411033
0.027083333333333348	0.02465812052327377
0.04395833333333332	0.04003135834062434
0.06927083333333339	0.06310201293734836
0.1072395833333335	0.0977321413184567
0.16419270833333344	0.14973221741777223
0.24962239583333345	0.227855692141848
0.34962239583333354	0.31949044941781
0.44962239583333363	0.4113253244574658
0.5496223958333337	0.5033577914161341
0.6496223958333338	0.5955856153624116
0.7496223958333339	0.6880054062538328
0.849622395833334	0.7806143785194338
0.9496223958333339	0.8734085042465027
1.049622395833334	0.966384462747148
1.149622395833334	1.0595378250312069
1.2496223958333341	1.1528647649500816
1.3496223958333342	1.2463606325197045
1.4496223958333343	1.3400211453088413
1.5496223958333344	1.433841616440782
1.6496223958333345	1.5278173622183855
1.7496223958333346	1.6219437929223561
1.8496223958333347	1.7162159136904362
1.9496223958333347	1.8106292700539486
2.049622395833335	1.9051787440744257
2.149622395833335	1.999860017901669
2.249622395833335	2.094668007315951
2.349622395833335	2.189598525543503
2.449622395833335	2.28464665964037
2.5496223958333353	2.3798083425985532
2.6496223958333354	2.4750789775825432
2.7496223958333355	2.570454595031682
2.8496223958333355	2.665931046087925
2.9496223958333356	2.7615044353114486
3.0496223958333353	2.857171124526704
3.149622395833335	2.9529273403541607
3.2496223958333346	3.048769936473274
3.349622395833334	3.144695389163992
3.449622395833334	3.2407009305835057
3.5496223958333335	3.3367834278930015
3.649622395833333	3.432940414116126
3.749622395833333	3.529169260774864
3.8496223958333324	3.625467706200712
3.949622395833332	3.721833682998108
4.049622395833332	3.8182651464540642
4.149622395833331	3.914760522786977
4.249622395833331	4.011318071213995
4.349622395833331	4.107936592667404
4.44962239583333	4.204614745409948
4.54962239583333	4.30135159460377
4.64962239583333	4.398146257315345
4.749622395833329	4.4949980053565275
4.849622395833329	4.59190637483154
4.9496223958333285	4.688870855742763
5.049622395833328	4.785891292917564
5.149622395833328	4.8829674578565
5.212999999999999	4.94452093593037
1000005.213	4.94452093593037
