-100001.1	0
0	0
0.0033333333333334103	0.003214362544800529
0.008333333333333304	0.008036605878594455
0.015833333333333366	0.015270040438282298
0.027083333333333348	0.026120885084907064
0.04395833333333332	0.042398703746862436
0.06927083333333339	0.06681889756132373
0.1072395833333335	0.10345685030498761
0.16419270833333344	0.15843142279615358
0.24962239583333345	0.24093215402624613
0.34962239583333354	0.33756029855127573
0.44962239583333363	0.4342509129737416
0.5496223958333337	0.5309981576390639
0.6496223958333338	0.6278009222968537
0.7496223958333339	0.7246565953902853
0.849622395833334	0.8215629249349118
0.9496223958333339	0.9185171798311189
1.049622395833334	1.0155170976362555
1.149622395833334	1.1125599747555552
1.2496223958333341	1.209643508302901
1.3496223958333342	1.306765131023725
1.4496223958333343	1.4039224842682543
1.5496223958333344	1.5011132412939017
1.6496223958333345	1.5983350120876798
1.7496223958333346	1.695585693276241
1.8496223958333347	1.7928629679990944
1.9496223958333347	1.8901649595725964
2.049622395833335	1.987489494542689
2.149622395833335	2.084834878679353
2.249622395833335	2.182199180502503
2.349622395833335	2.2795808565290288
2.449622395833335	2.3769782878060446
2.5496223958333353	2.474390065806419
2.6496223958333354	2.571814923015544
2.7496223958333355	2.6692516034832314
2.8496223958333355	2.7666991434626866
2.9496223958333356	2.8641565139075875
3.0496223958333353	2.9616230533149634
3.149622395833335	3.0590979938476117
3.2496223958333346	3.1565808973314646
3.349622395833334	3.2540713033625654
3.449622395833334	3.3515689891248526
3.5496223958333335	3.4490737439311574
3.649622395833333	3.5465858126172303
3.749622395833333	3.6441051049235673
3.8496223958333324	3.7416318954240864
3.949622395833332	3.8391666331955747
4.049622395833332	3.9367097492991876
4.149622395833331	4.034261278171922
4.249622395833331	4.131823755430951
4.349622395833331	4.229396174330676
4.44962239583333	4.326980082672747
4.54962239583333	4.424576463310842
4.64962239583333	4.522186458886357
4.749622395833329	4.619811224959022
4.849622395833329	4.717452046282803
4.9496223958333285	4.815110217180128
5.049622395833328	4.912787143287188
5.149622395833328	5.010484257004975
5.212999999999999	5.072413460566569
1000005.213	5.072413460566569
