-100001.1	0
0	0
0.0033333333333334103	0.003263959341985342
0.008333333333333304	0.008159960418042856
0.015833333333333366	0.015504081507325712
0.027083333333333348	0.026520528437431606
0.04395833333333332	0.04304578425732443
0.06927083333333339	0.06783494951590734
0.1072395833333335	0.10502151493299923
0.16419270833333344	0.16080807953934514
0.24962239583333345	0.2445023834074141
0.34962239583333354	0.3424920092635631
0.44962239583333363	0.4405026740070101
0.5496223958333337	0.5385327791240925
0.6496223958333338	0.6365807717891274
0.7496223958333339	0.7346449378311476
0.849622395833334	0.8327238034561218
0.9496223958333339	0.9308156528973146
1.049622395833334	1.028919073901478
1.149622395833334	1.1270324182099256
1.2496223958333341	1.2251542973535836
1.3496223958333342	1.3232832213298975
1.4496223958333343	1.4214178077846633
1.5496223958333344	1.5195567668398884
1.6496223958333345	1.6176987535375245
1.7496223958333346	1.7158426425121984
1.8496223958333347	1.8139872078586934
1.9496223958333347	1.9121314704325416
2.049622395833335	2.010274360773902
2.149622395833335	2.108415037339757
2.249622395833335	2.2065526311073635
2.349622395833335	2.304686411148812
2.449622395833335	2.4028157319261263
2.5496223958333353	2.5009399997573634
2.6496223958333354	2.5990587763820705
2.7496223958333355	2.69717163010774
2.8496223958333355	2.7952783037328244
2.9496223958333356	2.893378562582259
3.0496223958333353	2.991472323915505
3.149622395833335	3.089559544214974
3.2496223958333346	3.1876403124989467
3.349622395833334	3.2857147799848114
3.449622395833334	3.3837832026163315
3.5496223958333335	3.4818457345971883
3.649622395833333	3.579903355456753
3.749622395833333	3.677956026804089
3.8496223958333324	3.7760045193139127
3.949622395833332	3.874049217569589
4.049622395833332	3.9720917190053853
4.149622395833331	4.070132001910807
4.249622395833331	4.168171227561956
4.349622395833331	4.266210350711663
4.44962239583333	4.364250397967181
4.54962239583333	4.462292429654523
4.64962239583333	4.56033757801304
4.749622395833329	4.658387006058874
4.849622395833329	4.756441939488146
4.9496223958333285	4.854503632580862
5.049622395833328	4.952573355025846
5.149622395833328	5.050652438153806
5.212999999999999	5.11281812780214
1000005.213	5.11281812780214
