-100001.1	0
0	0
0.0033333333333334103	0.0032885327700384517
0.008333333333333304	0.00822134004856582
0.015833333333333366	0.015620568311566836
0.027083333333333348	0.02671944689783039
0.04395833333333332	0.043367836640701485
0.06927083333333339	0.06834161503630926
0.1072395833333335	0.10579996722799205
0.16419270833333344	0.1619901460972069
0.24962239583333345	0.24627753470683902
0.34962239583333354	0.3449432515805674
0.44962239583333363	0.4436114481266926
0.5496223958333337	0.54228154754436
0.6496223958333338	0.6409529893068392
0.7496223958333339	0.7396251815198218
0.849622395833334	0.8382976046031693
0.9496223958333339	0.9369696836472265
1.049622395833334	1.035640920201325
1.149622395833334	1.1343107900841003
1.2496223958333341	1.2329788176859071
1.3496223958333342	1.3316445395593761
1.4496223958333343	1.4303075114101325
1.5496223958333344	1.5289673314078283
1.6496223958333345	1.6276235959197178
1.7496223958333346	1.7262759526346607
1.8496223958333347	1.8249240625826963
1.9496223958333347	1.9235676363557652
2.049622395833335	2.022206399432273
2.149622395833335	2.1208401089396105
2.249622395833335	2.2194685652543993
2.349622395833335	2.3180916000849097
2.449622395833335	2.416709061431528
2.5496223958333353	2.5153208534206324
2.6496223958333354	2.6139268966276514
2.7496223958333355	2.7125271768148824
2.8496223958333355	2.811121672013317
2.9496223958333356	2.909710434619619
3.0496223958333353	3.008293365320624
3.149622395833335	3.106871035303325
3.2496223958333346	3.2054431245656367
3.349622395833334	3.3040099444969004
3.449622395833334	3.4025717126986326
3.5496223958333335	3.501128647404991
3.649622395833333	3.599681037584168
3.749622395833333	3.69822916209046
3.8496223958333324	3.796773360120428
3.949622395833332	3.895313986252026
4.049622395833332	3.9938514120436044
4.149622395833331	4.092386055927011
4.249622395833331	4.190918343081564
4.349622395833331	4.289448738730507
4.44962239583333	4.387977708466568
4.54962239583333	4.4865057565331234
4.64962239583333	4.585037992697748
4.749622395833329	4.68356114829819
4.849622395833329	4.782089565571873
4.9496223958333285	4.88061920233418
5.049622395833328	4.9791506214839725
5.149622395833328	5.077684388292094
5.212999999999999	5.14013424428344
1000005.213	5.14013424428344
