-100001.1	0
0	0
0.0033333333333334103	0.003293000000000554
0.008333333333333304	0.008232500000000509
0.015833333333333366	0.015641750000000617
0.027083333333333348	0.02675562500000083
0.04395833333333332	0.04342643750000095
0.06927083333333339	0.06843265625000135
0.1072395833333335	0.10594198437500191
0.16419270833333344	0.16220597656250252
0.24962239583333345	0.2466019648437537
0.34962239583333354	0.3453919648437547
0.44962239583333363	0.4441819648437562
0.5496223958333337	0.5429719648437574
0.6496223958333338	0.6417619648437587
0.7496223958333339	0.7405519648437591
0.849622395833334	0.8393419648437593
0.9496223958333339	0.9381319648437595
1.049622395833334	1.0369219648437606
1.149622395833334	1.1357119648437617
1.2496223958333341	1.2345019648437627
1.3496223958333342	1.3332919648437642
1.4496223958333343	1.4320819648437646
1.5496223958333344	1.530871964843765
1.6496223958333345	1.6296619648437656
1.7496223958333346	1.728451964843766
1.8496223958333347	1.8272419648437697
1.9496223958333347	1.9260319648437705
2.049622395833335	2.024821964843771
2.149622395833335	2.123611964843772
2.249622395833335	2.2224019648437725
2.349622395833335	2.321191964843773
2.449622395833335	2.4199819648437733
2.5496223958333353	2.5187719648437743
2.6496223958333354	2.6175619648437745
2.7496223958333355	2.7163519648437755
2.8496223958333355	2.8151419648437765
2.9496223958333356	2.9139319648437767
3.0496223958333353	3.0127219648437777
3.149622395833335	3.111511964843778
3.2496223958333346	3.2103019648437794
3.349622395833334	3.309091964843778
3.449622395833334	3.407881964843778
3.5496223958333335	3.506671964843779
3.649622395833333	3.6054619648437787
3.749622395833333	3.70425196484378
3.8496223958333324	3.8030419648437794
3.949622395833332	3.9018319648437805
4.049622395833332	4.0006219648437815
4.149622395833331	4.09941196484378
4.249622395833331	4.198201964843782
4.349622395833331	4.29699196484378
4.44962239583333	4.39578196484378
4.54962239583333	4.494571964843784
4.64962239583333	4.593361964843786
4.749622395833329	4.692151964843788
4.849622395833329	4.790941964843787
4.9496223958333285	4.8897319648437865
5.049622395833328	4.988521964843787
5.149622395833328	5.08731196484379
5.212999999999999	5.149922700000043
1000005.213	5.149922700000043
