-100000	0
0	0
0.0033333333333333335	0.0011446254075330993
0.008333333333333333	0.00322057524013729
0.01583333333333333	0.006821199559310722
0.02708333333333333	0.012987064931943088
0.043958333333333335	0.02353683507921468
0.06927083333333334	0.041574706408205195
0.10723958333333333	0.07245104493955756
0.16419270833333333	0.1253446276276063
0.24962239583333334	0.2159348548173314
0.3496223958333333	0.33513556846617504
0.4496223958333333	0.46553298509682367
0.5496223958333333	0.6051072920580701
0.6496223958333333	0.7524524908990131
0.7496223958333332	0.9065222031523985
0.8496223958333332	1.0665140080363407
0.9496223958333332	1.2317891358714474
1.0496223958333333	1.401834506129016
1.1496223958333334	1.576234166383213
1.2496223958333335	1.7546513618250748
1.3496223958333335	1.936816783432727
1.4496223958333336	2.1225214159440804
1.5496223958333337	2.311612692672312
1.6000000000000003	2.4081230469994175
1000001.6	2.4081230469994175
