-100000	0
0.0000000000000002220446049250313	0
0.0033333333333335556	0
0.008333333333333555	0.00000000000000000000000000000000914816723583937
0.015833333333333553	0.00000000000000000000000000000003062228611575705
0.027083333333333553	0.000000000000000000000000000000013577806107930013
0.04395833333333356	0.00000000000000000000000000000006394087415365623
0.06927083333333356	0.00000000000000000000000000000004660750465417111
0.10723958333333355	0.0000000000000000000000000000003959711965660157
0.16419270833333355	0.0000000000000000000000000000006286235338479938
0.24962239583333357	0.0000000000000000000000000000007488015623777572
0.34962239583333354	0.000000000000000000000000000003673133589935336
0.4496223958333335	0.0000000000000000000000000000012418396281408897
0.5496223958333335	0.0000000000000000000000000000035252221702063965
0.6496223958333335	0.00000000000000000000000000000867746995743113
0.7496223958333335	0.00000000000000000000000000001472951221467358
0.8496223958333334	0.000000000000000000000000000015580002878114983
0.9496223958333334	0.00000000000000000000000000000860351424756666
1.0496223958333335	0.000000000000000000000000000027807346909040666
1.1496223958333336	0.000000000000000000000000000006286235338479938
1.2496223958333337	0.000000000000000000000000000023370004317172478
1.3496223958333338	0.00000000000000000000000000006991279772521217
1.4496223958333339	0.000000000000000000000000000046542793408039697
1.549622395833334	0.00000000000000000000000000004154462001636594
1.6000000000000003	0.0000000000000000000000000000028349688781380112
1000001.6	0.0000000000000000000000000000028349688781380112
