-100001.1	0
5.213000000000001	0
5.216333333333334	0
5.221333333333334	0
5.228833333333334	0
5.2400833333333345	0
5.256958333333334	0.000000000000000000000000000000013866695599588098
5.282270833333334	0.000000000000000000000000000000004622231866529366
5.3202395833333345	0.000000000000000000000000000000018488927466117464
5.377192708333334	0.000000000000000000000000000000004622231866529366
5.462622395833334	0.00000000000000000000000000000009860761315262648
5.562622395833333	0.0000000000000000000000000000001078520768856852
5.662622395833333	0.00000000000000000000000000000003177784408238939
5.762622395833333	0.0000000000000000000000000000002711709361697228
5.862622395833332	0.0000000000000000000000000000011293653193886751
5.962622395833332	0
6.062622395833332	0
6.162622395833331	0.00000000000000000000000000000028773393369145304
6.262622395833331	0.0000000000000000000000000000000677927340424307
6.362622395833331	0.00000000000000000000000000000020954117794933126
6.46262239583333	0.0000000000000000000000000000001232595164407831
6.56262239583333	0.0000000000000000000000000000021693674893577825
6.6626223958333295	0.0000000000000000000000000000007981053689540705
6.762622395833329	0.0000000000000000000000000000038826747678846675
6.862622395833329	0.0000000000000000000000000000009325352790722996
6.962622395833328	0.00000000000000000000000000000059116419642966205
7.062622395833328	0.000000000000000000000000000007358593131514751
7.162622395833328	0.000000000000000000000000000002354256764018957
7.262622395833327	0.0000000000000000000000000000017995889400354332
7.362622395833327	0.000000000000000000000000000007543482406175925
7.462622395833327	0.0000000000000000000000000000001355854680848614
7.562622395833326	0.0000000000000000000000000000003104599070352224
7.662622395833326	0.00000000000000000000000000000298904327368899
7.762622395833326	0.000000000000000000000000000006015064402310215
7.862622395833325	0.00000000000000000000000000001778326673449398
7.962622395833325	0.0000000000000000000000000000033384069656008346
8.062622395833325	0.000000000000000000000000000005881404864169741
8.162622395833324	0.00000000000000000000000000000071490519535654195
8.262622395833324	0.000000000000000000000000000006736132573488796
8.362622395833323	0.000000000000000000000000000013872858575410137
8.462622395833323	0.000000000000000000000000000015573839902292944
8.55	0.000000000000000000000000000003747089299799806
1000008.55	0.000000000000000000000000000003747089299799806
