-100001.1	0
5.213000000000001	0
5.216333333333334	0.002887328703836497
5.221333333333334	0.0072285448010296904
5.228833333333334	0.013763097058659756
5.2400833333333345	0.023616378465395434
5.256958333333334	0.03850793709980472
5.282270833333334	0.06115438740615333
5.3202395833333345	0.09589027053596276
5.377192708333334	0.1500717076726341
5.462622395833334	0.23321656585467573
5.562622395833333	0.3341115712878967
5.662622395833333	0.43641237384827336
5.762622395833333	0.5365373534689327
5.862622395833332	0.6405263943055183
5.962622395833332	0.7456049593860482
6.062622395833332	0.8496704130188006
6.162622395833331	0.9558093419644419
6.262622395833331	1.060596548950682
6.362622395833331	1.1654384501025943
6.46262239583333	1.2700097869254288
6.56262239583333	1.3696357218659896
6.6626223958333295	1.4686158558172853
6.762622395833329	1.5676239252641362
6.862622395833329	1.66250151542272
6.962622395833328	1.7696168740823108
7.062622395833328	1.8827443142470472
7.162622395833328	1.9874676195559904
7.262622395833327	2.091091405887645
7.362622395833327	2.204504650546638
7.462622395833327	2.3165434104412914
7.562622395833326	2.425353813935603
7.662622395833326	2.532403433236308
7.762622395833326	2.643434029332409
7.862622395833325	2.7488231964514007
7.962622395833325	2.860973934029849
8.062622395833325	2.9768097178626705
8.162622395833324	3.0816750461784457
8.262622395833324	3.1897904099873795
8.362622395833323	3.296287088005652
8.462622395833323	3.3999673052120407
8.55	3.4929482497732445
1000008.55	3.4929482497732445
