-100001.1	0
5.213000000000001	0
5.216333333333334	0.0030230611631616505
5.221333333333334	0.007559774730023419
5.228833333333334	0.014369605869514999
5.2400833333333345	0.024595046039573253
5.256958333333334	0.03995714773058837
5.282270833333334	0.06305343186435063
5.3202395833333345	0.09781506113890781
5.377192708333334	0.15021158923794461
5.462622395833334	0.22934671381142516
5.562622395833333	0.3227403885500758
5.662622395833333	0.41687972975585785
5.762622395833333	0.5116882837615635
5.862622395833332	0.6070930762415339
5.962622395833332	0.7030236184471786
6.062622395833332	0.799417253283383
6.162622395833331	0.8962085508259084
6.262622395833331	0.9933403177237178
6.362622395833331	1.0907579076833285
6.46262239583333	1.1884105733911468
6.56262239583333	1.2862518542057493
6.6626223958333295	1.3842391392706879
6.762622395833329	1.482333927772161
6.862622395833329	1.5805022811034293
6.962622395833328	1.678714457140202
7.062622395833328	1.7769450674709368
7.162622395833328	1.875173522465657
7.262622395833327	1.9733834477405952
7.362622395833327	2.0715607618889544
7.462622395833327	2.1697042653622782
7.562622395833326	2.2678091289010927
7.662622395833326	2.3658782744862177
7.762622395833326	2.4639192952150384
7.862622395833325	2.561944399071874
7.962622395833325	2.659971028950268
8.062622395833325	2.758021121414763
8.162622395833324	2.8561209383317148
8.262622395833324	2.9543015864627695
8.362622395833323	3.052599056692298
8.462622395833323	3.151052604720091
8.55	3.237240775131898
1000008.55	3.237240775131898
