-100001.1	0
5.213000000000001	0
5.216333333333334	0.003111394697645244
5.221333333333334	0.007780211612785953
5.228833333333334	0.014787302475523111
5.2400833333333345	0.025306625282138517
5.256958333333334	0.04110509596703219
5.282270833333334	0.06484609813418633
5.3202395833333345	0.10055262490143373
5.377192708333334	0.1543178245205923
5.462622395833334	0.2353991157507685
5.562622395833333	0.3309139652557232
5.662622395833333	0.4270129702547886
5.762622395833333	0.5236273544249992
5.862622395833332	0.6206917662394794
5.962622395833332	0.7181446454530377
6.062622395833332	0.8159278595340713
6.162622395833331	0.9139865981328099
6.262622395833331	1.0122699362385148
6.362622395833331	1.1107309672596057
6.46262239583333	1.2093261361608842
6.56262239583333	1.308015758232835
6.6626223958333295	1.4067644591607098
6.762622395833329	1.5055407145797233
6.862622395833329	1.6043167841636063
6.962622395833328	1.7030693211015655
7.062622395833328	1.8017792453247352
7.162622395833328	1.9004314778321323
7.262622395833327	1.9990152891094548
7.362622395833327	2.0975217111120905
7.462622395833327	2.1959539129537435
7.562622395833326	2.2943116946977944
7.662622395833326	2.3926017295752766
7.762622395833326	2.490834897326669
7.862622395833325	2.58902666663415
7.962622395833325	2.687196915054845
8.062622395833325	2.7853693670550466
8.162622395833324	2.8835717980095263
8.262622395833324	2.9818368392358807
8.362622395833323	3.0802006278229497
8.462622395833323	3.1787026648974823
8.55	3.2649183743784698
1000008.55	3.2649183743784698
