-100001.1	0
5.213000000000001	0
5.216333333333334	0.0031406027162729304
5.221333333333334	0.007853045881033386
5.228833333333334	0.014925144104081944
5.2400833333333345	0.02554098529031361
5.256958333333334	0.041482062082889355
5.282270833333334	0.06543252017255091
5.3202395833333345	0.10144354571763801
5.377192708333334	0.15564288525623118
5.462622395833334	0.23732876923698668
5.562622395833333	0.33348471709102867
5.662622395833333	0.4301586860716098
5.762622395833333	0.5272886550324587
5.862622395833332	0.6248152503712832
5.962622395833332	0.7226819212745887
6.062622395833332	0.820836041742966
6.162622395833331	0.9192286396463043
6.262622395833331	1.0178135202115002
6.362622395833331	1.116547725328302
6.46262239583333	1.2153924575885429
6.56262239583333	1.3143125285824322
6.6626223958333295	1.4132757783339382
6.762622395833329	1.5122537276941717
6.862622395833329	1.6112220750730186
6.962622395833328	1.7101601412642558
7.062622395833328	1.8090506064471779
7.162622395833328	1.9078801686647002
7.262622395833327	2.0066395044151912
7.362622395833327	2.1053230038394997
7.462622395833327	2.203928803104187
7.562622395833326	2.302459033296065
7.662622395833326	2.4009195790382885
7.762622395833326	2.4993200773103244
7.862622395833325	2.5976742561254254
7.962622395833325	2.6959993913206675
8.062622395833325	2.7943162824487824
8.162622395833324	2.89264943321717
8.262622395833324	2.991027530568485
8.362622395833323	3.089482105233358
8.462622395833323	3.1880478819921088
8.55	3.274292795030227
1000008.55	3.274292795030227
