-100001.1	0
5.213000000000001	0
5.216333333333334	0.003028014767639426
5.221333333333334	0.007572022321898061
5.228833333333334	0.014390715006629352
5.2400833333333345	0.024627813547169444
5.256958333333334	0.04000220873421949
5.282270833333334	0.06310550549330586
5.3202395833333345	0.09785208185060992
5.377192708333334	0.150173133343542
5.462622395833334	0.22908668174524943
5.562622395833333	0.32207884994368724
5.662622395833333	0.4156907669664855
5.762622395833333	0.5098746074355754
5.862622395833332	0.6045832764932304
5.962622395833332	0.6997722765849296
6.062622395833332	0.7953997298071053
6.162622395833331	0.8914240739810625
6.262622395833331	0.9878085599291269
6.362622395833331	1.0845163828022648
6.46262239583333	1.1815141217441654
6.56262239583333	1.2787697876539572
6.6626223958333295	1.376253574990692
6.762622395833329	1.473937961426067
6.862622395833329	1.571791226618085
6.962622395833328	1.66980608978885
7.062622395833328	1.7679472118427095
7.162622395833328	1.8661988837268502
7.262622395833327	1.964544259660057
7.362622395833327	2.062966728392845
7.462622395833327	2.1614538290430976
7.562622395833326	2.259993453611438
7.662622395833326	2.3585752067872185
7.762622395833326	2.4571915881046715
7.862622395833325	2.5558362651559934
7.962622395833325	2.654504394818615
8.062622395833325	2.753192425138665
8.162622395833324	2.851897847194173
8.262622395833324	2.9506202480324997
8.362622395833323	3.0493602643827686
8.462622395833323	3.1481185425590796
8.55	3.234429545919743
1000008.55	3.234429545919743
