-100001.1	0
5.213000000000001	0
5.216333333333334	0.0031229084889784703
5.221333333333334	0.007808310882453875
5.228833333333334	0.01483871367315483
5.2400833333333345	0.025389496350897937
5.256958333333334	0.041227340635757385
5.282270833333334	0.06501010154654639
5.3202395833333345	0.10074104194640505
5.377192708333334	0.15446323827897407
5.462622395833334	0.23531630040698365
5.562622395833333	0.33034700929163757
5.662622395833333	0.42576658839182563
5.762622395833333	0.5215453830459486
5.862622395833332	0.6176550429192091
5.962622395833332	0.7140685219351105
6.062622395833332	0.8107599604922826
6.162622395833331	0.9077030328247957
6.262622395833331	1.0048756612161065
6.362622395833331	1.1022552733596054
6.46262239583333	1.1998231792640863
6.56262239583333	1.2975602629514935
6.6626223958333295	1.3954484180850704
6.762622395833329	1.4934708120279354
6.862622395833329	1.5916118410001436
6.962622395833328	1.6898570652980165
7.062622395833328	1.7881932430580139
7.162622395833328	1.8866082800832522
7.262622395833327	1.9850911904619108
7.362622395833327	2.083632047735998
7.462622395833327	2.182221993843481
7.562622395833326	2.280853150005624
7.662622395833326	2.3795185653183983
7.762622395833326	2.478212205746577
7.862622395833325	2.5769288807649935
7.962622395833325	2.6756641515214046
8.062622395833325	2.7744142940212226
8.162622395833324	2.8731762345121417
8.262622395833324	2.971947464868832
8.362622395833323	3.070725958307563
8.462622395833323	3.169510094814314
8.55	3.255828934127032
1000008.55	3.255828934127032
