-100001.1	0
5.213000000000001	0
5.216333333333334	0.0031640310597141393
5.221333333333334	0.007910824541481292
5.228833333333334	0.01503265897443287
5.2400833333333345	0.025718975998871903
5.256958333333334	0.04175629217190882
5.282270833333334	0.06583036131876913
5.3202395833333345	0.10198157014842996
5.377192708333334	0.15629608303799905
5.462622395833334	0.23795724621559047
5.562622395833333	0.3338177130673958
5.662622395833333	0.4299524537111349
5.762622395833333	0.5263391092995404
5.862622395833332	0.6229619949538278
5.962622395833332	0.7198020844090777
6.062622395833332	0.8168442160775324
6.162622395833331	0.914072285261252
6.262622395833331	1.0114710265583633
6.362622395833331	1.109026022174615
6.46262239583333	1.2067236939424184
6.56262239583333	1.3045512835184017
6.6626223958333295	1.4024968425300266
6.762622395833329	1.500549204913047
6.862622395833329	1.5986979775778822
6.962622395833328	1.6969334920480506
7.062622395833328	1.795246789947597
7.162622395833328	1.8936296365529466
7.262622395833327	1.9920744464930704
7.362622395833327	2.09057425021592
7.462622395833327	2.1891226888260094
7.562622395833326	2.2877139486915734
7.662622395833326	2.386342723562926
7.762622395833326	2.4850041867875645
7.862622395833325	2.583693936615161
7.962622395833325	2.682407939433515
8.062622395833325	2.781142478012153
8.162622395833324	2.8798940897894645
8.262622395833324	2.9786595269681215
8.362622395833323	3.07743569600263
8.462622395833323	3.17621958197546
8.55	3.2625385112219427
1000008.55	3.2625385112219427
