-100001.1	0
5.213000000000001	0
5.216333333333334	0.003179662741917208
5.221333333333334	0.007949741460080229
5.228833333333334	0.01510618738003237
5.2400833333333345	0.02584388439365397
5.256958333333334	0.04195709202647133
5.282270833333334	0.06614145740542031
5.3202395833333345	0.10245003010008263
5.377192708333334	0.15698554018710204
5.462622395833334	0.23894404217589332
5.562622395833333	0.3351025828225216
5.662622395833333	0.43148925399679106
5.762622395833333	0.52808739529509
5.862622395833332	0.6248839447295144
5.962622395833332	0.7218650238443326
6.062622395833332	0.8190174438129594
6.162622395833331	0.916328694359221
6.262622395833331	1.013786913224353
6.362622395833331	1.111380907615085
6.46262239583333	1.2091001126370333
6.56262239583333	1.3069345984199554
6.6626223958333295	1.4048750367293406
6.762622395833329	1.5029126768531214
6.862622395833329	1.6010393444916124
6.962622395833328	1.6992474108954412
7.062622395833328	1.79752975047255
7.162622395833328	1.8958797190272023
7.262622395833327	1.9942911429797363
7.362622395833327	2.092758290196045
7.462622395833327	2.1912757952105246
7.562622395833326	2.2898386575139598
7.662622395833326	2.3884421954109203
7.762622395833326	2.4870819951355907
7.862622395833325	2.585753870345796
7.962622395833325	2.6844538329140675
8.062622395833325	2.7831780325392974
8.162622395833324	2.881922688371814
8.262622395833324	2.9806840506371555
8.362622395833323	3.0794583594518294
8.462622395833323	3.1782417946419255
8.55	3.264560699886078
1000008.55	3.264560699886078
