-100001.1	0
5.213000000000001	0
5.216333333333334	0.003192707184001961
5.221333333333334	0.007982231070135725
5.228833333333334	0.015167560553030727
5.2400833333333345	0.025947909674801373
5.256958333333334	0.0421236788502493
5.282270833333334	0.0663984467630865
5.3202395833333345	0.10283624259598619
5.377192708333334	0.15755322586747653
5.462622395833334	0.23975481075934943
5.562622395833333	0.3361595756582206
5.662622395833333	0.4327517008237259
5.762622395833333	0.5295197841560743
5.862622395833332	0.6264529642502538
5.962622395833332	0.723540911760134
6.062622395833332	0.8207737927938155
6.162622395833331	0.9181422984244871
6.262622395833331	1.0156376199950463
6.362622395833331	1.1132513970019402
6.46262239583333	1.210975767476414
6.56262239583333	1.3088033132500387
6.6626223958333295	1.4067270103867127
6.762622395833329	1.5047402729570607
6.862622395833329	1.602836887676545
6.962622395833328	1.7010110165552494
7.062622395833328	1.7992571381750642
7.162622395833328	1.8975700428825342
7.262622395833327	1.9959447873825165
7.362622395833327	2.09437668303122
7.462622395833327	2.1928612522212863
7.562622395833326	2.29139418776899
7.662622395833326	2.3899713136129606
7.762622395833326	2.4885885553894154
7.862622395833325	2.5872418858101867
7.962622395833325	2.685927292163457
8.062622395833325	2.7846407469094605
8.162622395833324	2.8833781259416056
8.262622395833324	2.9821351676955947
8.362622395833323	3.0809074464029687
8.462622395833323	3.179690311363463
8.55	3.2660091634060424
1000008.55	3.2660091634060424
