-100001.1	0
5.213000000000001	0
5.216333333333334	0.0032131585265962326
5.221333333333334	0.008033201505330262
5.228833333333334	0.015263941929582685
5.2400833333333345	0.026111537492101072
5.256958333333334	0.04238615199112782
5.282270833333334	0.06680493049554044
5.3202395833333345	0.10344855848724525
5.377192708333334	0.15845166198671612
5.462622395833334	0.241036138025776
5.562622395833333	0.33782382842373637
5.662622395833333	0.43473365666581226
5.762622395833333	0.5317606035191076
5.862622395833332	0.6288995950113637
5.962622395833332	0.7261460494808453
6.062622395833332	0.8234955808943939
6.162622395833331	0.9209440453827842
6.262622395833331	1.01848749909507
6.362622395833331	1.116122196742208
6.46262239583333	1.2138446062990969
6.56262239583333	1.3116513301914652
6.6626223958333295	1.4095390944823427
6.762622395833329	1.5075047741167864
6.862622395833329	1.6055453253375702
6.962622395833328	1.7036577542798286
7.062622395833328	1.8018391318983369
7.162622395833328	1.9000865227902715
7.262622395833327	1.998396963221432
7.362622395833327	2.0967674515669135
7.462622395833327	2.1951948840077184
7.562622395833326	2.293676058408923
7.662622395833326	2.3922075938055434
7.762622395833326	2.490785916521868
7.862622395833325	2.5894072464452638
7.962622395833325	2.6880675292945915
8.062622395833325	2.786762380862282
8.162622395833324	2.8854870808661883
8.262622395833324	2.98423650376036
8.362622395833323	3.083005107143827
8.462622395833323	3.1817868747618343
8.55	3.2681056152787127
1000008.55	3.2681056152787127
