-100001.1	0
5.213000000000001	0
5.216333333333334	0.0032216533906619226
5.221333333333334	0.008054354798084766
5.228833333333334	0.01530390443356207
5.2400833333333345	0.02617934692557358
5.256958333333334	0.04249502155633829
5.282270833333334	0.06697404394270604
5.3202395833333345	0.10370419964367703
5.377192708333334	0.15882800203928915
5.462622395833334	0.24157571748300258
5.562622395833333	0.33852877523383734
5.662622395833333	0.4355784376195249
5.762622395833333	0.5327221791537271
5.862622395833332	0.6299570641698595
5.962622395833332	0.7272807005069747
6.062622395833332	0.8246907538076903
6.162622395833331	0.9221850260623458
6.262622395833331	1.0197614239092776
6.362622395833331	1.1174179517165423
6.46262239583333	1.2151526766672183
6.56262239583333	1.3129637426449383
6.6626223958333295	1.4108493135573583
6.762622395833329	1.5088075607185103
6.862622395833329	1.6068366478427087
6.962622395833328	1.704934663893691
7.062622395833328	1.8030996424843355
7.162622395833328	1.901329535904119
7.262622395833327	1.9996221516387085
7.362622395833327	2.097975124528535
7.462622395833327	2.196385919571001
7.562622395833326	2.2948517495386382
7.662622395833326	2.3933695933488317
7.762622395833326	2.491936113076441
7.862622395833325	2.5905476416452715
7.962622395833325	2.68920015885959
8.062622395833325	2.7878892264233577
8.162622395833324	2.8866099561431198
8.262622395833324	2.985356992104945
8.362622395833323	3.084124449131996
8.462622395833323	3.1829058722146923
8.55	3.2692245827554425
1000008.55	3.2692245827554425
