-100001.1	0
5.213000000000001	0
5.216333333333334	0.0032297524204458793
5.221333333333334	0.008074536053553483
5.228833333333334	0.015342064470613523
5.2400833333333345	0.026244165540068615
5.256958333333334	0.04259918429481091
5.282270833333334	0.06713602433088765
5.3202395833333345	0.10395014231593355
5.377192708333334	0.1591921966700083
5.462622395833334	0.24210244351667046
5.562622395833333	0.33922396543877753
5.662622395833333	0.43642060662742255
5.762622395833333	0.5336914050409873
5.862622395833332	0.6310354767245934
5.962622395833332	0.728452031671535
6.062622395833332	0.8259403411364086
6.162622395833331	0.9234997417670097
6.262622395833331	1.021129598706019
6.362622395833331	1.1188292663219965
6.46262239583333	1.2165980971278696
6.56262239583333	1.3144354417096689
6.6626223958333295	1.4123405813558922
6.762622395833329	1.51031270573067
6.862622395833329	1.6083509271791827
6.962622395833328	1.7064542243074947
7.062622395833328	1.8046214193264545
7.162622395833328	1.902851152736827
7.262622395833327	2.0011418590758203
7.362622395833327	2.0994917483419884
7.462622395833327	2.197898747022057
7.562622395833326	2.2963604790127503
7.662622395833326	2.3948742363318405
7.762622395833326	2.4934369545989874
7.862622395833325	2.592045147996015
7.962622395833325	2.69069490284453
8.062622395833325	2.789381853037478
8.162622395833324	2.888101120848183
8.262622395833324	2.9868472816021026
8.362622395833323	3.08561433684671
8.462622395833323	3.184395667121107
8.55	3.2707143991078413
1000008.55	3.2707143991078413
