-100001.1	0
5.213000000000001	0
5.216333333333334	0.0032380304954908548
5.221333333333334	0.008095190615728515
5.228833333333334	0.015381189432554529
5.2400833333333345	0.02631077400085872
5.256958333333334	0.04270648504790235
5.282270833333334	0.06730311408279538
5.3202395833333345	0.10420454063259744
5.377192708333334	0.1595716302029957
5.462622395833334	0.2426568195584697
5.562622395833333	0.3399648925108203
5.662622395833333	0.43732982145744775
5.762622395833333	0.5347519895036725
5.862622395833332	0.6322318084951734
5.962622395833332	0.7297697103214669
6.062622395833332	0.8273661321958801
6.162622395833331	0.9250214925417098
6.262622395833331	1.0227362103288002
6.362622395833331	1.1205106352968
6.46262239583333	1.2183450550378816
6.56262239583333	1.3162396751449532
6.6626223958333295	1.4141945949152852
6.762622395833329	1.5122097664817773
6.862622395833329	1.6102850142560017
6.962622395833328	1.7084200654407835
7.062622395833328	1.8066140231416414
7.162622395833328	1.9048664218732996
7.262622395833327	2.0031760849248914
7.362622395833327	2.10154166549789
7.462622395833327	2.199961516095921
7.562622395833326	2.2984336411453294
7.662622395833326	2.39695569654836
7.762622395833326	2.495524913761058
7.862622395833325	2.5941380751186323
7.962622395833325	2.692791523980008
8.062622395833325	2.791481119259254
8.162622395833324	2.890202181650962
8.262622395833324	2.9889494570120534
8.362622395833323	3.087717125491499
8.462622395833323	3.186498724961856
8.55	3.272817536070288
1000008.55	3.272817536070288
