-100001.1	0
5.213000000000001	0
5.216333333333334	0.003247064837710484
5.221333333333334	0.00811774473097959
5.228833333333334	0.015423950229623874
5.2400833333333345	0.026383675231666844
5.256958333333334	0.042824197094819334
5.282270833333334	0.06748707108581047
5.3202395833333345	0.10448577400462893
5.377192708333334	0.15999401978305275
5.462622395833334	0.24328055850591773
5.562622395833333	0.3408092177541312
5.662622395833333	0.43837927301324164
5.762622395833333	0.5359919316199958
5.862622395833332	0.6336483633979788
5.962622395833332	0.7313497610000272
6.062622395833332	0.8290972579985731
6.162622395833331	0.9268919462278588
6.262622395833331	1.024734863901137
6.362622395833331	1.1226269617978792
6.46262239583333	1.22056909163233
6.56262239583333	1.3185620016232962
6.6626223958333295	1.4166062845210639
6.762622395833329	1.5147023828741444
6.862622395833329	1.612850573697055
6.962622395833328	1.711050917718004
7.062622395833328	1.8093032550121444
7.162622395833328	1.9076071960722014
7.262622395833327	2.0059620788709966
7.362622395833327	2.1043669455504386
7.462622395833327	2.202820520304412
7.562622395833326	2.3013211852375974
7.662622395833326	2.3998669596912703
7.762622395833326	2.498455475689529
7.862622395833325	2.5970839315561896
7.962622395833325	2.6957490740849774
8.062622395833325	2.7944471996938565
8.162622395833324	2.893174080895576
8.262622395833324	2.9919249587078074
8.362622395833323	3.0906944979990025
8.462622395833323	3.1894768110016916
8.55	3.2757957910231483
1000008.55	3.2757957910231483
