-100001.1	0
5.213000000000001	0
5.216333333333334	0.003257441148213084
5.221333333333334	0.008143650196734405
5.228833333333334	0.01547307254673645
5.2400833333333345	0.026467458551768866
5.256958333333334	0.0429596317324702
5.282270833333334	0.06769931645728826
5.3202395833333345	0.10481198377202341
5.377192708333334	0.16048747190701732
5.462622395833334	0.24401632030533746
5.562622395833333	0.34181596542476944
5.662622395833333	0.43964366149504663
5.762622395833333	0.5375009164533238
5.862622395833332	0.6353891928021891
5.962622395833332	0.7333096617840029
6.062622395833332	0.8312638933068736
6.162622395833331	0.929253285417477
6.262622395833331	1.027279087771153
6.362622395833331	1.1253424551406948
6.46262239583333	1.223444455877932
6.56262239583333	1.3215860375489885
6.6626223958333295	1.4197679889636952
6.762622395833329	1.5179909536987124
6.862622395833329	1.6162554320689857
6.962622395833328	1.714561718032181
7.062622395833328	1.812909896946031
7.162622395833328	1.9112998492274555
7.262622395833327	2.009731190897942
7.362622395833327	2.1082033008943823
7.462622395833327	2.2067152720734478
7.562622395833326	2.3052658714396137
7.662622395833326	2.4038535766422986
7.762622395833326	2.5024765081930562
7.862622395833325	2.601132418483925
7.962622395833325	2.6998186875448713
8.062622395833325	2.7985322830292914
8.162622395833324	2.8972697373363903
8.262622395833324	2.9960271263043006
8.362622395833323	3.0948000517643117
8.462622395833323	3.193583613755047
8.55	3.2799028599156
1000008.55	3.2799028599156
