-100001.1	0
5.213000000000001	0
5.216333333333334	0.003269760572630476
5.221333333333334	0.00817442078489432
5.228833333333334	0.01553145688263357
5.2400833333333345	0.026567121573768494
5.256958333333334	0.043120892786543
5.282270833333334	0.06795225232731075
5.3202395833333345	0.1052009933283022
5.377192708333334	0.16107770137940627
5.462622395833334	0.24490120146385455
5.562622395833333	0.3430349605229756
5.662622395833333	0.4411849231997819
5.762622395833333	0.5393523859255422
5.862622395833332	0.6375386073377721
5.962622395833332	0.7357455477113555
6.062622395833332	0.833975255005894
6.162622395833331	0.9322272247547752
6.262622395833331	1.0305024818034352
6.362622395833331	1.1288020121268065
6.46262239583333	1.2271267128424266
6.56262239583333	1.325477398805113
6.6626223958333295	1.4238541300722092
6.762622395833329	1.5222586597944576
6.862622395833329	1.620690301610134
6.962622395833328	1.7191506137950439
7.062622395833328	1.8176384721862866
7.162622395833328	1.9161552287697634
7.262622395833327	2.0147000765465575
7.362622395833327	2.1132725971455337
7.462622395833327	2.2118715280264385
7.562622395833326	2.3104975237583374
7.662622395833326	2.4091481911402544
7.762622395833326	2.5078236412769366
7.862622395833325	2.606521683092782
7.962622395833325	2.7052399933183793
8.062622395833325	2.803977609538154
8.162622395833324	2.902731169250538
8.262622395833324	3.001498857112687
8.362622395833323	3.100276929645016
8.462622395833323	3.199062595700892
8.55	3.285382226283502
1000008.55	3.285382226283502
