-100001.1	0
5.213000000000001	0
5.216333333333334	0.0032846274409980836
5.221333333333334	0.008211559076304028
5.228833333333334	0.015601944633756798
5.2400833333333345	0.02668752878803061
5.256958333333334	0.0433159845130368
5.282270833333334	0.06825887223996985
5.3202395833333345	0.10567365224296307
5.377192708333334	0.16179685726319917
5.462622395833334	0.2459843116833707
5.562622395833333	0.3445346113981665
5.662622395833333	0.4430902042873917
5.762622395833333	0.5416516538973846
5.862622395833332	0.6402194703350969
5.962622395833332	0.7387943030758675
6.062622395833332	0.8373767775845289
6.162622395833331	0.9359671243775971
6.262622395833331	1.0345658042160937
6.362622395833331	1.1331732236931051
6.46262239583333	1.2317899512951176
6.56262239583333	1.3304162185450719
6.6626223958333295	1.4290526987375398
6.762622395833329	1.5276988040161548
6.862622395833329	1.626355546326157
6.962622395833328	1.7250222248342308
7.062622395833328	1.8236998236034054
7.162622395833328	1.9223874351605597
7.262622395833327	2.0210854640267994
7.362622395833327	2.119793820718734
7.462622395833327	2.2185128154642917
7.562622395833326	2.317241202213676
7.662622395833326	2.4159795379429876
7.762622395833326	2.514726467538994
7.862622395833325	2.6134960309536286
7.962622395833325	2.7122454842538524
8.062622395833325	2.8110157983495334
8.162622395833324	2.9097925069107218
8.262622395833324	3.0085741516630393
8.362622395833323	3.107359935067692
8.462622395833323	3.2061483669537543
8.55	3.2924685027695744
1000008.55	3.2924685027695744
