-100001.1	0
5.213000000000001	0
5.216333333333334	0.00329300000000041
5.221333333333334	0.008232499999999844
5.228833333333334	0.015641749999998775
5.2400833333333345	0.02675562499999574
5.256958333333334	0.04342643749998744
5.282270833333334	0.06843265624996986
5.3202395833333345	0.10594198437493395
5.377192708333334	0.16220597656236913
5.462622395833334	0.24660196484353333
5.562622395833333	0.3453919648435067
5.662622395833333	0.4441819648435055
5.762622395833333	0.5429719648435044
5.862622395833332	0.641761964843503
5.962622395833332	0.7405519648435018
6.062622395833332	0.8393419648435018
6.162622395833331	0.9381319648435008
6.262622395833331	1.0369219648434995
6.362622395833331	1.135711964843498
6.46262239583333	1.2345019648434958
6.56262239583333	1.3332919648434955
6.6626223958333295	1.4320819648434941
6.762622395833329	1.5308719648434925
6.862622395833329	1.629661964843461
6.962622395833328	1.7284519648434573
7.062622395833328	1.8272419648434575
7.162622395833328	1.9260319648434558
7.262622395833327	2.024821964843454
7.362622395833327	2.123611964843455
7.462622395833327	2.2224019648434536
7.562622395833326	2.321191964843452
7.662622395833326	2.4199819648434517
7.762622395833326	2.5187719648434523
7.862622395833325	2.617565214410897
7.962622395833325	2.7163519648434455
8.062622395833325	2.815141964843447
8.162622395833324	2.9139319648434463
8.262622395833324	3.012721964843445
8.362622395833323	3.1115119648434444
8.462622395833323	3.210301964843443
8.55	3.2966222999997026
1000008.55	3.2966222999997026
