-100001.1	0
0	0
0.0033333333333334103	0
0.008333333333333304	0
0.015833333333333366	0
0.027083333333333348	0
0.04395833333333332	0
0.06927083333333339	0
0.1072395833333335	0
0.16419270833333344	0
0.24962239583333345	0
0.34962239583333354	0
0.44962239583333363	0
0.5496223958333337	0
0.6496223958333338	0
0.7496223958333339	0
0.849622395833334	0
0.9496223958333339	0
1.049622395833334	0
1.149622395833334	0
1.2496223958333341	0
1.3496223958333342	0
1.4496223958333343	0
1.5496223958333344	0
1.6496223958333345	0
1.7496223958333346	0
1.8496223958333347	0
1.9496223958333347	0
2.049622395833335	0
2.149622395833335	0
2.249622395833335	0
2.349622395833335	0
2.449622395833335	0
2.5496223958333353	0
2.6496223958333354	0.000000000000008377317312149397
2.7496223958333355	0.000000000000008687860544190745
2.8496223958333355	0.000000000000008992338333734237
2.9496223958333356	0.00000000000000929075068077987
3.0496223958333353	0.000000000000009583097585327649
3.149622395833335	0.000000000000009869379047377572
3.2496223958333346	0.000000000000010149595066929637
3.349622395833334	0.000000000000010423745643983846
3.449622395833334	0.0000000000000106918307785402
3.5496223958333335	0.000000000000010953850470598696
3.649622395833333	0.000000000000011209804720159338
3.749622395833333	0.000000000000011459693527222123
3.8496223958333324	0.00000000000001170351689178705
3.949622395833332	0.000000000000011941274813854125
4.049622395833332	0.000000000000012172967293423337
4.149622395833331	0.000000000000012398594330494696
4.249622395833331	0.000000000000012618155925068202
4.349622395833331	0.000000000000012831652077143848
4.44962239583333	0.00000000000001303908278672164
4.54962239583333	0.000000000000013240448053801578
4.64962239583333	0.000000000000013435747878383655
4.749622395833329	0.00000000000001362498226046788
4.849622395833329	0.000000000000013808151200054244
4.9496223958333285	0.000000000000013985254697142755
5.049622395833328	0.00000000000001415629275173341
5.149622395833328	0.00000000000001432126536382621
5.2496223958333275	1.0191775758875996
5.349622395833327	1.1635424936020455
5.449622395833327	1.2465271105263869
5.549622395833326	1.339222128968397
5.649622395833326	1.4088416186755413
5.749622395833326	1.468564893681138
5.849622395833325	1.5938523025314144
5.949622395833325	1.6836740012176472
6.049622395833325	1.7940934333570917
6.149622395833324	1.882281056543932
6.249622395833324	1.9309388297813888
6.3496223958333236	2.0022566529940176
6.449622395833323	2.101643996519703
6.549622395833323	2.194403509033918
6.6496223958333225	2.2954116353943137
6.749622395833322	2.3835522518598347
6.849622395833322	2.4078303423067715
6.949622395833321	2.556395565458674
7.049622395833321	2.6552013228493316
7.149622395833321	2.7650763434067915
7.24962239583332	2.902016160519326
7.34962239583332	2.9975421598043313
7.44962239583332	3.095952267135424
7.549622395833319	3.1647648220207643
7.649622395833319	3.268511613902617
7.749622395833319	3.3724899204826047
7.849622395833318	3.4724015369782246
7.949622395833318	3.5615601366945313
8.049622395833318	3.646868343680235
8.149622395833317	3.7133111321380134
8.249622395833317	3.814176706633089
8.349622395833316	3.906957161098544
8.449622395833316	3.993540920681639
8.549622395833316	4.0917421567386905
8.55	4.124340478466785
1000008.55	4.124340478466785
