-100001.1	0
0	0
0.0033333333333334103	0.0032929999999996773
0.008333333333333304	0.008232499999999634
0.015833333333333366	0.01564174999999981
0.027083333333333348	0.02675562499999988
0.04395833333333332	0.04342643750000009
0.06927083333333339	0.06843265625000045
0.1072395833333335	0.10594198437500106
0.16419270833333344	0.16220597656250163
0.24962239583333345	0.24660196484375269
0.34962239583333354	0.34539196484375395
0.44962239583333363	0.44418196484375544
0.5496223958333337	0.5429719648437566
0.6496223958333338	0.641761964843758
0.7496223958333339	0.7405519648437592
0.849622395833334	0.8393419648437606
0.9496223958333339	0.9381319648437617
1.049622395833334	1.0369219648437629
1.149622395833334	1.1357119648437641
1.2496223958333341	1.2345019648437654
1.3496223958333342	1.333291964843767
1.4496223958333343	1.4320819648437684
1.5496223958333344	1.5308719648437685
1.6496223958333345	1.6296619648437702
1.7496223958333346	1.7284519648437717
1.8496223958333347	1.8272419648437732
1.9496223958333347	1.9260319648437747
2.049622395833335	2.024821964843776
2.149622395833335	2.1236119648437763
2.249622395833335	2.2224019648437787
2.349622395833335	2.32119196484378
2.449622395833335	2.4199819648437813
2.5496223958333353	2.5187719648437823
2.6496223958333354	2.6175619648437833
2.7496223958333355	2.716351964843785
2.8496223958333355	2.8151419648437868
2.9496223958333356	2.9139319648437882
3.0496223958333353	3.012721964843789
3.149622395833335	3.11151196484379
3.2496223958333346	3.2103019648437887
3.349622395833334	3.3090919648437906
3.449622395833334	3.407881964843792
3.5496223958333335	3.506671964843793
3.649622395833333	3.6054619648437924
3.749622395833333	3.704251964843793
3.8496223958333324	3.803041964843794
3.949622395833332	3.9018319648437947
4.049622395833332	4.000621964843796
4.149622395833331	4.099411964843795
4.249622395833331	4.198201964843796
4.349622395833331	4.296991964843796
4.44962239583333	4.395781964843798
4.54962239583333	4.494571964843797
4.64962239583333	4.593361964843797
4.749622395833329	4.692151964843798
4.849622395833329	4.7909419648438005
4.9496223958333285	4.8897319648438
5.049622395833328	4.988521964843799
5.149622395833328	5.087311964843803
5.2496223958333275	5.186101964843801
5.349622395833327	5.284891964843715
5.449622395833327	5.383681964843461
5.549622395833326	5.482471964843059
5.649622395833326	5.581261964842686
5.749622395833326	5.680051964842376
5.849622395833325	5.778841964842123
5.949622395833325	5.877631964841925
6.049622395833325	5.9764219648417765
6.149622395833324	6.075211964841677
6.249622395833324	6.1740019648416276
6.3496223958333236	6.2727919648416135
6.449622395833323	6.371581964841614
6.549622395833323	6.470371964841614
6.6496223958333225	6.569161964841609
6.749622395833322	6.667951964841577
6.849622395833322	6.766741964841465
6.949622395833321	6.865531964841327
7.049622395833321	6.964321964841242
7.149622395833321	7.063111964841201
7.24962239583332	7.161901964841177
7.34962239583332	7.260691964841175
7.44962239583332	7.359481964841172
7.549622395833319	7.458271964841178
7.649622395833319	7.557061964841176
7.749622395833319	7.655851964841178
7.849622395833318	7.754641964841177
7.949622395833318	7.85343196484118
8.049622395833318	7.952221964841183
8.149622395833317	8.05101196484118
8.249622395833317	8.149801964841178
8.349622395833316	8.248591964841177
8.449622395833316	8.347381964841178
8.549622395833316	8.44617196484118
8.55	8.446544999997455
1000008.55	8.446544999997455
