-100001.1	0
0	0
0.0033333333333334103	0.0032929999999996144
0.008333333333333304	0.008232499999999475
0.015833333333333366	0.015641749999999486
0.027083333333333348	0.02675562499999939
0.04395833333333332	0.04342643749999922
0.06927083333333339	0.06843265624999915
0.1072395833333335	0.10594198437499901
0.16419270833333344	0.1622059765624985
0.24962239583333345	0.24660196484374797
0.34962239583333354	0.3453919648437473
0.44962239583333363	0.4441819648437467
0.5496223958333337	0.5429719648437462
0.6496223958333338	0.6417619648437455
0.7496223958333339	0.7405519648437451
0.849622395833334	0.8393419648437445
0.9496223958333339	0.938131964843744
1.049622395833334	1.036921964843743
1.149622395833334	1.1357119648437424
1.2496223958333341	1.2345019648437423
1.3496223958333342	1.333291964843741
1.4496223958333343	1.4320819648437406
1.5496223958333344	1.5308719648437399
1.6496223958333345	1.6296619648437394
1.7496223958333346	1.728451964843739
1.8496223958333347	1.8272419648437381
1.9496223958333347	1.9260319648437376
2.049622395833335	2.0248219648437367
2.149622395833335	2.123611964843736
2.249622395833335	2.222401964843736
2.349622395833335	2.3211919648437354
2.449622395833335	2.419981964843735
2.5496223958333353	2.518771964843734
2.6496223958333354	2.6175619648437327
2.7496223958333355	2.7163519648437324
2.8496223958333355	2.8151419648437312
2.9496223958333356	2.9139319648437323
3.0496223958333353	3.0127219648437316
3.149622395833335	3.111511964843729
3.2496223958333346	3.210301964843728
3.349622395833334	3.309091964843728
3.449622395833334	3.4078819648437273
3.5496223958333335	3.5066719648437266
3.649622395833333	3.605461964843723
3.749622395833333	3.7042519648437233
3.8496223958333324	3.8030419648437217
3.949622395833332	3.9018319648437214
4.049622395833332	4.000621964843719
4.149622395833331	4.099411964843719
4.249622395833331	4.198201964843718
4.349622395833331	4.296991964843716
4.44962239583333	4.395781964843717
4.54962239583333	4.494571964843717
4.64962239583333	4.593361964843715
4.749622395833329	4.692151964843714
4.849622395833329	4.790941964843713
4.9496223958333285	4.88973196484371
5.049622395833328	4.98852196484371
5.149622395833328	5.087311964843709
5.2496223958333275	5.186101964843709
5.349622395833327	5.2848919648436485
5.449622395833327	5.383681964843405
5.549622395833326	5.482471964843006
5.649622395833326	5.5812619648426605
5.749622395833326	5.680051964842394
5.849622395833325	5.778841964842206
5.949622395833325	5.87763196484208
6.049622395833325	5.976421964842024
6.149622395833324	6.0752119648420075
6.249622395833324	6.174001964842007
6.3496223958333236	6.2727919648420105
6.449622395833323	6.371581964842004
6.549622395833323	6.470371964841979
6.6496223958333225	6.569161964841925
6.749622395833322	6.667951964841847
6.849622395833322	6.766741964841758
6.949622395833321	6.8655319648416775
7.049622395833321	6.964321964841594
7.149622395833321	7.063111964841526
7.24962239583332	7.1619019648414755
7.34962239583332	7.26069196484144
7.44962239583332	7.3594819648414305
7.549622395833319	7.458271964841428
7.649622395833319	7.557061964841428
7.749622395833319	7.655851964841428
7.849622395833318	7.7546419648414275
7.949622395833318	7.853431964841425
8.049622395833318	7.952221964841424
8.149622395833317	8.051011964841425
8.249622395833317	8.149801964841421
8.349622395833316	8.248591964841426
8.449622395833316	8.347381964841425
8.549622395833316	8.44617196484142
8.55	8.446544999997686
1000008.55	8.446544999997686
