-100001.1	0
0	0
0.0033333333333334103	0.003292999999999678
0.008333333333333304	0.008232499999999636
0.015833333333333366	0.015641749999999784
0.027083333333333348	0.026755624999999894
0.04395833333333332	0.04342643750000009
0.06927083333333339	0.06843265625000045
0.1072395833333335	0.10594198437500103
0.16419270833333344	0.16220597656250169
0.24962239583333345	0.24660196484375274
0.34962239583333354	0.345391964843754
0.44962239583333363	0.44418196484375544
0.5496223958333337	0.5429719648437565
0.6496223958333338	0.6417619648437579
0.7496223958333339	0.7405519648437591
0.849622395833334	0.8393419648437603
0.9496223958333339	0.9381319648437615
1.049622395833334	1.036921964843763
1.149622395833334	1.1357119648437621
1.2496223958333341	1.234501964843763
1.3496223958333342	1.3332919648437642
1.4496223958333343	1.432081964843765
1.5496223958333344	1.5308719648437652
1.6496223958333345	1.6296619648437667
1.7496223958333346	1.7284519648437677
1.8496223958333347	1.8272419648437686
1.9496223958333347	1.9260319648437692
2.049622395833335	2.024821964843771
2.149622395833335	2.1236119648437723
2.249622395833335	2.2224019648437716
2.349622395833335	2.3211919648437727
2.449622395833335	2.419981964843776
2.5496223958333353	2.5187719648437756
2.6496223958333354	2.6175619648437762
2.7496223958333355	2.7163519648437773
2.8496223958333355	2.8151419648437765
2.9496223958333356	2.9139319648437776
3.0496223958333353	3.0127219648437786
3.149622395833335	3.111511964843779
3.2496223958333346	3.2103019648437794
3.349622395833334	3.3090919648437804
3.449622395833334	3.4078819648437815
3.5496223958333335	3.506671964843778
3.649622395833333	3.60546196484378
3.749622395833333	3.7042519648437793
3.8496223958333324	3.803041964843779
3.949622395833332	3.9018319648437805
4.049622395833332	4.0006219648437815
4.149622395833331	4.099411964843781
4.249622395833331	4.19820196484378
4.349622395833331	4.296991964843782
4.44962239583333	4.3957819648437795
4.54962239583333	4.494571964843781
4.64962239583333	4.593361964843781
4.749622395833329	4.69215196484378
4.849622395833329	4.790941964843784
4.9496223958333285	4.889731964843782
5.049622395833328	4.9885219648437795
5.149622395833328	5.08731196484378
5.2496223958333275	5.18610196484378
5.349622395833327	5.284891964843779
5.449622395833327	5.383681964843661
5.549622395833326	5.482471964843394
5.649622395833326	5.581261964843129
5.749622395833326	5.680051964842878
5.849622395833325	5.778841964842652
5.949622395833325	5.87763196484245
6.049622395833325	5.976421964842279
6.149622395833324	6.075211964842149
6.249622395833324	6.174001964842046
6.3496223958333236	6.272791964841968
6.449622395833323	6.371581964841988
6.549622395833323	6.470371964841991
6.6496223958333225	6.5691619648419675
6.749622395833322	6.667951964841905
6.849622395833322	6.766741964841792
6.949622395833321	6.86553196484171
7.049622395833321	6.964321964841636
7.149622395833321	7.063111964841555
7.24962239583332	7.161901964841491
7.34962239583332	7.260691964841438
7.44962239583332	7.359481964841392
7.549622395833319	7.4582719648413525
7.649622395833319	7.5570619648413215
7.749622395833319	7.6558519648412995
7.849622395833318	7.754641964841279
7.949622395833318	7.853431964841268
8.049622395833318	7.952221964841255
8.149622395833317	8.051011964841251
8.249622395833317	8.149801964841243
8.349622395833316	8.248591964841243
8.449622395833316	8.347381964841244
8.549622395833316	8.446171964841241
8.55	8.44654499999752
1000008.55	8.44654499999752
