-100001.1	0
0	0
0.0033333333333334103	0.003292999999999678
0.008333333333333304	0.008232499999999632
0.015833333333333366	0.015641749999999784
0.027083333333333348	0.02675562499999991
0.04395833333333332	0.043426437500000074
0.06927083333333339	0.06843265625000046
0.1072395833333335	0.10594198437500106
0.16419270833333344	0.16220597656250169
0.24962239583333345	0.24660196484375269
0.34962239583333354	0.34539196484375395
0.44962239583333363	0.44418196484375544
0.5496223958333337	0.5429719648437566
0.6496223958333338	0.641761964843758
0.7496223958333339	0.7405519648437591
0.849622395833334	0.8393419648437603
0.9496223958333339	0.9381319648437615
1.049622395833334	1.0369219648437633
1.149622395833334	1.135711964843763
1.2496223958333341	1.234501964843764
1.3496223958333342	1.3332919648437658
1.4496223958333343	1.4320819648437666
1.5496223958333344	1.5308719648437652
1.6496223958333345	1.6296619648437658
1.7496223958333346	1.7284519648437673
1.8496223958333347	1.8272419648437686
1.9496223958333347	1.9260319648437692
2.049622395833335	2.0248219648437713
2.149622395833335	2.123611964843771
2.249622395833335	2.2224019648437725
2.349622395833335	2.3211919648437727
2.449622395833335	2.4199819648437746
2.5496223958333353	2.5187719648437747
2.6496223958333354	2.6175619648437753
2.7496223958333355	2.7163519648437764
2.8496223958333355	2.8151419648437774
2.9496223958333356	2.913931964843779
3.0496223958333353	3.012721964843779
3.149622395833335	3.111511964843782
3.2496223958333346	3.2103019648437803
3.349622395833334	3.3090919648437804
3.449622395833334	3.4078819648437815
3.5496223958333335	3.506671964843778
3.649622395833333	3.605461964843779
3.749622395833333	3.704251964843781
3.8496223958333324	3.8030419648437803
3.949622395833332	3.9018319648437814
4.049622395833332	4.0006219648437815
4.149622395833331	4.099411964843784
4.249622395833331	4.1982019648437845
4.349622395833331	4.296991964843785
4.44962239583333	4.395781964843785
4.54962239583333	4.494571964843785
4.64962239583333	4.593361964843785
4.749622395833329	4.692151964843785
4.849622395833329	4.790941964843787
4.9496223958333285	4.8897319648437865
5.049622395833328	4.988521964843787
5.149622395833328	5.087311964843787
5.2496223958333275	5.186101964843789
5.349622395833327	5.284891964843786
5.449622395833327	5.3836819648437375
5.549622395833326	5.4824719648433735
5.649622395833326	5.581261964842996
5.749622395833326	5.680051964842682
5.849622395833325	5.778841964842417
5.949622395833325	5.877631964842201
6.049622395833325	5.976421964842042
6.149622395833324	6.0752119648419365
6.249622395833324	6.174001964841882
6.3496223958333236	6.272791964841875
6.449622395833323	6.371581964841865
6.549622395833323	6.470371964841825
6.6496223958333225	6.569161964841761
6.749622395833322	6.667951964841685
6.849622395833322	6.766741964841601
6.949622395833321	6.865531964841513
7.049622395833321	6.96432196484143
7.149622395833321	7.063111964841361
7.24962239583332	7.161901964841296
7.34962239583332	7.260691964841242
7.44962239583332	7.3594819648412
7.549622395833319	7.45827196484116
7.649622395833319	7.557061964841129
7.749622395833319	7.655851964841106
7.849622395833318	7.754641964841089
7.949622395833318	7.853431964841069
8.049622395833318	7.952221964841061
8.149622395833317	8.051011964841056
8.249622395833317	8.149801964841052
8.349622395833316	8.248591964841053
8.449622395833316	8.347381964841052
8.549622395833316	8.446171964841055
8.55	8.446544999997318
1000008.55	8.446544999997318
