-100001.1	0
0	0
0.0033333333333334103	0.0032929999999996777
0.008333333333333304	0.008232499999999634
0.015833333333333366	0.015641749999999788
0.027083333333333348	0.026755624999999894
0.04395833333333332	0.043426437500000095
0.06927083333333339	0.06843265625000046
0.1072395833333335	0.10594198437500102
0.16419270833333344	0.16220597656250163
0.24962239583333345	0.24660196484375269
0.34962239583333354	0.345391964843754
0.44962239583333363	0.4441819648437553
0.5496223958333337	0.5429719648437566
0.6496223958333338	0.6417619648437578
0.7496223958333339	0.7405519648437593
0.849622395833334	0.8393419648437607
0.9496223958333339	0.9381319648437613
1.049622395833334	1.036921964843763
1.149622395833334	1.1357119648437641
1.2496223958333341	1.2345019648437654
1.3496223958333342	1.333291964843767
1.4496223958333343	1.4320819648437682
1.5496223958333344	1.5308719648437694
1.6496223958333345	1.629661964843771
1.7496223958333346	1.728451964843772
1.8496223958333347	1.8272419648437732
1.9496223958333347	1.926031964843775
2.049622395833335	2.0248219648437757
2.149622395833335	2.123611964843777
2.249622395833335	2.2224019648437783
2.349622395833335	2.32119196484378
2.449622395833335	2.419981964843781
2.5496223958333353	2.5187719648437827
2.6496223958333354	2.617561964843784
2.7496223958333355	2.716351964843785
2.8496223958333355	2.815141964843786
2.9496223958333356	2.9139319648437882
3.0496223958333353	3.012721964843789
3.149622395833335	3.111511964843789
3.2496223958333346	3.2103019648437914
3.349622395833334	3.3090919648437898
3.449622395833334	3.407881964843791
3.5496223958333335	3.506671964843792
3.649622395833333	3.6054619648437947
3.749622395833333	3.704251964843794
3.8496223958333324	3.803041964843795
3.949622395833332	3.9018319648437956
4.049622395833332	4.0006219648437975
4.149622395833331	4.099411964843798
4.249622395833331	4.198201964843799
4.349622395833331	4.296991964843799
4.44962239583333	4.3957819648438
4.54962239583333	4.494571964843802
4.64962239583333	4.593361964843802
4.749622395833329	4.692151964843803
4.849622395833329	4.790941964843805
4.9496223958333285	4.889731964843805
5.049622395833328	4.988521964843804
5.149622395833328	5.087311964843806
5.2496223958333275	5.186101964843807
5.349622395833327	5.28489196484381
5.449622395833327	5.383681964843801
5.549622395833326	5.482471964843471
5.649622395833326	5.581261964843102
5.749622395833326	5.680051964842792
5.849622395833325	5.778841964842545
5.949622395833325	5.877631964842357
6.049622395833325	5.976421964842223
6.149622395833324	6.075211964842149
6.249622395833324	6.1740019648421285
6.3496223958333236	6.272791964842122
6.449622395833323	6.371581964842096
6.549622395833323	6.470371964842031
6.6496223958333225	6.5691619648419355
6.749622395833322	6.66795196484181
6.849622395833322	6.766741964841653
6.949622395833321	6.8655319648415185
7.049622395833321	6.964321964841423
7.149622395833321	7.063111964841357
7.24962239583332	7.161901964841308
7.34962239583332	7.260691964841275
7.44962239583332	7.35948196484125
7.549622395833319	7.45827196484124
7.649622395833319	7.5570619648412345
7.749622395833319	7.655851964841231
7.849622395833318	7.754641964841227
7.949622395833318	7.853431964841235
8.049622395833318	7.952221964841237
8.149622395833317	8.051011964841235
8.249622395833317	8.149801964841235
8.349622395833316	8.248591964841236
8.449622395833316	8.347381964841238
8.549622395833316	8.446171964841236
8.55	8.446544999997505
1000008.55	8.446544999997505
