-100001.1	0
0	0
0.0033333333333334103	0.0032929999999996773
0.008333333333333304	0.00823249999999963
0.015833333333333366	0.015641749999999784
0.027083333333333348	0.026755624999999894
0.04395833333333332	0.04342643750000008
0.06927083333333339	0.06843265625000045
0.1072395833333335	0.10594198437500103
0.16419270833333344	0.16220597656250169
0.24962239583333345	0.24660196484375269
0.34962239583333354	0.34539196484375406
0.44962239583333363	0.4441819648437553
0.5496223958333337	0.5429719648437566
0.6496223958333338	0.6417619648437578
0.7496223958333339	0.7405519648437592
0.849622395833334	0.8393419648437607
0.9496223958333339	0.9381319648437617
1.049622395833334	1.0369219648437629
1.149622395833334	1.1357119648437646
1.2496223958333341	1.2345019648437654
1.3496223958333342	1.3332919648437669
1.4496223958333343	1.432081964843768
1.5496223958333344	1.5308719648437694
1.6496223958333345	1.6296619648437702
1.7496223958333346	1.7284519648437724
1.8496223958333347	1.8272419648437737
1.9496223958333347	1.9260319648437747
2.049622395833335	2.024821964843776
2.149622395833335	2.1236119648437777
2.249622395833335	2.2224019648437787
2.349622395833335	2.3211919648437798
2.449622395833335	2.4199819648437817
2.5496223958333353	2.5187719648437823
2.6496223958333354	2.617561964843784
2.7496223958333355	2.7163519648437844
2.8496223958333355	2.815141964843786
2.9496223958333356	2.9139319648437882
3.0496223958333353	3.0127219648437897
3.149622395833335	3.1115119648437894
3.2496223958333346	3.2103019648437905
3.349622395833334	3.309091964843791
3.449622395833334	3.407881964843792
3.5496223958333335	3.506671964843792
3.649622395833333	3.6054619648437938
3.749622395833333	3.704251964843794
3.8496223958333324	3.803041964843795
3.949622395833332	3.9018319648437956
4.049622395833332	4.0006219648437975
4.149622395833331	4.099411964843799
4.249622395833331	4.1982019648438
4.349622395833331	4.2969919648438
4.44962239583333	4.395781964843801
4.54962239583333	4.494571964843801
4.64962239583333	4.593361964843803
4.749622395833329	4.692151964843804
4.849622395833329	4.790941964843803
4.9496223958333285	4.889731964843804
5.049622395833328	4.988521964843806
5.149622395833328	5.087311964843794
5.2496223958333275	5.186101964843757
5.349622395833327	5.284891964843675
5.449622395833327	5.383681964843531
5.549622395833326	5.482471964843326
5.649622395833326	5.581261964843116
5.749622395833326	5.680051964842925
5.849622395833325	5.77884196484277
5.949622395833325	5.877631964842656
6.049622395833325	5.9764219648425945
6.149622395833324	6.075211964842584
6.249622395833324	6.174001964842573
6.3496223958333236	6.272791964842535
6.449622395833323	6.371581964842473
6.549622395833323	6.470371964842389
6.6496223958333225	6.569161964842276
6.749622395833322	6.6679519648421355
6.849622395833322	6.766741964841976
6.949622395833321	6.865531964841818
7.049622395833321	6.964321964841667
7.149622395833321	7.06311196484153
7.24962239583332	7.161901964841409
7.34962239583332	7.2606919648413
7.44962239583332	7.359481964841199
7.549622395833319	7.4582719648411135
7.649622395833319	7.557061964841036
7.749622395833319	7.655851964840974
7.849622395833318	7.754641964840917
7.949622395833318	7.853431964840879
8.049622395833318	7.952221964840852
8.149622395833317	8.05101196484083
8.249622395833317	8.149801964840815
8.349622395833316	8.248591964840811
8.449622395833316	8.347381964840807
8.549622395833316	8.446171964840813
8.55	8.446544999997073
1000008.55	8.446544999997073
