-100001.1	0
0	0
0.0033333333333334103	0.003292999999999678
0.008333333333333304	0.008232499999999632
0.015833333333333366	0.015641749999999784
0.027083333333333348	0.0267556249999999
0.04395833333333332	0.043426437500000095
0.06927083333333339	0.06843265625000047
0.1072395833333335	0.10594198437500102
0.16419270833333344	0.16220597656250163
0.24962239583333345	0.24660196484375269
0.34962239583333354	0.345391964843754
0.44962239583333363	0.4441819648437553
0.5496223958333337	0.5429719648437566
0.6496223958333338	0.6417619648437579
0.7496223958333339	0.7405519648437591
0.849622395833334	0.8393419648437606
0.9496223958333339	0.9381319648437617
1.049622395833334	1.036921964843763
1.149622395833334	1.1357119648437641
1.2496223958333341	1.2345019648437656
1.3496223958333342	1.333291964843767
1.4496223958333343	1.4320819648437682
1.5496223958333344	1.5308719648437694
1.6496223958333345	1.6296619648437707
1.7496223958333346	1.7284519648437724
1.8496223958333347	1.827241964843773
1.9496223958333347	1.926031964843775
2.049622395833335	2.024821964843776
2.149622395833335	2.1236119648437772
2.249622395833335	2.2224019648437787
2.349622395833335	2.32119196484378
2.449622395833335	2.4199819648437817
2.5496223958333353	2.518771964843782
2.6496223958333354	2.617561964843784
2.7496223958333355	2.7163519648437853
2.8496223958333355	2.8151419648437854
2.9496223958333356	2.9139319648437874
3.0496223958333353	3.0127219648437884
3.149622395833335	3.111511964843789
3.2496223958333346	3.21030196484379
3.349622395833334	3.3090919648437893
3.449622395833334	3.4078819648437917
3.5496223958333335	3.506671964843793
3.649622395833333	3.605461964843793
3.749622395833333	3.704251964843795
3.8496223958333324	3.803041964843795
3.949622395833332	3.9018319648437956
4.049622395833332	4.0006219648437975
4.149622395833331	4.099411964843798
4.249622395833331	4.198201964843799
4.349622395833331	4.296991964843799
4.44962239583333	4.395781964843801
4.54962239583333	4.494571964843802
4.64962239583333	4.593361964843803
4.749622395833329	4.692151964843803
4.849622395833329	4.790941964843805
4.9496223958333285	4.889731964843803
5.049622395833328	4.9885219648438035
5.149622395833328	5.087311964843764
5.2496223958333275	5.186101964843645
5.349622395833327	5.28489196484343
5.449622395833327	5.383681964843111
5.549622395833326	5.482471964842839
5.649622395833326	5.581261964842839
5.749622395833326	5.680051964842843
5.849622395833325	5.778841964842842
5.949622395833325	5.87763196484284
6.049622395833325	5.976421964842846
6.149622395833324	6.075211964842834
6.249622395833324	6.174001964842806
6.3496223958333236	6.272791964842751
6.449622395833323	6.371581964842681
6.549622395833323	6.470371964842584
6.6496223958333225	6.569161964842468
6.749622395833322	6.667951964842324
6.849622395833322	6.766741964842165
6.949622395833321	6.865531964842004
7.049622395833321	6.964321964841873
7.149622395833321	7.063111964841756
7.24962239583332	7.161901964841661
7.34962239583332	7.260691964841582
7.44962239583332	7.359481964841518
7.549622395833319	7.4582719648414715
7.649622395833319	7.557061964841439
7.749622395833319	7.6558519648414185
7.849622395833318	7.754641964841407
7.949622395833318	7.853431964841405
8.049622395833318	7.952221964841407
8.149622395833317	8.051011964841408
8.249622395833317	8.149801964841407
8.349622395833316	8.248591964841403
8.449622395833316	8.347381964841407
8.549622395833316	8.446171964841408
8.55	8.446544999997675
1000008.55	8.446544999997675
