-100001.1	0
0	0
0.0033333333333334103	0.003292999999999615
0.008333333333333304	0.008232499999999478
0.015833333333333366	0.015641749999999486
0.027083333333333348	0.02675562499999939
0.04395833333333332	0.04342643749999924
0.06927083333333339	0.06843265624999914
0.1072395833333335	0.10594198437499901
0.16419270833333344	0.16220597656249858
0.24962239583333345	0.24660196484374797
0.34962239583333354	0.34539196484374746
0.44962239583333363	0.4441819648437467
0.5496223958333337	0.5429719648437461
0.6496223958333338	0.6417619648437458
0.7496223958333339	0.740551964843745
0.849622395833334	0.8393419648437442
0.9496223958333339	0.9381319648437433
1.049622395833334	1.036921964843743
1.149622395833334	1.1357119648437426
1.2496223958333341	1.234501964843742
1.3496223958333342	1.3332919648437407
1.4496223958333343	1.4320819648437404
1.5496223958333344	1.5308719648437397
1.6496223958333345	1.6296619648437394
1.7496223958333346	1.7284519648437389
1.8496223958333347	1.8272419648437381
1.9496223958333347	1.9260319648437372
2.049622395833335	2.024821964843737
2.149622395833335	2.123611964843736
2.249622395833335	2.222401964843736
2.349622395833335	2.3211919648437354
2.449622395833335	2.4199819648437337
2.5496223958333353	2.5187719648437352
2.6496223958333354	2.6175619648437336
2.7496223958333355	2.7163519648437315
2.8496223958333355	2.8151419648437317
2.9496223958333356	2.913931964843732
3.0496223958333353	3.0127219648437316
3.149622395833335	3.1115119648437295
3.2496223958333346	3.2103019648437296
3.349622395833334	3.309091964843727
3.449622395833334	3.407881964843726
3.5496223958333335	3.5066719648437266
3.649622395833333	3.605461964843723
3.749622395833333	3.7042519648437233
3.8496223958333324	3.8030419648437217
3.949622395833332	3.9018319648437223
4.049622395833332	4.00062196484372
4.149622395833331	4.0994119648437195
4.249622395833331	4.198201964843717
4.349622395833331	4.296991964843717
4.44962239583333	4.395781964843716
4.54962239583333	4.494571964843717
4.64962239583333	4.593361964843715
4.749622395833329	4.692151964843713
4.849622395833329	4.790941964843712
4.9496223958333285	4.88973196484371
5.049622395833328	4.98852196484371
5.149622395833328	5.08731196484371
5.2496223958333275	5.186101964843684
5.349622395833327	5.284891964843565
5.449622395833327	5.3836819648433085
5.549622395833326	5.482471964842982
5.649622395833326	5.581261964842962
5.749622395833326	5.680051964842961
5.849622395833325	5.778841964842962
5.949622395833325	5.877631964842957
6.049622395833325	5.976421964842953
6.149622395833324	6.075211964842927
6.249622395833324	6.174001964842886
6.3496223958333236	6.2727919648428205
6.449622395833323	6.3715819648427345
6.549622395833323	6.470371964842629
6.6496223958333225	6.569161964842509
6.749622395833322	6.667951964842362
6.849622395833322	6.766741964842196
6.949622395833321	6.865531964842057
7.049622395833321	6.96432196484197
7.149622395833321	7.063111964841904
7.24962239583332	7.161901964841863
7.34962239583332	7.260691964841842
7.44962239583332	7.35948196484183
7.549622395833319	7.4582719648418285
7.649622395833319	7.557061964841828
7.749622395833319	7.655851964841822
7.849622395833318	7.7546419648418246
7.949622395833318	7.853431964841826
8.049622395833318	7.952221964841823
8.149622395833317	8.051011964841821
8.249622395833317	8.149801964841823
8.349622395833316	8.24859196484182
8.449622395833316	8.34738196484182
8.549622395833316	8.446171964841817
8.55	8.446544999998089
1000008.55	8.446544999998089
