-100001.1	0
0	0
0.0033333333333334103	0.003292999999999678
0.008333333333333304	0.008232499999999634
0.015833333333333366	0.015641749999999784
0.027083333333333348	0.02675562499999991
0.04395833333333332	0.043426437500000095
0.06927083333333339	0.06843265625000045
0.1072395833333335	0.10594198437500103
0.16419270833333344	0.16220597656250166
0.24962239583333345	0.24660196484375277
0.34962239583333354	0.34539196484375406
0.44962239583333363	0.44418196484375544
0.5496223958333337	0.5429719648437568
0.6496223958333338	0.6417619648437577
0.7496223958333339	0.7405519648437594
0.849622395833334	0.8393419648437603
0.9496223958333339	0.9381319648437617
1.049622395833334	1.0369219648437629
1.149622395833334	1.1357119648437644
1.2496223958333341	1.2345019648437654
1.3496223958333342	1.333291964843767
1.4496223958333343	1.4320819648437682
1.5496223958333344	1.5308719648437694
1.6496223958333345	1.629661964843771
1.7496223958333346	1.7284519648437724
1.8496223958333347	1.8272419648437737
1.9496223958333347	1.9260319648437747
2.049622395833335	2.0248219648437757
2.149622395833335	2.1236119648437772
2.249622395833335	2.2224019648437783
2.349622395833335	2.32119196484378
2.449622395833335	2.4199819648437817
2.5496223958333353	2.518771964843782
2.6496223958333354	2.6175619648437833
2.7496223958333355	2.716351964843785
2.8496223958333355	2.815141964843786
2.9496223958333356	2.9139319648437882
3.0496223958333353	3.0127219648437893
3.149622395833335	3.1115119648437894
3.2496223958333346	3.2103019648437914
3.349622395833334	3.3090919648437906
3.449622395833334	3.407881964843791
3.5496223958333335	3.506671964843793
3.649622395833333	3.6054619648437947
3.749622395833333	3.704251964843795
3.8496223958333324	3.803041964843795
3.949622395833332	3.9018319648437956
4.049622395833332	4.0006219648437975
4.149622395833331	4.0994119648437986
4.249622395833331	4.198201964843799
4.349622395833331	4.2969919648438
4.44962239583333	4.3957819648438
4.54962239583333	4.494571964843802
4.64962239583333	4.593361964843803
4.749622395833329	4.692151964843804
4.849622395833329	4.790941964843805
4.9496223958333285	4.889731964843804
5.049622395833328	4.988521964843806
5.149622395833328	5.087311964843805
5.2496223958333275	5.186101964843807
5.349622395833327	5.284891964843798
5.449622395833327	5.383681964843685
5.549622395833326	5.482471964843365
5.649622395833326	5.581261964843298
5.749622395833326	5.680051964843303
5.849622395833325	5.778841964843301
5.949622395833325	5.877631964843304
6.049622395833325	5.9764219648433015
6.149622395833324	6.075211964843304
6.249622395833324	6.174001964843293
6.3496223958333236	6.272791964843272
6.449622395833323	6.371581964843248
6.549622395833323	6.470371964843204
6.6496223958333225	6.569161964843149
6.749622395833322	6.667951964843073
6.849622395833322	6.766741964842987
6.949622395833321	6.8655319648429005
7.049622395833321	6.964321964842824
7.149622395833321	7.063111964842745
7.24962239583332	7.161901964842686
7.34962239583332	7.2606919648426285
7.44962239583332	7.359481964842585
7.549622395833319	7.458271964842544
7.649622395833319	7.557061964842515
7.749622395833319	7.655851964842494
7.849622395833318	7.754641964842469
7.949622395833318	7.853431964842457
8.049622395833318	7.952221964842448
8.149622395833317	8.051011964842438
8.249622395833317	8.149801964842437
8.349622395833316	8.248591964842436
8.449622395833316	8.347381964842437
8.549622395833316	8.446171964842437
8.55	8.446544999998705
1000008.55	8.446544999998705
