-100001.1	0
0	0
0.0033333333333334103	0.003292999999999678
0.008333333333333304	0.008232499999999634
0.015833333333333366	0.01564174999999978
0.027083333333333348	0.0267556249999999
0.04395833333333332	0.04342643750000009
0.06927083333333339	0.06843265625000045
0.1072395833333335	0.10594198437500103
0.16419270833333344	0.16220597656250166
0.24962239583333345	0.24660196484375269
0.34962239583333354	0.34539196484375395
0.44962239583333363	0.4441819648437553
0.5496223958333337	0.5429719648437566
0.6496223958333338	0.6417619648437579
0.7496223958333339	0.740551964843759
0.849622395833334	0.8393419648437603
0.9496223958333339	0.9381319648437615
1.049622395833334	1.0369219648437629
1.149622395833334	1.1357119648437644
1.2496223958333341	1.2345019648437656
1.3496223958333342	1.333291964843767
1.4496223958333343	1.4320819648437682
1.5496223958333344	1.5308719648437694
1.6496223958333345	1.629661964843771
1.7496223958333346	1.7284519648437724
1.8496223958333347	1.8272419648437732
1.9496223958333347	1.9260319648437747
2.049622395833335	2.024821964843776
2.149622395833335	2.123611964843777
2.249622395833335	2.2224019648437783
2.349622395833335	2.3211919648437793
2.449622395833335	2.419981964843781
2.5496223958333353	2.5187719648437827
2.6496223958333354	2.617561964843783
2.7496223958333355	2.7163519648437853
2.8496223958333355	2.8151419648437868
2.9496223958333356	2.9139319648437887
3.0496223958333353	3.012721964843788
3.149622395833335	3.1115119648437806
3.2496223958333346	3.210301964843759
3.349622395833334	3.3090919648437205
3.449622395833334	3.407881964843666
3.5496223958333335	3.5066719648435973
3.649622395833333	3.6054619648435136
3.749622395833333	3.704251964843418
3.8496223958333324	3.8030419648433065
3.949622395833332	3.9018319648431854
4.049622395833332	4.000621964843053
4.149622395833331	4.09941196484291
4.249622395833331	4.198201964842757
4.349622395833331	4.2969919648425945
4.44962239583333	4.395781964842426
4.54962239583333	4.494571964842247
4.64962239583333	4.593361964842061
4.749622395833329	4.6921519648418695
4.849622395833329	4.790941964841673
4.9496223958333285	4.889731964841473
5.049622395833328	4.988521964841267
5.149622395833328	5.087311964841057
5.2496223958333275	5.186101964840849
5.349622395833327	5.284891964840633
5.449622395833327	5.383681964840422
5.549622395833326	5.482471964840214
5.649622395833326	5.581261964840179
5.749622395833326	5.680051964840179
5.849622395833325	5.7788419648401765
5.949622395833325	5.877631964840184
6.049622395833325	5.97642196484018
6.149622395833324	6.075211964840184
6.249622395833324	6.174001964840183
6.3496223958333236	6.27279196484018
6.449622395833323	6.371581964840175
6.549622395833323	6.47037196484014
6.6496223958333225	6.56916196484009
6.749622395833322	6.667951964840011
6.849622395833322	6.766741964839867
6.949622395833321	6.865531964839706
7.049622395833321	6.964321964839552
7.149622395833321	7.063111964839405
7.24962239583332	7.16190196483927
7.34962239583332	7.260691964839147
7.44962239583332	7.359481964839031
7.549622395833319	7.458271964838926
7.649622395833319	7.55706196483883
7.749622395833319	7.655851964838746
7.849622395833318	7.754641964838671
7.949622395833318	7.853431964838609
8.049622395833318	7.952221964838551
8.149622395833317	8.051011964838509
8.249622395833317	8.149801964838474
8.349622395833316	8.24859196483845
8.449622395833316	8.347381964838437
8.549622395833316	8.44617196483843
8.55	8.446544999994702
1000008.55	8.446544999994702
