-100001.1	0
0	0
0.0033333333333334103	0.0032929999999996777
0.008333333333333304	0.008232499999999632
0.015833333333333366	0.015641749999999732
0.027083333333333348	0.026755624999999957
0.04395833333333332	0.043426437500000095
0.06927083333333339	0.06843265625000047
0.1072395833333335	0.10594198437500103
0.16419270833333344	0.16220597656250163
0.24962239583333345	0.24660196484375274
0.34962239583333354	0.345391964843754
0.44962239583333363	0.44418196484375533
0.5496223958333337	0.5429719648437566
0.6496223958333338	0.6417619648437579
0.7496223958333339	0.7405519648437594
0.849622395833334	0.8393419648437607
0.9496223958333339	0.9381319648437615
1.049622395833334	1.0369219648437629
1.149622395833334	1.135711964843764
1.2496223958333341	1.2345019648437652
1.3496223958333342	1.3332919648437667
1.4496223958333343	1.432081964843768
1.5496223958333344	1.5308719648437694
1.6496223958333345	1.6296619648437702
1.7496223958333346	1.728451964843772
1.8496223958333347	1.8272419648437732
1.9496223958333347	1.9260319648437747
2.049622395833335	2.024821964843776
2.149622395833335	2.1236119648437772
2.249622395833335	2.2224019648437787
2.349622395833335	2.321191964843779
2.449622395833335	2.419981964843781
2.5496223958333353	2.5187719648437827
2.6496223958333354	2.617561964843783
2.7496223958333355	2.7163519648437853
2.8496223958333355	2.815141964843786
2.9496223958333356	2.913931964843785
3.0496223958333353	3.0127219648437737
3.149622395833335	3.1115119648437455
3.2496223958333346	3.210301964843702
3.349622395833334	3.309091964843641
3.449622395833334	3.4078819648435625
3.5496223958333335	3.50667196484347
3.649622395833333	3.6054619648433586
3.749622395833333	3.7042519648432335
3.8496223958333324	3.8030419648430898
3.949622395833332	3.9018319648429296
4.049622395833332	4.000621964842754
4.149622395833331	4.09941196484256
4.249622395833331	4.198201964842351
4.349622395833331	4.296991964842125
4.44962239583333	4.395781964841881
4.54962239583333	4.494571964841623
4.64962239583333	4.593361964841345
4.749622395833329	4.692151964841051
4.849622395833329	4.790941964840741
4.9496223958333285	4.889731964840414
5.049622395833328	4.98852196484007
5.149622395833328	5.087311964839708
5.2496223958333275	5.186101964839329
5.349622395833327	5.284891964838934
5.449622395833327	5.383681964838523
5.549622395833326	5.482471964838168
5.649622395833326	5.581261964838087
5.749622395833326	5.680051964838082
5.849622395833325	5.778841964838081
5.949622395833325	5.877631964838081
6.049622395833325	5.976421964838066
6.149622395833324	6.075211964838039
6.249622395833324	6.174001964838
6.3496223958333236	6.272791964837946
6.449622395833323	6.371581964837871
6.549622395833323	6.470371964837778
6.6496223958333225	6.569161964837661
6.749622395833322	6.667951964837526
6.849622395833322	6.766741964837363
6.949622395833321	6.865531964837198
7.049622395833321	6.964321964837041
7.149622395833321	7.063111964836899
7.24962239583332	7.161901964836762
7.34962239583332	7.260691964836636
7.44962239583332	7.359481964836525
7.549622395833319	7.4582719648364195
7.649622395833319	7.557061964836324
7.749622395833319	7.655851964836237
7.849622395833318	7.754641964836167
7.949622395833318	7.853431964836101
8.049622395833318	7.952221964836045
8.149622395833317	8.051011964836004
8.249622395833317	8.149801964835966
8.349622395833316	8.248591964835944
8.449622395833316	8.347381964835925
8.549622395833316	8.446171964835925
8.55	8.446544999992193
1000008.55	8.446544999992193
