-100001.1	0
2.850000000000001	0
2.8533333333333344	0.000000000000000000006628752985603421
2.8583333333333343	0.00000000000000000004142970616001907
2.865833333333334	0.00000000000000000014956123923766196
2.877083333333334	0.0000000000000000004376012713151831
2.8939583333333343	0.0000000000000000011528074674688345
2.919270833333334	0.0000000000000000028626955947833303
2.957239583333334	0.000000000000000006860955160194184
3.0141927083333337	0.000000000000000016083556100798652
3.099622395833334	0.000000000000000037174183594803654
3.199622395833334	0.00000000000000007292439491160844
3.2996223958333335	0.00000000000000012060636160249802
3.399622395833333	0.00000000000000018022008366747268
3.499622395833333	0.000000000000000251765561106531
3.5996223958333324	0.0000000000000003352427939196749
3.699622395833332	0.0000000000000004306517821069028
3.7996223958333317	0.0000000000000005379925256682155
3.8996223958333314	0.000000000000000657265024603613
3.999622395833331	0.0000000000000007884692789130942
4.099622395833331	0.0000000000000009316052885966618
4.19962239583333	0.0000000000000010866730536543116
4.29962239583333	0.0000000000000012536725740860485
4.39962239583333	0.0000000000000014326038498918688
4.499622395833329	0.0000000000000016234668810717733
4.599622395833329	0.000000000000001826261667625764
4.6996223958333285	0.0000000000000020409882095538372
4.799622395833328	0.0000000000000022676465068559964
4.899622395833328	0.000000000000002506236559532242
4.9996223958333275	0.0000000000000027567583675825682
5.099622395833327	0.0000000000000030192119310069794
5.199622395833327	0.000000000000003293597249805478
5.299622395833326	0.000000000000003579914323978062
5.399622395833326	0.000000000000003878163153524726
5.499622395833326	0.0000000000000041883437384454784
5.599622395833325	0.000000000000004492782057643066
5.699622395833325	0.0000000000000047735358729008465
5.799622395833325	0.0000000000000050306049302999565
5.899622395833324	0.000000000000005263989229840395
5.999622395833324	0.000000000000005473688771522166
6.0996223958333236	0.000000000000005659703555345268
6.199622395833323	0.000000000000005822033581309699
6.299622395833323	0.000000000000005960678849415459
6.3996223958333225	0.00000000000000607563935966255
6.499622395833322	0.000000000000006166915112050972
6.599622395833322	0.000000000000006234506106580723
6.699622395833321	0.000000000000006278412343251804
6.799622395833321	0.000000000000006298633822064215
6.899622395833321	0
6.99962239583332	0
7.09962239583332	0
7.19962239583332	0
7.299622395833319	0
7.399622395833319	0
7.499622395833319	0
7.599622395833318	0
7.699622395833318	0
7.7996223958333175	0
7.899622395833317	0
7.999622395833317	0
8.099622395833316	0
8.199622395833316	0
8.299622395833316	0
8.399622395833315	0
8.499622395833315	0
8.55	0.0000000000000063001159844588985
1000008.55	0.0000000000000063001159844588985
