-100001.1	0
-0.000000000008730793865652231	0
0.0033333333246026164	0
0.00833333332460251	0
0.015833333324602572	0
0.027083333324602554	0
0.04395833332460253	0
0.0692708333246026	0
0.1072395833246027	0
0.16419270832460264	0
0.24962239582460266	0
0.34962239582460275	0
0.44962239582460284	0
0.5496223958246029	0
0.649622395824603	0
0.7496223958246031	0
0.8496223958246032	0
0.9496223958246031	0
1.0496223958246031	0
1.1496223958246032	0
1.2496223958246033	0
1.3496223958246034	0
1.4496223958246035	0
1.5496223958246036	0
1.6496223958246037	0
1.7496223958246038	0
1.8496223958246039	0
1.949622395824604	0
2.049622395824604	0
2.149622395824604	0
2.249622395824604	0
2.3496223958246043	0
2.4496223958246044	0
2.5496223958246045	0
2.6496223958246046	0
2.7496223958246047	0
2.8496223958246047	0
2.949622395824605	0
3.0496223958246045	0
3.149622395824604	0
3.2496223958246038	0
3.3496223958246034	0
3.449622395824603	0
3.5496223958246027	0
3.6496223958246023	0
3.749622395824602	0
3.8496223958246016	0
3.9496223958246013	0
4.049622395824601	0
4.149622395824601	0
4.2496223958246	0
4.3496223958246	0
4.4496223958245995	0
4.549622395824599	0
4.649622395824599	0
4.749622395824598	0
4.849622395824598	0
4.949622395824598	0
5.049622395824597	0
5.149622395824597	0
5.249622395824597	0
5.349622395824596	0
5.449622395824596	0
5.549622395824596	0.0000000000006940109228040927
5.649622395824595	0.0000000000007065164749534758
5.749622395824595	0.000000000000719022027102859
5.8496223958245945	0.0000000000007315275792522419
5.949622395824594	0.0000000000007440331314016248
6.049622395824594	0.0000000000007565386835510073
6.1496223958245935	0.0000000000007690442357003899
6.249622395824593	0.0000000000007815497878497725
6.349622395824593	0.0000000000007940553399991549
6.449622395824592	0.0000000000008065608921485372
6.549622395824592	0.0000000000008190664442979194
6.649622395824592	0.0000000000008315719964473015
6.749622395824591	0.0000000000008440775485966834
6.849622395824591	0.0000000000008565831007460655
6.949622395824591	0.000000000000869088652895447
7.04962239582459	0.0000000000008815942050448289
7.14962239582459	0.0000000000008940997571942104
7.24962239582459	0.0000000000009066053093435916
7.349622395824589	0.0000000000009191108614929732
7.449622395824589	0.0000000000009316164136423544
7.5496223958245885	0.0000000000009441219657917357
7.649622395824588	0.0000000000009566275179411166
7.749622395824588	0.0000000000009691330700904976
7.849622395824587	0.0000000000009816386222398785
7.949622395824587	0.0000000000009941441743892592
8.049622395824587	0.0000000000010066497265386397
8.149622395824586	0.0000000000010191552786880203
8.249622395824586	0.0000000000010316608308374008
8.349622395824586	0.000000000001044166382986781
8.449622395824585	0.0000000000010566719351361614
8.549622395824585	0.0000000000010691774872855416
8.649622395824585	0.0000000000010816830394349215
8.749622395824584	0.0000000000010941885915843016
8.849622395824584	0.0000000000011066941437336811
8.949622395824584	0.000000000001119199695883061
9.049622395824583	0.0000000000011317052480324406
9.149622395824583	0.0000000000011442108001818199
9.249622395824582	0.0000000000011567163523311992
9.349622395824582	0.0000000000011692219044805787
9.449622395824582	0.0000000000011817274566299578
9.549622395824581	0.0000000000011942330087793367
9.649622395824581	0.0000000000012067385609287158
9.74962239582458	0.0000000000012192441130780948
9.84962239582458	0.0000000000012317496652274737
9.94962239582458	0.0000000000012442552173768522
10.04962239582458	0.0000000000012567607695262307
10.14962239582458	0.0000000000012692663216756092
10.249622395824579	0.0000000000012817718738249875
10.349622395824579	0.0000000000012942774259743658
10.449622395824578	0.0000000000013067829781237437
10.549622395824578	0.0000000000013192885302731222
10.649622395824577	0.0000000000013317940824224999
10.749622395824577	0.0000000000013442996345718778
10.805	0
1000010.805	0
