-100001.1	0
0	0
0.0033333333333334103	0.0032929999999996777
0.008333333333333304	0.008232499999999634
0.015833333333333366	0.015641749999999788
0.027083333333333348	0.026755624999999884
0.04395833333333332	0.04342643750000008
0.06927083333333339	0.06843265625000047
0.1072395833333335	0.10594198437500102
0.16419270833333344	0.16220597656250163
0.24962239583333345	0.24660196484375274
0.34962239583333354	0.34539196484375395
0.44962239583333363	0.44418196484375533
0.5496223958333337	0.5429719648437566
0.6496223958333338	0.6417619648437579
0.7496223958333339	0.7405519648437593
0.849622395833334	0.8393419648437603
0.9496223958333339	0.9381319648437617
1.049622395833334	1.0369219648437629
1.149622395833334	1.1357119648437641
1.2496223958333341	1.2345019648437654
1.3496223958333342	1.3332919648437673
1.4496223958333343	1.432081964843768
1.5496223958333344	1.5308719648437694
1.6496223958333345	1.6296619648437711
1.7496223958333346	1.7284519648437717
1.8496223958333347	1.8272419648437732
1.9496223958333347	1.9260319648437747
2.049622395833335	2.024821964843776
2.149622395833335	2.123611964843777
2.249622395833335	2.2224019648437787
2.349622395833335	2.3211919648437798
2.449622395833335	2.4199819648437804
2.5496223958333353	2.5187719648437823
2.6496223958333354	2.617561964843784
2.7496223958333355	2.7163519648437853
2.8496223958333355	2.8151419648437854
2.9496223958333356	2.913931964843788
3.0496223958333353	3.012721964843789
3.149622395833335	3.1115119648437872
3.2496223958333346	3.210301964843776
3.349622395833334	3.309091964843746
3.449622395833334	3.407881964843699
3.5496223958333335	3.506671964843638
3.649622395833333	3.6054619648435615
3.749622395833333	3.704251964843471
3.8496223958333324	3.803041964843366
3.949622395833332	3.901831964843253
4.049622395833332	4.0006219648431225
4.149622395833331	4.099411964842984
4.249622395833331	4.198201964842834
4.349622395833331	4.296991964842674
4.44962239583333	4.395781964842507
4.54962239583333	4.494571964842328
4.64962239583333	4.5933619648421455
4.749622395833329	4.692151964841957
4.849622395833329	4.79094196484176
4.9496223958333285	4.889731964841562
5.049622395833328	4.988521964841356
5.149622395833328	5.087311964841148
5.2496223958333275	5.186101964840937
5.349622395833327	5.284891964840724
5.449622395833327	5.383681964840511
5.549622395833326	5.482471964840295
5.649622395833326	5.581261964840101
5.749622395833326	5.680051964839966
5.849622395833325	5.778841964839921
5.949622395833325	5.877631964839917
6.049622395833325	5.976421964839918
6.149622395833324	6.07521196483992
6.249622395833324	6.174001964839915
6.3496223958333236	6.272791964839899
6.449622395833323	6.37158196483987
6.549622395833323	6.47037196483981
6.6496223958333225	6.5691619648397275
6.749622395833322	6.667951964839605
6.849622395833322	6.766741964839452
6.949622395833321	6.8655319648392865
7.049622395833321	6.964321964839132
7.149622395833321	7.063111964838984
7.24962239583332	7.1619019648388536
7.34962239583332	7.26069196483873
7.44962239583332	7.359481964838616
7.549622395833319	7.458271964838508
7.649622395833319	7.557061964838412
7.749622395833319	7.655851964838329
7.849622395833318	7.754641964838253
7.949622395833318	7.853431964838191
8.049622395833318	7.952221964838134
8.149622395833317	8.05101196483809
8.249622395833317	8.149801964838057
8.349622395833316	8.248591964838035
8.449622395833316	8.347381964838014
8.549622395833316	8.446171964838014
8.55	8.446544999994279
1000008.55	8.446544999994279
