-100001.1	0
0	0
0.0033333333333334103	0.003292999999999615
0.008333333333333304	0.008232499999999473
0.015833333333333366	0.015641749999999417
0.027083333333333348	0.026755624999999453
0.04395833333333332	0.04342643749999924
0.06927083333333339	0.06843265624999914
0.1072395833333335	0.10594198437499898
0.16419270833333344	0.16220597656249844
0.24962239583333345	0.24660196484374808
0.34962239583333354	0.34539196484374723
0.44962239583333363	0.44418196484374695
0.5496223958333337	0.5429719648437461
0.6496223958333338	0.6417619648437455
0.7496223958333339	0.7405519648437449
0.849622395833334	0.8393419648437442
0.9496223958333339	0.9381319648437435
1.049622395833334	1.0369219648437433
1.149622395833334	1.1357119648437421
1.2496223958333341	1.2345019648437414
1.3496223958333342	1.3332919648437414
1.4496223958333343	1.4320819648437404
1.5496223958333344	1.53087196484374
1.6496223958333345	1.6296619648437394
1.7496223958333346	1.7284519648437384
1.8496223958333347	1.8272419648437381
1.9496223958333347	1.9260319648437378
2.049622395833335	2.024821964843737
2.149622395833335	2.123611964843737
2.249622395833335	2.2224019648437356
2.349622395833335	2.321191964843736
2.449622395833335	2.4199819648437346
2.5496223958333353	2.518771964843734
2.6496223958333354	2.6175619648437327
2.7496223958333355	2.716351964843733
2.8496223958333355	2.815141964843732
2.9496223958333356	2.91393196484373
3.0496223958333353	3.012721964843719
3.149622395833335	3.1115119648436926
3.2496223958333346	3.2103019648436497
3.349622395833334	3.309091964843593
3.449622395833334	3.4078819648435226
3.5496223958333335	3.5066719648434375
3.649622395833333	3.605461964843341
3.749622395833333	3.7042519648432313
3.8496223958333324	3.80304196484311
3.949622395833332	3.9018319648429793
4.049622395833332	4.000621964842837
4.149622395833331	4.099411964842686
4.249622395833331	4.198201964842523
4.349622395833331	4.296991964842356
4.44962239583333	4.395781964842178
4.54962239583333	4.494571964841993
4.64962239583333	4.593361964841807
4.749622395833329	4.692151964841609
4.849622395833329	4.7909419648414096
4.9496223958333285	4.889731964841206
5.049622395833328	4.988521964840999
5.149622395833328	5.087311964840786
5.2496223958333275	5.186101964840573
5.349622395833327	5.284891964840359
5.449622395833327	5.383681964840142
5.549622395833326	5.482471964839944
5.649622395833326	5.581261964839879
5.749622395833326	5.680051964839877
5.849622395833325	5.778841964839875
5.949622395833325	5.877631964839864
6.049622395833325	5.976421964839842
6.149622395833324	6.07521196483981
6.249622395833324	6.174001964839761
6.3496223958333236	6.272791964839702
6.449622395833323	6.371581964839634
6.549622395833323	6.470371964839556
6.6496223958333225	6.569161964839473
6.749622395833322	6.667951964839393
6.849622395833322	6.766741964839301
6.949622395833321	6.865531964839217
7.049622395833321	6.96432196483913
7.149622395833321	7.063111964839047
7.24962239583332	7.161901964838962
7.34962239583332	7.260691964838878
7.44962239583332	7.359481964838805
7.549622395833319	7.4582719648387314
7.649622395833319	7.557061964838662
7.749622395833319	7.655851964838596
7.849622395833318	7.754641964838533
7.949622395833318	7.853431964838481
8.049622395833318	7.95222196483843
8.149622395833317	8.051011964838393
8.249622395833317	8.149801964838359
8.349622395833316	8.248591964838335
8.449622395833316	8.34738196483832
8.549622395833316	8.446171964838317
8.55	8.446544999994584
1000008.55	8.446544999994584
