-100001.1	0
0	0
0.0033333333333334103	0.000000000000000021079434494213984
0.008333333333333304	0.00000000000000005269858623553776
0.015833333333333366	0.00000000000000010012731384752485
0.027083333333333348	0.00000000000000017127040526550477
0.04395833333333332	0.0000000000000002779850423924746
0.06927083333333339	0.0000000000000004380569980829302
0.1072395833333335	0.0000000000000006781649316186135
0.16419270833333344	0.000000000000001038326831922137
0.24962239583333345	0.0000000000000015785696823774226
0.34962239583333354	0.0000000000000022109527172039126
0.44962239583333363	0.0000000000000028433357520304023
0.5496223958333337	0.0000000000000034757187868568916
0.6496223958333338	0.000000000000004108101821683382
0.7496223958333339	0.000000000000004740484856509872
0.849622395833334	0.0000000000000053728678913363616
0.9496223958333339	0.00000000000000600525092616285
1.049622395833334	0.000000000000006637633960989339
1.149622395833334	0.000000000000007270016995815828
1.2496223958333341	0.000000000000007902400030642319
1.3496223958333342	0.000000000000008534783065468808
1.4496223958333343	0.000000000000009167166100295298
1.5496223958333344	0.000000000000009799549135121789
1.6496223958333345	0.000000000000010431932169948275
1.7496223958333346	0.000000000000011064315204774768
1.8496223958333347	0.000000000000011696698239601259
1.9496223958333347	0.000000000000012329081274427745
2.049622395833335	0.000000000000012961464309254237
2.149622395833335	0.000000000000013593847344080727
2.249622395833335	0.000000000000014226230378907216
2.349622395833335	0.000000000000014858613413733705
2.449622395833335	0.000000000000015490996448560194
2.5496223958333353	0.000000000000016123379483386683
2.6496223958333354	0.000000000000016755762518213175
2.7496223958333355	0.000000000000017388145553039664
2.8496223958333355	0.000000000000018020528587866153
2.9496223958333356	0.000000000000018652911622692595
3.0496223958333353	0.000000000000019285294657518926
3.149622395833335	0.000000000000019917677692345146
3.2496223958333346	0.000000000000020550060727171276
3.349622395833334	0.000000000000021182443761997294
3.449622395833334	0.000000000000021814826796823206
3.5496223958333335	0.00000000000002244720983164902
3.649622395833333	0.00000000000002307959286647473
3.749622395833333	0.000000000000023711975901300328
3.8496223958333324	0.00000000000002434435893612583
3.949622395833332	0.000000000000024976741970951224
4.049622395833332	0.000000000000025609125005776517
4.149622395833331	0.000000000000026241508040601702
4.249622395833331	0.000000000000023233285052168556
4.349622395833331	0.000000000000023574967380000908
4.44962239583333	0.00000000000002393710414561729
4.54962239583333	0.000000000000024319695349017695
4.64962239583333	0.000000000000024722740990202123
4.749622395833329	0.000000000000025146241069170587
4.849622395833329	0.000000000000025590195585923068
4.9496223958333285	0.000000000000026054604540459576
5.049622395833328	0.000000000000026539467932780112
5.149622395833328	0.000000000000027044785762884672
5.2496223958333275	0.000000000000027570558030773256
5.349622395833327	0.000000000000028116784736445865
5.449622395833327	0.00000000000002868346587990251
5.549622395833326	0.000000000000024696128141226058
5.649622395833326	0.000000000000023695527230524086
5.749622395833326	0.000000000000015648084065469002
5.849622395833325	0.000000000000016390946520841847
5.949622395833325	0.00000000000001706974535804176
6.049622395833325	0.000000000000017684480577068755
6.149622395833324	0.00000000000001823515217792284
6.249622395833324	0.000000000000018721760160603996
6.3496223958333236	0.000000000000013837121483375733
6.449622395833323	0.00000000000001429926506219354
6.549622395833323	0.000000000000014963740213424184
6.6496223958333225	0.000000000000015243843280048864
6.749622395833322	0.000000000000015469254190560842
6.849622395833322	0.00000000000001609504424311148
6.949622395833321	0.00000000000001663784610235382
7.049622395833321	0.00000000000001720524955031402
7.149622395833321	0.000000000000017797254586992087
7.24962239583332	0.00000000000001841386121238802
7.34962239583332	0.000000000000019047832400661628
7.44962239583332	0.00000000000001971200042814274
7.549622395833319	0.000000000000020400693413058597
7.649622395833319	0.000000000000021113911355409206
7.749622395833319	0.000000000000027473140451355468
7.849622395833318	0.00000000000002796720395951927
7.949622395833318	0.000000000000028455131438869264
8.049622395833318	0.000000000000028936922889405456
8.149622395833317	0.000000000000029412578311127846
8.249622395833317	0.00000000000002988209770403643
8.349622395833316	0.0000000000000303454810681312
8.449622395833316	0.00000000000003080272840341219
8.549622395833316	0.00000000000003125383970987934
8.55	0.00000000000003125553149627346
1000008.55	0.00000000000003125553149627346
