-100001.1	0
0	0
0.0033333333333334103	0.0032929999999996144
0.008333333333333304	0.008232499999999475
0.015833333333333366	0.015641749999999482
0.027083333333333348	0.0267556249999994
0.04395833333333332	0.04342643749999924
0.06927083333333339	0.06843265624999914
0.1072395833333335	0.10594198437499901
0.16419270833333344	0.16220597656249852
0.24962239583333345	0.24660196484374802
0.34962239583333354	0.34539196484374735
0.44962239583333363	0.44418196484374683
0.5496223958333337	0.5429719648437461
0.6496223958333338	0.6417619648437457
0.7496223958333339	0.740551964843745
0.849622395833334	0.8393419648437445
0.9496223958333339	0.9381319648437437
1.049622395833334	1.036921964843743
1.149622395833334	1.1357119648437421
1.2496223958333341	1.2345019648437416
1.3496223958333342	1.3332919648437414
1.4496223958333343	1.4320819648437408
1.5496223958333344	1.5308719648437399
1.6496223958333345	1.62966196484374
1.7496223958333346	1.7284519648437384
1.8496223958333347	1.8272419648437381
1.9496223958333347	1.9260319648437378
2.049622395833335	2.024821964843737
2.149622395833335	2.1236119648437364
2.249622395833335	2.222401964843735
2.349622395833335	2.321191964843735
2.449622395833335	2.4199819648437346
2.5496223958333353	2.5187719648437343
2.6496223958333354	2.6175619648437336
2.7496223958333355	2.7163519648437333
2.8496223958333355	2.815141964843732
2.9496223958333356	2.913931964843733
3.0496223958333353	3.0127219648437302
3.149622395833335	3.1115119648437295
3.2496223958333346	3.2103019648437296
3.349622395833334	3.309091964843727
3.449622395833334	3.407881964843725
3.5496223958333335	3.5066719648437235
3.649622395833333	3.605461964843718
3.749622395833333	3.7042519648437127
3.8496223958333324	3.8030419648436977
3.949622395833332	3.9018319648436823
4.049622395833332	4.000621964843659
4.149622395833331	4.099411964843631
4.249622395833331	4.1982019648435935
4.349622395833331	4.296991964843551
4.44962239583333	4.395781964843495
4.54962239583333	4.494571964843429
4.64962239583333	4.593361964843355
4.749622395833329	4.692151964843267
4.849622395833329	4.790941964843165
4.9496223958333285	4.889731964843052
5.049622395833328	4.9885219648429215
5.149622395833328	5.087311964842779
5.2496223958333275	5.186101964842615
5.349622395833327	5.284891964842438
5.449622395833327	5.38368196484224
5.549622395833326	5.483516129309754
5.649622395833326	5.5896149598455995
5.749622395833326	5.700894038415401
5.849622395833325	5.81458440557844
5.949622395833325	5.924508031333257
6.049622395833325	6.032409215378144
6.149622395833324	6.138305661806816
6.249622395833324	6.242215074713008
6.3496223958333236	6.34415515819044
6.449622395833323	6.444143616332838
6.549622395833323	6.5427642140204405
6.6496223958333225	6.641332316038883
6.749622395833322	6.739900418057319
6.849622395833322	6.83856260694571
6.949622395833321	6.937774152562821
7.049622395833321	7.036985698179945
7.149622395833321	7.136197243797076
7.24962239583332	7.235408789414217
7.34962239583332	7.3346203350313655
7.44962239583332	7.4338318806485235
7.549622395833319	7.533043426265687
7.649622395833319	7.63225497188286
7.749622395833319	7.731466517500029
7.849622395833318	7.830678063117213
7.949622395833318	7.929889608734396
8.049622395833318	8.02910115435158
8.149622395833317	8.12831269996877
8.249622395833317	8.227524245585963
8.349622395833316	8.329065549058699
8.449622395833316	8.425256562988912
8.549622395833316	8.521447576919126
8.55	8.529087578108102
1000008.55	8.529087578108102
