-100001.1	0
0	0
0.0033333333333334103	0.0032929999999996773
0.008333333333333304	0.008232499999999634
0.015833333333333366	0.01564174999999978
0.027083333333333348	0.026755624999999904
0.04395833333333332	0.04342643750000007
0.06927083333333339	0.06843265625000046
0.1072395833333335	0.10594198437500103
0.16419270833333344	0.16220597656250163
0.24962239583333345	0.24660196484375274
0.34962239583333354	0.34539196484375406
0.44962239583333363	0.44418196484375516
0.5496223958333337	0.5429719648437568
0.6496223958333338	0.6417619648437579
0.7496223958333339	0.7405519648437592
0.849622395833334	0.8393419648437603
0.9496223958333339	0.9381319648437615
1.049622395833334	1.0369219648437629
1.149622395833334	1.1357119648437641
1.2496223958333341	1.2345019648437656
1.3496223958333342	1.3332919648437673
1.4496223958333343	1.4320819648437684
1.5496223958333344	1.530871964843769
1.6496223958333345	1.629661964843771
1.7496223958333346	1.7284519648437724
1.8496223958333347	1.8272419648437732
1.9496223958333347	1.9260319648437747
2.049622395833335	2.024821964843776
2.149622395833335	2.123611964843777
2.249622395833335	2.222401964843778
2.349622395833335	2.3211919648437798
2.449622395833335	2.4199819648437813
2.5496223958333353	2.5187719648437827
2.6496223958333354	2.6175619648437833
2.7496223958333355	2.7163519648437866
2.8496223958333355	2.815141964843787
2.9496223958333356	2.9139319648437887
3.0496223958333353	3.0127219648437893
3.149622395833335	3.11151196484379
3.2496223958333346	3.2103019648437887
3.349622395833334	3.309091964843792
3.449622395833334	3.4078819648437895
3.5496223958333335	3.5066719648437843
3.649622395833333	3.605461964843766
3.749622395833333	3.7042519648437344
3.8496223958333324	3.803041964843683
3.949622395833332	3.901831964843612
4.049622395833332	4.000621964843523
4.149622395833331	4.099411964843413
4.249622395833331	4.198201964843279
4.349622395833331	4.296991964843127
4.44962239583333	4.3957819648429535
4.54962239583333	4.494571964842757
4.64962239583333	4.593361964842538
4.749622395833329	4.6921519648422985
4.849622395833329	4.790941964842035
4.9496223958333285	4.889731964841749
5.049622395833328	4.988521964841442
5.149622395833328	5.087311964841108
5.2496223958333275	5.186101964840753
5.349622395833327	5.284891964840372
5.449622395833327	5.3836819648399645
5.549622395833326	5.482471964839559
5.649622395833326	5.5812619648392685
5.749622395833326	5.680051964839106
5.849622395833325	5.778841964839062
5.949622395833325	5.877631964839054
6.049622395833325	5.976421964839025
6.149622395833324	6.07521196483898
6.249622395833324	6.174001964838921
6.3496223958333236	6.272791964838846
6.449622395833323	6.371581964838752
6.549622395833323	6.470371964838639
6.6496223958333225	6.5691619648385124
6.749622395833322	6.667951964838361
6.849622395833322	6.7667419648381975
6.949622395833321	6.865531964838037
7.049622395833321	6.964321964837888
7.149622395833321	7.063111964837754
7.24962239583332	7.161901964837635
7.34962239583332	7.26069196483753
7.44962239583332	7.359481964837439
7.549622395833319	7.458271964837364
7.649622395833319	7.557061964837295
7.749622395833319	7.6558519648372405
7.849622395833318	7.754641964837205
7.949622395833318	7.853431964837176
8.049622395833318	7.952221964837159
8.149622395833317	8.051011964837157
8.249622395833317	8.149801964837152
8.349622395833316	8.248591964837154
8.449622395833316	8.347381964837155
8.549622395833316	8.44617196483716
8.55	8.446544999993424
1000008.55	8.446544999993424
