-100001.1	0
0	0
0.0033333333333334103	0.0032929999999996773
0.008333333333333304	0.008232499999999632
0.015833333333333366	0.01564174999999978
0.027083333333333348	0.026755624999999904
0.04395833333333332	0.04342643750000008
0.06927083333333339	0.06843265625000047
0.1072395833333335	0.10594198437500106
0.16419270833333344	0.16220597656250166
0.24962239583333345	0.24660196484375274
0.34962239583333354	0.34539196484375406
0.44962239583333363	0.44418196484375533
0.5496223958333337	0.5429719648437565
0.6496223958333338	0.6417619648437579
0.7496223958333339	0.7405519648437592
0.849622395833334	0.8393419648437602
0.9496223958333339	0.9381319648437613
1.049622395833334	1.036921964843763
1.149622395833334	1.1357119648437641
1.2496223958333341	1.234501964843765
1.3496223958333342	1.333291964843767
1.4496223958333343	1.432081964843768
1.5496223958333344	1.5308719648437694
1.6496223958333345	1.6296619648437702
1.7496223958333346	1.728451964843772
1.8496223958333347	1.8272419648437732
1.9496223958333347	1.9260319648437747
2.049622395833335	2.024821964843776
2.149622395833335	2.1236119648437777
2.249622395833335	2.2224019648437783
2.349622395833335	2.3211919648437793
2.449622395833335	2.419981964843782
2.5496223958333353	2.5187719648437827
2.6496223958333354	2.617561964843784
2.7496223958333355	2.716351964843785
2.8496223958333355	2.8151419648437863
2.9496223958333356	2.9139319648437887
3.0496223958333353	3.0127219648437884
3.149622395833335	3.11151196484379
3.2496223958333346	3.2103019648437887
3.349622395833334	3.309091964843792
3.449622395833334	3.4078819648437917
3.5496223958333335	3.506671964843793
3.649622395833333	3.6054619648437938
3.749622395833333	3.704251964843795
3.8496223958333324	3.803041964843795
3.949622395833332	3.9018319648437956
4.049622395833332	4.000621964843796
4.149622395833331	4.0994119648437986
4.249622395833331	4.198201964843798
4.349622395833331	4.2969919648438
4.44962239583333	4.395781964843801
4.54962239583333	4.4945719648438
4.64962239583333	4.593361964843801
4.749622395833329	4.692151964843805
4.849622395833329	4.790941964843797
4.9496223958333285	4.8897319648437705
5.049622395833328	4.988521964843716
5.149622395833328	5.087311964843616
5.2496223958333275	5.186101964843465
5.349622395833327	5.2848919648432435
5.449622395833327	5.383681964842923
5.549622395833326	5.482471964842518
5.649622395833326	5.581261964842163
5.749622395833326	5.68005196484188
5.849622395833325	5.77884196484167
5.949622395833325	5.87763196484153
6.049622395833325	5.976421964841453
6.149622395833324	6.0752119648414356
6.249622395833324	6.174001964841418
6.3496223958333236	6.272791964841379
6.449622395833323	6.371581964841313
6.549622395833323	6.470371964841223
6.6496223958333225	6.569161964841111
6.749622395833322	6.667951964840974
6.849622395833322	6.766741964840813
6.949622395833321	6.865531964840674
7.049622395833321	6.964321964840578
7.149622395833321	7.06311196484052
7.24962239583332	7.161901964840485
7.34962239583332	7.260691964840473
7.44962239583332	7.359481964840474
7.549622395833319	7.458271964840476
7.649622395833319	7.557061964840477
7.749622395833319	7.655851964840478
7.849622395833318	7.754641964840478
7.949622395833318	7.8534319648404765
8.049622395833318	7.95222196484048
8.149622395833317	8.051011964840479
8.249622395833317	8.149801964840476
8.349622395833316	8.24859196484048
8.449622395833316	8.347381964840482
8.549622395833316	8.446171964840484
8.55	8.446544999996753
1000008.55	8.446544999996753
