-100001.1	0
0	0
0.0033333333333334103	0.003292999999999678
0.008333333333333304	0.00823249999999963
0.015833333333333366	0.015641749999999788
0.027083333333333348	0.02675562499999991
0.04395833333333332	0.04342643750000008
0.06927083333333339	0.06843265625000046
0.1072395833333335	0.10594198437500103
0.16419270833333344	0.1622059765625017
0.24962239583333345	0.24660196484375274
0.34962239583333354	0.345391964843754
0.44962239583333363	0.44418196484375516
0.5496223958333337	0.5429719648437565
0.6496223958333338	0.6417619648437577
0.7496223958333339	0.7405519648437592
0.849622395833334	0.8393419648437603
0.9496223958333339	0.9381319648437617
1.049622395833334	1.0369219648437629
1.149622395833334	1.1357119648437641
1.2496223958333341	1.2345019648437652
1.3496223958333342	1.333291964843767
1.4496223958333343	1.4320819648437675
1.5496223958333344	1.5308719648437694
1.6496223958333345	1.6296619648437707
1.7496223958333346	1.7284519648437717
1.8496223958333347	1.8272419648437732
1.9496223958333347	1.9260319648437754
2.049622395833335	2.0248219648437757
2.149622395833335	2.123611964843777
2.249622395833335	2.2224019648437783
2.349622395833335	2.3211919648437793
2.449622395833335	2.4199819648437813
2.5496223958333353	2.518771964843782
2.6496223958333354	2.6175619648437847
2.7496223958333355	2.7163519648437853
2.8496223958333355	2.8151419648437868
2.9496223958333356	2.913931964843788
3.0496223958333353	3.012721964843788
3.149622395833335	3.111511964843789
3.2496223958333346	3.2103019648437896
3.349622395833334	3.309091964843791
3.449622395833334	3.407881964843793
3.5496223958333335	3.506671964843793
3.649622395833333	3.605461964843793
3.749622395833333	3.7042519648437953
3.8496223958333324	3.8030419648437963
3.949622395833332	3.9018319648437956
4.049622395833332	4.000621964843797
4.149622395833331	4.099411964843795
4.249622395833331	4.19820196484379
4.349622395833331	4.296991964843776
4.44962239583333	4.395781964843753
4.54962239583333	4.4945719648437175
4.64962239583333	4.59336196484367
4.749622395833329	4.692151964843607
4.849622395833329	4.790941964843524
4.9496223958333285	4.88973196484342
5.049622395833328	4.988521964843293
5.149622395833328	5.087311964843142
5.2496223958333275	5.186101964842963
5.349622395833327	5.284891964842762
5.449622395833327	5.383681964842553
5.549622395833326	5.482471964842342
5.649622395833326	5.581261964842159
5.749622395833326	5.680051964842033
5.849622395833325	5.778841964841958
5.949622395833325	5.87763196484192
6.049622395833325	5.9764219648419035
6.149622395833324	6.075211964841902
6.249622395833324	6.1740019648419
6.3496223958333236	6.2727919648418755
6.449622395833323	6.371581964841823
6.549622395833323	6.470371964841749
6.6496223958333225	6.569161964841644
6.749622395833322	6.6679519648415155
6.849622395833322	6.766741964841354
6.949622395833321	6.865531964841277
7.049622395833321	6.964321964841253
7.149622395833321	7.063111964841254
7.24962239583332	7.161901964841251
7.34962239583332	7.260691964841251
7.44962239583332	7.359481964841251
7.549622395833319	7.458271964841252
7.649622395833319	7.557061964841257
7.749622395833319	7.655851964841251
7.849622395833318	7.754641964841257
7.949622395833318	7.853431964841255
8.049622395833318	7.95222196484126
8.149622395833317	8.051011964841257
8.249622395833317	8.149801964841261
8.349622395833316	8.24859196484126
8.449622395833316	8.34738196484126
8.549622395833316	8.446171964841268
8.55	8.446544999997533
1000008.55	8.446544999997533
