-100001.1	0
0	0
0.0033333333333334103	0.0032929999999996773
0.008333333333333304	0.008232499999999632
0.015833333333333366	0.015641749999999784
0.027083333333333348	0.0267556249999999
0.04395833333333332	0.04342643750000008
0.06927083333333339	0.06843265625000046
0.1072395833333335	0.10594198437500103
0.16419270833333344	0.16220597656250166
0.24962239583333345	0.24660196484375269
0.34962239583333354	0.3453919648437541
0.44962239583333363	0.4441819648437553
0.5496223958333337	0.5429719648437565
0.6496223958333338	0.6417619648437578
0.7496223958333339	0.7405519648437592
0.849622395833334	0.8393419648437606
0.9496223958333339	0.9381319648437617
1.049622395833334	1.0369219648437629
1.149622395833334	1.135711964843764
1.2496223958333341	1.2345019648437652
1.3496223958333342	1.333291964843767
1.4496223958333343	1.4320819648437684
1.5496223958333344	1.5308719648437694
1.6496223958333345	1.6296619648437707
1.7496223958333346	1.728451964843772
1.8496223958333347	1.827241964843773
1.9496223958333347	1.9260319648437743
2.049622395833335	2.0248219648437757
2.149622395833335	2.1236119648437772
2.249622395833335	2.222401964843778
2.349622395833335	2.321191964843779
2.449622395833335	2.419981964843781
2.5496223958333353	2.5187719648437823
2.6496223958333354	2.6175619648437842
2.7496223958333355	2.716351964843785
2.8496223958333355	2.815141964843786
2.9496223958333356	2.913931964843788
3.0496223958333353	3.012721964843788
3.149622395833335	3.111511964843789
3.2496223958333346	3.2103019648437914
3.349622395833334	3.3090919648437906
3.449622395833334	3.407881964843792
3.5496223958333335	3.5066719648437914
3.649622395833333	3.605461964843793
3.749622395833333	3.704251964843795
3.8496223958333324	3.8030419648437963
3.949622395833332	3.9018319648437965
4.049622395833332	4.000621964843796
4.149622395833331	4.099411964843777
4.249622395833331	4.1982019648437365
4.349622395833331	4.2969919648436665
4.44962239583333	4.395781964843565
4.54962239583333	4.49457196484344
4.64962239583333	4.593361964843283
4.749622395833329	4.692151964843098
4.849622395833329	4.790941964842881
4.9496223958333285	4.889731964842637
5.049622395833328	4.988521964842362
5.149622395833328	5.0873119648420575
5.2496223958333275	5.186101964841722
5.349622395833327	5.284891964841353
5.449622395833327	5.383681964840954
5.549622395833326	5.48247196484057
5.649622395833326	5.581261964840382
5.749622395833326	5.680051964840269
5.849622395833325	5.778841964840211
5.949622395833325	5.877631964840187
6.049622395833325	5.976421964840187
6.149622395833324	6.075211964840186
6.249622395833324	6.174001964840183
6.3496223958333236	6.272791964840186
6.449622395833323	6.371581964840175
6.549622395833323	6.470371964840156
6.6496223958333225	6.5691619648401085
6.749622395833322	6.667951964840031
6.849622395833322	6.766741964839949
6.949622395833321	6.865531964839868
7.049622395833321	6.964321964839798
7.149622395833321	7.063111964839732
7.24962239583332	7.161901964839678
7.34962239583332	7.26069196483963
7.44962239583332	7.359481964839595
7.549622395833319	7.458271964839562
7.649622395833319	7.557061964839534
7.749622395833319	7.655851964839511
7.849622395833318	7.754641964839493
7.949622395833318	7.853431964839485
8.049622395833318	7.952221964839473
8.149622395833317	8.051011964839468
8.249622395833317	8.149801964839465
8.349622395833316	8.248591964839466
8.449622395833316	8.347381964839464
8.549622395833316	8.446171964839467
8.55	8.446544999995737
1000008.55	8.446544999995737
