-100001.1	0
0	0
0.0033333333333334103	0.0032929999999996773
0.008333333333333304	0.008232499999999629
0.015833333333333366	0.01564174999999977
0.027083333333333348	0.026755624999999922
0.04395833333333332	0.04342643750000009
0.06927083333333339	0.06843265625000046
0.1072395833333335	0.10594198437500102
0.16419270833333344	0.16220597656250169
0.24962239583333345	0.24660196484375274
0.34962239583333354	0.34539196484375395
0.44962239583333363	0.44418196484375533
0.5496223958333337	0.5429719648437566
0.6496223958333338	0.6417619648437579
0.7496223958333339	0.7405519648437593
0.849622395833334	0.8393419648437609
0.9496223958333339	0.9381319648437613
1.049622395833334	1.0369219648437629
1.149622395833334	1.1357119648437644
1.2496223958333341	1.2345019648437656
1.3496223958333342	1.3332919648437669
1.4496223958333343	1.4320819648437686
1.5496223958333344	1.5308719648437696
1.6496223958333345	1.6296619648437702
1.7496223958333346	1.7284519648437717
1.8496223958333347	1.827241964843773
1.9496223958333347	1.9260319648437747
2.049622395833335	2.0248219648437766
2.149622395833335	2.123611964843777
2.249622395833335	2.2224019648437783
2.349622395833335	2.3211919648437793
2.449622395833335	2.419981964843781
2.5496223958333353	2.518771964843783
2.6496223958333354	2.617561964843784
2.7496223958333355	2.716351964843785
2.8496223958333355	2.8151419648437863
2.9496223958333356	2.913931964843787
3.0496223958333353	3.012721964843789
3.149622395833335	3.1115119648437894
3.2496223958333346	3.2103019648437914
3.349622395833334	3.3090919648437924
3.449622395833334	3.407881964843792
3.5496223958333335	3.506671964843793
3.649622395833333	3.6054619648437938
3.749622395833333	3.704251964843795
3.8496223958333324	3.8030419648437954
3.949622395833332	3.9018319648437965
4.049622395833332	4.000621964843797
4.149622395833331	4.0994119648437986
4.249622395833331	4.1982019648438005
4.349622395833331	4.296991964843798
4.44962239583333	4.395781964843798
4.54962239583333	4.494571964843781
4.64962239583333	4.593361964843739
4.749622395833329	4.692151964843655
4.849622395833329	4.790941964843537
4.9496223958333285	4.889731964843378
5.049622395833328	4.988521964843174
5.149622395833328	5.087311964842933
5.2496223958333275	5.186101964842642
5.349622395833327	5.284891964842308
5.449622395833327	5.3836819648419265
5.549622395833326	5.482471964841511
5.649622395833326	5.581261964841126
5.749622395833326	5.680051964840788
5.849622395833325	5.778841964840503
5.949622395833325	5.877631964840263
6.049622395833325	5.976421964840068
6.149622395833324	6.075211964839917
6.249622395833324	6.174001964839819
6.3496223958333236	6.272791964839769
6.449622395833323	6.371581964839761
6.549622395833323	6.470371964839758
6.6496223958333225	6.569161964839746
6.749622395833322	6.667951964839704
6.849622395833322	6.766741964839593
6.949622395833321	6.865531964839423
7.049622395833321	6.964321964839266
7.149622395833321	7.063111964839128
7.24962239583332	7.161901964838993
7.34962239583332	7.260691964838868
7.44962239583332	7.35948196483875
7.549622395833319	7.458271964838648
7.649622395833319	7.557061964838553
7.749622395833319	7.655851964838467
7.849622395833318	7.754641964838398
7.949622395833318	7.853431964838324
8.049622395833318	7.952221964838276
8.149622395833317	8.051011964838228
8.249622395833317	8.149801964838195
8.349622395833316	8.248591964838171
8.449622395833316	8.34738196483816
8.549622395833316	8.446171964838152
8.55	8.446544999994419
1000008.55	8.446544999994419
