-100001.1	0
0	0
0.0033333333333334103	0.0032929999999996777
0.008333333333333304	0.008232499999999634
0.015833333333333366	0.015641749999999784
0.027083333333333348	0.026755624999999904
0.04395833333333332	0.04342643750000008
0.06927083333333339	0.06843265625000047
0.1072395833333335	0.10594198437500103
0.16419270833333344	0.16220597656250166
0.24962239583333345	0.24660196484375274
0.34962239583333354	0.345391964843754
0.44962239583333363	0.4441819648437555
0.5496223958333337	0.5429719648437565
0.6496223958333338	0.6417619648437578
0.7496223958333339	0.7405519648437592
0.849622395833334	0.8393419648437603
0.9496223958333339	0.9381319648437617
1.049622395833334	1.0369219648437629
1.149622395833334	1.1357119648437644
1.2496223958333341	1.234501964843766
1.3496223958333342	1.333291964843767
1.4496223958333343	1.4320819648437686
1.5496223958333344	1.5308719648437694
1.6496223958333345	1.6296619648437707
1.7496223958333346	1.7284519648437724
1.8496223958333347	1.8272419648437732
1.9496223958333347	1.9260319648437747
2.049622395833335	2.0248219648437757
2.149622395833335	2.123611964843777
2.249622395833335	2.2224019648437783
2.349622395833335	2.3211919648437798
2.449622395833335	2.419981964843781
2.5496223958333353	2.5187719648437823
2.6496223958333354	2.6175619648437842
2.7496223958333355	2.716351964843785
2.8496223958333355	2.8151419648437868
2.9496223958333356	2.9139319648437882
3.0496223958333353	3.012721964843789
3.149622395833335	3.111511964843789
3.2496223958333346	3.2103019648437887
3.349622395833334	3.3090919648437906
3.449622395833334	3.407881964843792
3.5496223958333335	3.506671964843792
3.649622395833333	3.605461964843795
3.749622395833333	3.704251964843795
3.8496223958333324	3.8030419648437963
3.949622395833332	3.9018319648437956
4.049622395833332	4.000621964843797
4.149622395833331	4.099411964843798
4.249622395833331	4.1982019648438
4.349622395833331	4.2969919648438
4.44962239583333	4.395781964843801
4.54962239583333	4.494571964843802
4.64962239583333	4.593361964843803
4.749622395833329	4.692151964843801
4.849622395833329	4.790941964843802
4.9496223958333285	4.889731964843806
5.049622395833328	4.988521964843788
5.149622395833328	5.087311964843735
5.2496223958333275	5.186101964843618
5.349622395833327	5.284891964843414
5.449622395833327	5.3836819648431025
5.549622395833326	5.482471964842694
5.649622395833326	5.581261964842313
5.749622395833326	5.680051964841979
5.849622395833325	5.778841964841688
5.949622395833325	5.877631964841449
6.049622395833325	5.976421964841255
6.149622395833324	6.075211964841108
6.249622395833324	6.174001964841008
6.3496223958333236	6.272791964840956
6.449622395833323	6.371581964840944
6.549622395833323	6.470371964840908
6.6496223958333225	6.569161964840834
6.749622395833322	6.667951964840719
6.849622395833322	6.766741964840563
6.949622395833321	6.86553196484044
7.049622395833321	6.964321964840377
7.149622395833321	7.063111964840347
7.24962239583332	7.161901964840342
7.34962239583332	7.260691964840341
7.44962239583332	7.359481964840343
7.549622395833319	7.458271964840342
7.649622395833319	7.557061964840341
7.749622395833319	7.655851964840343
7.849622395833318	7.754641964840344
7.949622395833318	7.853431964840343
8.049622395833318	7.952221964840345
8.149622395833317	8.05101196484035
8.249622395833317	8.149801964840346
8.349622395833316	8.24859196484035
8.449622395833316	8.347381964840347
8.549622395833316	8.446171964840351
8.55	8.446544999996618
1000008.55	8.446544999996618
