-100001.1	0
0	0
0.0033333333333334103	0.0032929999999996777
0.008333333333333304	0.008232499999999634
0.015833333333333366	0.015641749999999784
0.027083333333333348	0.02675562499999991
0.04395833333333332	0.04342643750000008
0.06927083333333339	0.06843265625000047
0.1072395833333335	0.10594198437500107
0.16419270833333344	0.16220597656250166
0.24962239583333345	0.24660196484375274
0.34962239583333354	0.345391964843754
0.44962239583333363	0.4441819648437553
0.5496223958333337	0.5429719648437564
0.6496223958333338	0.6417619648437579
0.7496223958333339	0.7405519648437594
0.849622395833334	0.8393419648437606
0.9496223958333339	0.9381319648437617
1.049622395833334	1.0369219648437629
1.149622395833334	1.135711964843764
1.2496223958333341	1.2345019648437654
1.3496223958333342	1.3332919648437673
1.4496223958333343	1.432081964843768
1.5496223958333344	1.5308719648437694
1.6496223958333345	1.6296619648437707
1.7496223958333346	1.7284519648437724
1.8496223958333347	1.827241964843773
1.9496223958333347	1.9260319648437743
2.049622395833335	2.0248219648437757
2.149622395833335	2.1236119648437772
2.249622395833335	2.2224019648437783
2.349622395833335	2.32119196484378
2.449622395833335	2.4199819648437817
2.5496223958333353	2.518771964843782
2.6496223958333354	2.6175619648437842
2.7496223958333355	2.716351964843785
2.8496223958333355	2.8151419648437854
2.9496223958333356	2.9139319648437882
3.0496223958333353	3.0127219648437884
3.149622395833335	3.111511964843789
3.2496223958333346	3.2103019648437896
3.349622395833334	3.3090919648437906
3.449622395833334	3.407881964843791
3.5496223958333335	3.5066719648437927
3.649622395833333	3.605461964843793
3.749622395833333	3.704251964843795
3.8496223958333324	3.8030419648437963
3.949622395833332	3.9018319648437947
4.049622395833332	4.000621964843797
4.149622395833331	4.099411964843798
4.249622395833331	4.198201964843799
4.349622395833331	4.2969919648438
4.44962239583333	4.395781964843797
4.54962239583333	4.49457196484379
4.64962239583333	4.593361964843776
4.749622395833329	4.69215196484375
4.849622395833329	4.790941964843709
4.9496223958333285	4.8897319648436515
5.049622395833328	4.988521964843573
5.149622395833328	5.087311964843472
5.2496223958333275	5.186101964843346
5.349622395833327	5.284891964843187
5.449622395833327	5.383681964842998
5.549622395833326	5.482471964842786
5.649622395833326	5.581261964842582
5.749622395833326	5.680051964842415
5.849622395833325	5.778841964842282
5.949622395833325	5.877631964842193
6.049622395833325	5.976421964842134
6.149622395833324	6.075211964842103
6.249622395833324	6.174001964842088
6.3496223958333236	6.272791964842081
6.449622395833323	6.371581964842084
6.549622395833323	6.470371964842046
6.6496223958333225	6.569161964841973
6.749622395833322	6.667951964841857
6.849622395833322	6.7667419648417
6.949622395833321	6.865531964841541
7.049622395833321	6.9643219648414085
7.149622395833321	7.063111964841295
7.24962239583332	7.161901964841199
7.34962239583332	7.260691964841133
7.44962239583332	7.359481964841073
7.549622395833319	7.458271964841038
7.649622395833319	7.557061964841018
7.749622395833319	7.65585196484101
7.849622395833318	7.75464196484101
7.949622395833318	7.8534319648410085
8.049622395833318	7.952221964841012
8.149622395833317	8.051011964841011
8.249622395833317	8.149801964841012
8.349622395833316	8.248591964841012
8.449622395833316	8.347381964841013
8.549622395833316	8.446171964841012
8.55	8.446544999997283
1000008.55	8.446544999997283
