-100001.1	0
0	0
0.0033333333333334103	0.0032929999999996144
0.008333333333333304	0.008232499999999475
0.015833333333333366	0.015641749999999486
0.027083333333333348	0.026755624999999388
0.04395833333333332	0.043426437499999256
0.06927083333333339	0.06843265624999914
0.1072395833333335	0.10594198437499898
0.16419270833333344	0.16220597656249852
0.24962239583333345	0.24660196484374802
0.34962239583333354	0.34539196484374746
0.44962239583333363	0.4441819648437467
0.5496223958333337	0.5429719648437462
0.6496223958333338	0.6417619648437455
0.7496223958333339	0.7405519648437452
0.849622395833334	0.8393419648437442
0.9496223958333339	0.9381319648437433
1.049622395833334	1.0369219648437429
1.149622395833334	1.1357119648437421
1.2496223958333341	1.2345019648437414
1.3496223958333342	1.3332919648437416
1.4496223958333343	1.4320819648437408
1.5496223958333344	1.5308719648437406
1.6496223958333345	1.62966196484374
1.7496223958333346	1.728451964843739
1.8496223958333347	1.8272419648437381
1.9496223958333347	1.9260319648437372
2.049622395833335	2.0248219648437367
2.149622395833335	2.1236119648437364
2.249622395833335	2.222401964843735
2.349622395833335	2.321191964843735
2.449622395833335	2.419981964843735
2.5496223958333353	2.518771964843734
2.6496223958333354	2.6175619648437327
2.7496223958333355	2.716351964843733
2.8496223958333355	2.815141964843732
2.9496223958333356	2.913931964843731
3.0496223958333353	3.0127219648437302
3.149622395833335	3.1115119648437304
3.2496223958333346	3.2103019648437288
3.349622395833334	3.309091964843728
3.449622395833334	3.4078819648437273
3.5496223958333335	3.5066719648437257
3.649622395833333	3.6054619648437236
3.749622395833333	3.7042519648437224
3.8496223958333324	3.8030419648437226
3.949622395833332	3.9018319648437223
4.049622395833332	4.00062196484372
4.149622395833331	4.099411964843719
4.249622395833331	4.198201964843718
4.349622395833331	4.2969919648437065
4.44962239583333	4.395781964843663
4.54962239583333	4.4945719648435825
4.64962239583333	4.593361964843466
4.749622395833329	4.6921519648433145
4.849622395833329	4.79094196484313
4.9496223958333285	4.889731964842911
5.049622395833328	4.988521964842653
5.149622395833328	5.087311964842361
5.2496223958333275	5.186101964842039
5.349622395833327	5.284891964841677
5.449622395833327	5.383681964841276
5.549622395833326	5.4824719648408635
5.649622395833326	5.581261964840514
5.749622395833326	5.680051964840242
5.849622395833325	5.7788419648400415
5.949622395833325	5.877631964839906
6.049622395833325	5.976421964839828
6.149622395833324	6.075211964839793
6.249622395833324	6.1740019648397855
6.3496223958333236	6.272791964839788
6.449622395833323	6.371581964839785
6.549622395833323	6.470371964839748
6.6496223958333225	6.569161964839667
6.749622395833322	6.667951964839551
6.849622395833322	6.766741964839392
6.949622395833321	6.865531964839227
7.049622395833321	6.964321964839074
7.149622395833321	7.063111964838938
7.24962239583332	7.161901964838811
7.34962239583332	7.2606919648386965
7.44962239583332	7.3594819648385945
7.549622395833319	7.458271964838506
7.649622395833319	7.557061964838429
7.749622395833319	7.655851964838361
7.849622395833318	7.75464196483831
7.949622395833318	7.853431964838267
8.049622395833318	7.952221964838236
8.149622395833317	8.051011964838214
8.249622395833317	8.149801964838202
8.349622395833316	8.248591964838198
8.449622395833316	8.347381964838199
8.549622395833316	8.4461719648382
8.55	8.446544999994464
1000008.55	8.446544999994464
