-100001.1	0
0	0
0.0033333333333334103	0.0032929999999996773
0.008333333333333304	0.008232499999999632
0.015833333333333366	0.01564174999999978
0.027083333333333348	0.02675562499999991
0.04395833333333332	0.04342643750000006
0.06927083333333339	0.06843265625000046
0.1072395833333335	0.10594198437500106
0.16419270833333344	0.16220597656250166
0.24962239583333345	0.24660196484375274
0.34962239583333354	0.34539196484375384
0.44962239583333363	0.44418196484375533
0.5496223958333337	0.5429719648437563
0.6496223958333338	0.6417619648437581
0.7496223958333339	0.7405519648437591
0.849622395833334	0.8393419648437606
0.9496223958333339	0.9381319648437613
1.049622395833334	1.0369219648437629
1.149622395833334	1.135711964843764
1.2496223958333341	1.2345019648437656
1.3496223958333342	1.333291964843767
1.4496223958333343	1.4320819648437675
1.5496223958333344	1.530871964843769
1.6496223958333345	1.6296619648437702
1.7496223958333346	1.7284519648437724
1.8496223958333347	1.8272419648437737
1.9496223958333347	1.9260319648437754
2.049622395833335	2.0248219648437766
2.149622395833335	2.1236119648437763
2.249622395833335	2.2224019648437787
2.349622395833335	2.3211919648437807
2.449622395833335	2.4199819648437826
2.5496223958333353	2.5187719648437827
2.6496223958333354	2.6175619648437833
2.7496223958333355	2.716351964843785
2.8496223958333355	2.815141964843785
2.9496223958333356	2.9139319648437856
3.0496223958333353	3.012721964843789
3.149622395833335	3.111511964843788
3.2496223958333346	3.2103019648437896
3.349622395833334	3.3090919648437898
3.449622395833334	3.407881964843791
3.5496223958333335	3.506671964843792
3.649622395833333	3.605461964843793
3.749622395833333	3.704251964843795
3.8496223958333324	3.803041964843794
3.949622395833332	3.9018319648437956
4.049622395833332	4.000621964843798
4.149622395833331	4.0994119648437986
4.249622395833331	4.1982019648438
4.349622395833331	4.296991964843796
4.44962239583333	4.395781964843764
4.54962239583333	4.494571964843704
4.64962239583333	4.593361964843614
4.749622395833329	4.692151964843497
4.849622395833329	4.790941964843354
4.9496223958333285	4.889731964843198
5.049622395833328	4.988521964843021
5.149622395833328	5.087311964842833
5.2496223958333275	5.186101964842629
5.349622395833327	5.284891964842421
5.449622395833327	5.383681964842205
5.549622395833326	5.482471964841992
5.649622395833326	5.581261964841779
5.749622395833326	5.680051964841584
5.849622395833325	5.778841964841391
5.949622395833325	5.877631964841221
6.049622395833325	5.976421964841077
6.149622395833324	6.075211964840965
6.249622395833324	6.174001964840887
6.3496223958333236	6.272791964840852
6.449622395833323	6.371581964840849
6.549622395833323	6.470371964840826
6.6496223958333225	6.56916196484077
6.749622395833322	6.667951964840701
6.849622395833322	6.766741964840613
6.949622395833321	6.865531964840532
7.049622395833321	6.964321964840443
7.149622395833321	7.063111964840366
7.24962239583332	7.161901964840284
7.34962239583332	7.260691964840204
7.44962239583332	7.359481964840125
7.549622395833319	7.458271964840054
7.649622395833319	7.557061964839986
7.749622395833319	7.655851964839928
7.849622395833318	7.754641964839867
7.949622395833318	7.853431964839816
8.049622395833318	7.952221964839775
8.149622395833317	8.051011964839738
8.249622395833317	8.149801964839714
8.349622395833316	8.24859196483969
8.449622395833316	8.34738196483968
8.549622395833316	8.446171964839678
8.55	8.446544999995949
1000008.55	8.446544999995949
