-100001.1	0
0	0
0.0033333333333334103	0.0032929999999996777
0.008333333333333304	0.00823249999999963
0.015833333333333366	0.015641749999999788
0.027083333333333348	0.02675562499999991
0.04395833333333332	0.04342643750000008
0.06927083333333339	0.06843265625000047
0.1072395833333335	0.10594198437500102
0.16419270833333344	0.1622059765625016
0.24962239583333345	0.24660196484375274
0.34962239583333354	0.34539196484375406
0.44962239583333363	0.44418196484375544
0.5496223958333337	0.5429719648437566
0.6496223958333338	0.6417619648437578
0.7496223958333339	0.7405519648437591
0.849622395833334	0.8393419648437606
0.9496223958333339	0.9381319648437617
1.049622395833334	1.0369219648437629
1.149622395833334	1.1357119648437644
1.2496223958333341	1.2345019648437654
1.3496223958333342	1.333291964843767
1.4496223958333343	1.4320819648437686
1.5496223958333344	1.5308719648437699
1.6496223958333345	1.6296619648437702
1.7496223958333346	1.728451964843772
1.8496223958333347	1.8272419648437732
1.9496223958333347	1.9260319648437747
2.049622395833335	2.0248219648437757
2.149622395833335	2.1236119648437772
2.249622395833335	2.2224019648437787
2.349622395833335	2.3211919648437798
2.449622395833335	2.419981964843782
2.5496223958333353	2.518771964843782
2.6496223958333354	2.6175619648437842
2.7496223958333355	2.716351964843785
2.8496223958333355	2.815141964843786
2.9496223958333356	2.9139319648437874
3.0496223958333353	3.012721964843788
3.149622395833335	3.111511964843789
3.2496223958333346	3.21030196484379
3.349622395833334	3.309091964843791
3.449622395833334	3.407881964843791
3.5496223958333335	3.5066719648437927
3.649622395833333	3.6054619648437938
3.749622395833333	3.704251964843793
3.8496223958333324	3.8030419648437963
3.949622395833332	3.9018319648437947
4.049622395833332	4.0006219648437975
4.149622395833331	4.099411964843798
4.249622395833331	4.198201964843799
4.349622395833331	4.296991964843798
4.44962239583333	4.395781964843801
4.54962239583333	4.494571964843796
4.64962239583333	4.593361964843771
4.749622395833329	4.692151964843712
4.849622395833329	4.790941964843614
4.9496223958333285	4.889731964843473
5.049622395833328	4.9885219648432875
5.149622395833328	5.087311964843057
5.2496223958333275	5.18610196484278
5.349622395833327	5.284891964842452
5.449622395833327	5.383681964842073
5.549622395833326	5.4824719648416576
5.649622395833326	5.581261964841273
5.749622395833326	5.680051964840938
5.849622395833325	5.778841964840652
5.949622395833325	5.8776319648404085
6.049622395833325	5.976421964840216
6.149622395833324	6.075211964840067
6.249622395833324	6.174001964839968
6.3496223958333236	6.27279196483992
6.449622395833323	6.371581964839909
6.549622395833323	6.470371964839908
6.6496223958333225	6.569161964839908
6.749622395833322	6.667951964839881
6.849622395833322	6.7667419648398
6.949622395833321	6.865531964839634
7.049622395833321	6.964321964839477
7.149622395833321	7.063111964839336
7.24962239583332	7.161901964839198
7.34962239583332	7.260691964839078
7.44962239583332	7.35948196483896
7.549622395833319	7.458271964838856
7.649622395833319	7.55706196483876
7.749622395833319	7.655851964838676
7.849622395833318	7.754641964838602
7.949622395833318	7.85343196483854
8.049622395833318	7.952221964838481
8.149622395833317	8.051011964838438
8.249622395833317	8.149801964838403
8.349622395833316	8.24859196483838
8.449622395833316	8.347381964838366
8.549622395833316	8.446171964838358
8.55	8.44654499999463
1000008.55	8.44654499999463
