-100001.1	0
0	0
0.0033333333333334103	0.0032929999999996144
0.008333333333333304	0.008232499999999475
0.015833333333333366	0.015641749999999482
0.027083333333333348	0.02675562499999939
0.04395833333333332	0.04342643749999925
0.06927083333333339	0.06843265624999915
0.1072395833333335	0.10594198437499901
0.16419270833333344	0.16220597656249852
0.24962239583333345	0.24660196484374797
0.34962239583333354	0.3453919648437474
0.44962239583333363	0.44418196484374667
0.5496223958333337	0.5429719648437461
0.6496223958333338	0.6417619648437454
0.7496223958333339	0.7405519648437452
0.849622395833334	0.8393419648437442
0.9496223958333339	0.9381319648437433
1.049622395833334	1.036921964843743
1.149622395833334	1.1357119648437424
1.2496223958333341	1.2345019648437419
1.3496223958333342	1.3332919648437411
1.4496223958333343	1.4320819648437406
1.5496223958333344	1.5308719648437399
1.6496223958333345	1.6296619648437396
1.7496223958333346	1.7284519648437384
1.8496223958333347	1.8272419648437384
1.9496223958333347	1.9260319648437376
2.049622395833335	2.024821964843737
2.149622395833335	2.123611964843736
2.249622395833335	2.222401964843735
2.349622395833335	2.321191964843736
2.449622395833335	2.4199819648437346
2.5496223958333353	2.5187719648437326
2.6496223958333354	2.6175619648437336
2.7496223958333355	2.7163519648437338
2.8496223958333355	2.815141964843732
2.9496223958333356	2.913931964843732
3.0496223958333353	3.0127219648437307
3.149622395833335	3.111511964843729
3.2496223958333346	3.2103019648437296
3.349622395833334	3.3090919648437285
3.449622395833334	3.4078819648437273
3.5496223958333335	3.5066719648437266
3.649622395833333	3.6054619648437254
3.749622395833333	3.7042519648437233
3.8496223958333324	3.8030419648437217
3.949622395833332	3.9018319648437214
4.049622395833332	4.00062196484372
4.149622395833331	4.099411964843719
4.249622395833331	4.198201964843718
4.349622395833331	4.296991964843715
4.44962239583333	4.395781964843716
4.54962239583333	4.494571964843716
4.64962239583333	4.593361964843713
4.749622395833329	4.692151964843713
4.849622395833329	4.790941964843713
4.9496223958333285	4.889731964843712
5.049622395833328	4.988521964843708
5.149622395833328	5.087311964843678
5.2496223958333275	5.186101964843595
5.349622395833327	5.284891964843428
5.449622395833327	5.383681964843145
5.549622395833326	5.482471964842739
5.649622395833326	5.581261964842356
5.749622395833326	5.680051964842022
5.849622395833325	5.7788419648417255
5.949622395833325	5.877631964841484
6.049622395833325	5.976421964841289
6.149622395833324	6.075211964841139
6.249622395833324	6.174001964841039
6.3496223958333236	6.272791964840985
6.449622395833323	6.371581964840971
6.549622395833323	6.470371964840931
6.6496223958333225	6.569161964840858
6.749622395833322	6.667951964840741
6.849622395833322	6.7667419648405795
6.949622395833321	6.865531964840443
7.049622395833321	6.96432196484036
7.149622395833321	7.063111964840313
7.24962239583332	7.161901964840292
7.34962239583332	7.260691964840292
7.44962239583332	7.359481964840287
7.549622395833319	7.45827196484029
7.649622395833319	7.557061964840287
7.749622395833319	7.655851964840291
7.849622395833318	7.754641964840283
7.949622395833318	7.853431964840285
8.049622395833318	7.952221964840284
8.149622395833317	8.051011964840281
8.249622395833317	8.149801964840284
8.349622395833316	8.24859196484028
8.449622395833316	8.347381964840281
8.549622395833316	8.44617196484028
8.55	8.44654499999655
1000008.55	8.44654499999655
