-100001.1	0
0	0
0.0033333333333334103	0.0032929999999996764
0.008333333333333304	0.008232499999999632
0.015833333333333366	0.015641749999999784
0.027083333333333348	0.02675562499999991
0.04395833333333332	0.043426437500000074
0.06927083333333339	0.06843265625000045
0.1072395833333335	0.10594198437500107
0.16419270833333344	0.16220597656250166
0.24962239583333345	0.24660196484375274
0.34962239583333354	0.34539196484375395
0.44962239583333363	0.44418196484375533
0.5496223958333337	0.5429719648437566
0.6496223958333338	0.641761964843758
0.7496223958333339	0.7405519648437592
0.849622395833334	0.8393419648437606
0.9496223958333339	0.9381319648437617
1.049622395833334	1.0369219648437629
1.149622395833334	1.1357119648437641
1.2496223958333341	1.2345019648437652
1.3496223958333342	1.3332919648437667
1.4496223958333343	1.4320819648437677
1.5496223958333344	1.53087196484377
1.6496223958333345	1.6296619648437702
1.7496223958333346	1.7284519648437724
1.8496223958333347	1.8272419648437732
1.9496223958333347	1.926031964843775
2.049622395833335	2.0248219648437757
2.149622395833335	2.1236119648437772
2.249622395833335	2.2224019648437787
2.349622395833335	2.32119196484378
2.449622395833335	2.4199819648437813
2.5496223958333353	2.518771964843782
2.6496223958333354	2.617561964843784
2.7496223958333355	2.7163519648437853
2.8496223958333355	2.8151419648437863
2.9496223958333356	2.9139319648437874
3.0496223958333353	3.012721964843788
3.149622395833335	3.11151196484379
3.2496223958333346	3.21030196484379
3.349622395833334	3.309091964843791
3.449622395833334	3.407881964843791
3.5496223958333335	3.506671964843793
3.649622395833333	3.6054619648437924
3.749622395833333	3.704251964843793
3.8496223958333324	3.8030419648437954
3.949622395833332	3.9018319648437974
4.049622395833332	4.000621964843798
4.149622395833331	4.099411964843798
4.249622395833331	4.198201964843798
4.349622395833331	4.296991964843799
4.44962239583333	4.395781964843798
4.54962239583333	4.494571964843786
4.64962239583333	4.593361964843774
4.749622395833329	4.692151964843736
4.849622395833329	4.790941964843688
4.9496223958333285	4.889731964843619
5.049622395833328	4.988521964843526
5.149622395833328	5.0873119648433995
5.2496223958333275	5.186101964843245
5.349622395833327	5.284891964843059
5.449622395833327	5.38368196484285
5.549622395833326	5.482471964842644
5.649622395833326	5.581261964842468
5.749622395833326	5.680051964842333
5.849622395833325	5.7788419648422344
5.949622395833325	5.877631964842169
6.049622395833325	5.976421964842124
6.149622395833324	6.0752119648421
6.249622395833324	6.174001964842086
6.3496223958333236	6.272791964842084
6.449622395833323	6.3715819648420835
6.549622395833323	6.47037196484205
6.6496223958333225	6.569161964841971
6.749622395833322	6.667951964841858
6.849622395833322	6.766741964841703
6.949622395833321	6.8655319648415505
7.049622395833321	6.96432196484143
7.149622395833321	7.063111964841335
7.24962239583332	7.161901964841263
7.34962239583332	7.260691964841217
7.44962239583332	7.359481964841196
7.549622395833319	7.458271964841181
7.649622395833319	7.557061964841187
7.749622395833319	7.655851964841184
7.849622395833318	7.754641964841189
7.949622395833318	7.8534319648411905
8.049622395833318	7.95222196484119
8.149622395833317	8.051011964841194
8.249622395833317	8.14980196484119
8.349622395833316	8.248591964841193
8.449622395833316	8.347381964841189
8.549622395833316	8.446171964841193
8.55	8.44654499999746
1000008.55	8.44654499999746
