-100001.1	0
0	0
0.0033333333333334103	0.0032929999999996777
0.008333333333333304	0.008232499999999634
0.015833333333333366	0.015641749999999784
0.027083333333333348	0.026755624999999904
0.04395833333333332	0.04342643750000008
0.06927083333333339	0.06843265625000046
0.1072395833333335	0.10594198437500103
0.16419270833333344	0.16220597656250169
0.24962239583333345	0.24660196484375274
0.34962239583333354	0.34539196484375395
0.44962239583333363	0.4441819648437553
0.5496223958333337	0.5429719648437565
0.6496223958333338	0.6417619648437579
0.7496223958333339	0.7405519648437593
0.849622395833334	0.8393419648437603
0.9496223958333339	0.9381319648437615
1.049622395833334	1.0369219648437626
1.149622395833334	1.1357119648437641
1.2496223958333341	1.2345019648437656
1.3496223958333342	1.3332919648437669
1.4496223958333343	1.4320819648437684
1.5496223958333344	1.5308719648437694
1.6496223958333345	1.6296619648437707
1.7496223958333346	1.7284519648437724
1.8496223958333347	1.8272419648437732
1.9496223958333347	1.9260319648437754
2.049622395833335	2.0248219648437753
2.149622395833335	2.1236119648437763
2.249622395833335	2.2224019648437787
2.349622395833335	2.3211919648437798
2.449622395833335	2.419981964843781
2.5496223958333353	2.518771964843783
2.6496223958333354	2.6175619648437833
2.7496223958333355	2.716351964843785
2.8496223958333355	2.815141964843787
2.9496223958333356	2.9139319648437874
3.0496223958333353	3.0127219648437884
3.149622395833335	3.11151196484379
3.2496223958333346	3.2103019648437905
3.349622395833334	3.3090919648437898
3.449622395833334	3.407881964843791
3.5496223958333335	3.5066719648437927
3.649622395833333	3.6054619648437947
3.749622395833333	3.704251964843795
3.8496223958333324	3.8030419648437963
3.949622395833332	3.9018319648437974
4.049622395833332	4.0006219648437975
4.149622395833331	4.0994119648437986
4.249622395833331	4.1982019648438005
4.349622395833331	4.296991964843791
4.44962239583333	4.395781964843746
4.54962239583333	4.494571964843668
4.64962239583333	4.593361964843557
4.749622395833329	4.692151964843405
4.849622395833329	4.790941964843221
4.9496223958333285	4.889731964843006
5.049622395833328	4.988521964842751
5.149622395833328	5.087311964842463
5.2496223958333275	5.186101964842138
5.349622395833327	5.284891964841778
5.449622395833327	5.383681964841384
5.549622395833326	5.482471964841067
5.649622395833326	5.581261964840967
5.749622395833326	5.680051964840943
5.849622395833325	5.77884196484094
5.949622395833325	5.877631964840944
6.049622395833325	5.9764219648409425
6.149622395833324	6.075211964840944
6.249622395833324	6.174001964840948
6.3496223958333236	6.2727919648409465
6.449622395833323	6.371581964840941
6.549622395833323	6.470371964840909
6.6496223958333225	6.569161964840831
6.749622395833322	6.667951964840719
6.849622395833322	6.76674196484056
6.949622395833321	6.865531964840401
7.049622395833321	6.9643219648402654
7.149622395833321	7.063111964840148
7.24962239583332	7.161901964840048
7.34962239583332	7.260691964839968
7.44962239583332	7.3594819648399055
7.549622395833319	7.458271964839859
7.649622395833319	7.557061964839832
7.749622395833319	7.6558519648398144
7.849622395833318	7.754641964839807
7.949622395833318	7.853431964839816
8.049622395833318	7.952221964839813
8.149622395833317	8.051011964839816
8.249622395833317	8.149801964839815
8.349622395833316	8.248591964839813
8.449622395833316	8.347381964839816
8.549622395833316	8.446171964839811
8.55	8.446544999996084
1000008.55	8.446544999996084
