-100001.1	0
0	0
0.0033333333333334103	0.003292999999999678
0.008333333333333304	0.008232499999999632
0.015833333333333366	0.015641749999999784
0.027083333333333348	0.026755624999999904
0.04395833333333332	0.04342643750000008
0.06927083333333339	0.06843265625000046
0.1072395833333335	0.10594198437500099
0.16419270833333344	0.16220597656250163
0.24962239583333345	0.24660196484375269
0.34962239583333354	0.34539196484375395
0.44962239583333363	0.4441819648437553
0.5496223958333337	0.5429719648437564
0.6496223958333338	0.641761964843758
0.7496223958333339	0.7405519648437592
0.849622395833334	0.8393419648437603
0.9496223958333339	0.9381319648437617
1.049622395833334	1.0369219648437629
1.149622395833334	1.135711964843764
1.2496223958333341	1.2345019648437654
1.3496223958333342	1.3332919648437669
1.4496223958333343	1.4320819648437684
1.5496223958333344	1.530871964843769
1.6496223958333345	1.6296619648437702
1.7496223958333346	1.7284519648437717
1.8496223958333347	1.8272419648437732
1.9496223958333347	1.9260319648437747
2.049622395833335	2.024821964843776
2.149622395833335	2.1236119648437777
2.249622395833335	2.2224019648437787
2.349622395833335	2.3211919648437798
2.449622395833335	2.4199819648437813
2.5496223958333353	2.518771964843782
2.6496223958333354	2.617561964843784
2.7496223958333355	2.716351964843784
2.8496223958333355	2.8151419648437876
2.9496223958333356	2.9139319648437887
3.0496223958333353	3.012721964843788
3.149622395833335	3.111511964843788
3.2496223958333346	3.2103019648437905
3.349622395833334	3.309091964843791
3.449622395833334	3.407881964843792
3.5496223958333335	3.506671964843793
3.649622395833333	3.6054619648437938
3.749622395833333	3.7042519648437953
3.8496223958333324	3.803041964843795
3.949622395833332	3.9018319648437974
4.049622395833332	4.000621964843797
4.149622395833331	4.0994119648437986
4.249622395833331	4.1982019648438
4.349622395833331	4.296991964843801
4.44962239583333	4.3957819648438
4.54962239583333	4.49457196484379
4.64962239583333	4.593361964843755
4.749622395833329	4.692151964843678
4.849622395833329	4.79094196484356
4.9496223958333285	4.8897319648434
5.049622395833328	4.9885219648431995
5.149622395833328	5.087311964842953
5.2496223958333275	5.186101964842661
5.349622395833327	5.284891964842325
5.449622395833327	5.383681964841943
5.549622395833326	5.482471964841524
5.649622395833326	5.581261964841153
5.749622395833326	5.680051964840836
5.849622395833325	5.778841964840573
5.949622395833325	5.877631964840365
6.049622395833325	5.9764219648402115
6.149622395833324	6.07521196484011
6.249622395833324	6.1740019648400635
6.3496223958333236	6.272791964840047
6.449622395833323	6.371581964840022
6.549622395833323	6.47037196483996
6.6496223958333225	6.569161964839871
6.749622395833322	6.667951964839742
6.849622395833322	6.766741964839586
6.949622395833321	6.865531964839425
7.049622395833321	6.964321964839273
7.149622395833321	7.063111964839141
7.24962239583332	7.161901964839031
7.34962239583332	7.260691964838931
7.44962239583332	7.359481964838844
7.549622395833319	7.458271964838774
7.649622395833319	7.557061964838715
7.749622395833319	7.655851964838668
7.849622395833318	7.754641964838633
7.949622395833318	7.853431964838609
8.049622395833318	7.952221964838599
8.149622395833317	8.051011964838596
8.249622395833317	8.149801964838591
8.349622395833316	8.248591964838596
8.449622395833316	8.347381964838595
8.549622395833316	8.446171964838593
8.55	8.446544999994863
1000008.55	8.446544999994863
