-100001.1	0
0	0
0.0033333333333334103	0.0032929999999996777
0.008333333333333304	0.008232499999999634
0.015833333333333366	0.015641749999999788
0.027083333333333348	0.026755624999999904
0.04395833333333332	0.04342643750000009
0.06927083333333339	0.06843265625000047
0.1072395833333335	0.10594198437500102
0.16419270833333344	0.1622059765625016
0.24962239583333345	0.24660196484375269
0.34962239583333354	0.34539196484375406
0.44962239583333363	0.4441819648437553
0.5496223958333337	0.5429719648437566
0.6496223958333338	0.6417619648437581
0.7496223958333339	0.7405519648437591
0.849622395833334	0.8393419648437603
0.9496223958333339	0.9381319648437617
1.049622395833334	1.036921964843763
1.149622395833334	1.1357119648437644
1.2496223958333341	1.2345019648437652
1.3496223958333342	1.3332919648437667
1.4496223958333343	1.432081964843768
1.5496223958333344	1.5308719648437694
1.6496223958333345	1.6296619648437702
1.7496223958333346	1.7284519648437724
1.8496223958333347	1.8272419648437732
1.9496223958333347	1.9260319648437747
2.049622395833335	2.0248219648437757
2.149622395833335	2.123611964843777
2.249622395833335	2.2224019648437787
2.349622395833335	2.3211919648437793
2.449622395833335	2.4199819648437813
2.5496223958333353	2.5187719648437814
2.6496223958333354	2.6175619648437833
2.7496223958333355	2.716351964843786
2.8496223958333355	2.815141964843786
2.9496223958333356	2.913931964843788
3.0496223958333353	3.0127219648437884
3.149622395833335	3.1115119648437894
3.2496223958333346	3.21030196484379
3.349622395833334	3.309091964843791
3.449622395833334	3.4078819648437917
3.5496223958333335	3.506671964843794
3.649622395833333	3.605461964843793
3.749622395833333	3.704251964843794
3.8496223958333324	3.803041964843795
3.949622395833332	3.9018319648437974
4.049622395833332	4.000621964843796
4.149622395833331	4.099411964843798
4.249622395833331	4.198201964843798
4.349622395833331	4.2969919648438
4.44962239583333	4.395781964843801
4.54962239583333	4.494571964843803
4.64962239583333	4.593361964843802
4.749622395833329	4.692151964843786
4.849622395833329	4.790941964843734
4.9496223958333285	4.889731964843635
5.049622395833328	4.988521964843484
5.149622395833328	5.087311964843278
5.2496223958333275	5.186101964843022
5.349622395833327	5.284891964842707
5.449622395833327	5.383681964842337
5.549622395833326	5.48247196484192
5.649622395833326	5.581261964841556
5.749622395833326	5.680051964841255
5.849622395833325	5.7788419648410185
5.949622395833325	5.877631964840839
6.049622395833325	5.9764219648407195
6.149622395833324	6.075211964840658
6.249622395833324	6.174001964840643
6.3496223958333236	6.272791964840622
6.449622395833323	6.371581964840571
6.549622395833323	6.470371964840498
6.6496223958333225	6.569161964840393
6.749622395833322	6.667951964840262
6.849622395833322	6.766741964840102
6.949622395833321	6.865531964839948
7.049622395833321	6.964321964839813
7.149622395833321	7.063111964839697
7.24962239583332	7.161901964839607
7.34962239583332	7.260691964839537
7.44962239583332	7.359481964839488
7.549622395833319	7.458271964839457
7.649622395833319	7.557061964839434
7.749622395833319	7.655851964839427
7.849622395833318	7.754641964839418
7.949622395833318	7.85343196483942
8.049622395833318	7.952221964839421
8.149622395833317	8.051011964839429
8.249622395833317	8.149801964839428
8.349622395833316	8.248591964839422
8.449622395833316	8.347381964839423
8.549622395833316	8.44617196483943
8.55	8.446544999995691
1000008.55	8.446544999995691
