-100001.1	0
-0.000000000008730793865652231	0
0.0033333333246026164	0.03799069893695181
0.00833333332460251	0.09499186178956419
0.015833333324602572	0.18052758316092835
0.027083333324602554	0.3089075120628931
0.04395833332460253	0.5016488428728044
0.0692708333246026	0.7911454159294902
0.1072395833246027	1.2262516670609327
0.16419270832460264	1.880835990814049
0.24962239582460266	2.8669991115779943
0.34962239582460275	4.027799171162924
0.44962239582460284	5.195433349355017
0.5496223958246029	6.369779948164106
0.649622395824603	7.550717269599968
0.7496223958246031	8.712119361526184
0.8496223958246032	9.86307287851358
0.9496223958246031	11.011418541475008
1.0496223958246031	12.157168924056439
1.1496223958246032	13.300336599903952
1.2496223958246033	14.440934142663453
1.3496223958246034	15.578974125981016
1.4496223958246035	16.714469123502678
1.5496223958246036	17.84743170887438
1.6496223958246037	18.97787445574221
1.7496223958246038	20.10580993775207
1.8496223958246039	21.231250728550094
1.949622395824604	22.354209401782114
2.049622395824604	23.47469853109437
2.149622395824604	24.592730690132743
2.249622395824604	25.70831845254319
2.3496223958246043	26.821474391971833
2.4496223958246044	27.93221108206461
2.5496223958246045	29.04054109646757
2.6496223958246046	30.146477008826594
2.7496223958246047	31.25003139278794
2.8496223958246047	32.35121682199746
2.949622395824605	33.45004587010111
3.0496223958246045	34.546531110745065
3.149622395824604	35.64068511757516
3.2496223958246038	36.732520464237524
3.3496223958246034	37.82204972437809
3.449622395824603	38.90928547164289
3.5496223958246027	39.99424027967799
3.6496223958246023	41.07692672212932
3.749622395824602	42.15735737264301
3.8496223958246016	43.23554480486491
3.9496223958246013	44.31150159244113
4.049622395824601	45.38524030901761
4.149622395824601	46.456773528240404
4.2496223958246	47.52611382375549
4.3496223958246	48.59327376920903
4.4496223958245995	49.65826593824692
4.549622395824599	50.721102904515014
4.649622395824599	51.781797241659625
4.749622395824598	52.840361523326436
4.849622395824598	53.89680832316163
4.949622395824598	54.951150214811264
5.049622395824597	56.003399771921366
5.149622395824597	57.05356956813787
5.249622395824597	58.10167217710668
5.349622395824596	59.14772017247402
5.449622395824596	60.19172612788577
5.549622395824596	61.21882395146268
5.649622395824595	62.282588272340305
5.749622395824595	63.3448946725686
5.8496223958245945	64.40573977027371
5.949622395824594	65.46512018358233
6.049622395824594	66.5230325306203
6.1496223958245935	67.57947342951407
6.249622395824593	68.6344394983898
6.349622395824593	69.68792735537374
6.449622395824592	70.73993361859237
6.549622395824592	71.79045490617153
6.649622395824592	72.8394878362376
6.749622395824591	73.88702902691712
6.849622395824591	74.93307509633603
6.949622395824591	75.97762266262052
7.04962239582459	77.02066834389724
7.14962239582459	78.06220875829209
7.24962239582459	79.10224052393123
7.349622395824589	80.14076025894138
7.449622395824589	81.17776458144839
7.5496223958245885	82.21325010957852
7.649622395824588	83.24721346145817
7.749622395824588	84.27965125521358
7.849622395824587	85.31056010897088
7.949622395824587	86.33993664085656
8.049622395824587	87.36777746899642
8.149622395824586	88.39407921151724
8.249622395824586	89.418838486545
8.349622395824586	90.4420519122057
8.449622395824585	91.46371610662598
8.549622395824585	92.48382768793209
8.649622395824585	93.50238327425004
8.749622395824584	94.51937948370612
8.849622395824584	95.53481293442665
8.949622395824584	96.54868024453788
9.049622395824583	97.56097803216605
9.149622395824583	98.57170291543741
9.249622395824582	99.58085151247818
9.349622395824582	100.58842044141475
9.449622395824582	101.59440632037297
9.549622395824581	102.5988057674795
9.649622395824581	103.60161540086061
9.74962239582458	104.60283183864205
9.84962239582458	105.60245169895056
9.94962239582458	106.60047159991247
10.04962239582458	107.59688815965352
10.14962239582458	108.59169799630014
10.249622395824579	109.58489772797896
10.349622395824579	110.5764839728158
10.449622395824578	111.56645334893699
10.549622395824578	112.55480247446884
10.649622395824577	113.54152796753763
10.749622395824577	114.5266264462697
10.805	116.53732750003093
1000010.805	116.53732750003093
