-100001.1	0
-0.000000000008730793865652231	0
0.0033333333246026164	0.00000000000000024321987696768653
0.00833333332460251	0.0000000000000006082610552408468
0.015833333324602572	0.0000000000000011560565960759997
0.027083333324602554	0.0000000000000019794244085736213
0.04395833332460253	0.0000000000000032165209885642758
0.0692708333246026	0.000000000000005077582843666164
0.1072395833246027	0.000000000000007881363842829796
0.16419270832460264	0.000000000000012114458828724496
0.24962239582460266	0.00000000000001846570560991536
0.34962239582460275	0.00000000000002612468822250344
0.44962239582460284	0.00000000000003363004501169523
0.5496223958246029	0.00000000000004203526994048736
0.649622395824603	0.000000000000050100666834892734
0.7496223958246031	0.00000000000005829455984273397
0.8496223958246032	0.00000000000006494469365188875
0.9496223958246031	0.00000000000007297876619456914
1.0496223958246031	0.0000000000000825846321352161
1.1496223958246032	0.000000000000092355093008458
1.2496223958246033	0.00000000000010119146658347873
1.3496223958246034	0.00000000000011015633627193537
1.4496223958246035	0.00000000000011360172444764435
1.5496223958246036	0.0000000000001223423971171369
1.6496223958246037	0.00000000000013119974726800108
1.7496223958246038	0.0000000000001372213047691123
1.8496223958246039	0.00000000000014926448001384423
1.949622395824604	0.00000000000015480581699327294
2.049622395824604	0.00000000000016779592268517383
2.149622395824604	0.00000000000017277988009834578
2.249622395824604	0.0000000000001867940752819899
2.3496223958246043	0.00000000000019646816780245532
2.4496223958246044	0.00000000000017840472061917858
2.5496223958246045	0.00000000000020110716759872503
2.6496223958246046	0.00000000000021669802383182316
2.7496223958246047	0.0000000000001986592097672804
2.8496223958246047	0.00000000000021098771173113394
2.949622395824605	0.0000000000002197632374190024
3.0496223958246045	0.0000000000002286317558303838
3.149622395824604	0.00000000000023280934773619586
3.2496223958246038	0.0000000000002415552518357776
3.3496223958246034	0.0000000000002557952674056057
3.449622395824603	0.00000000000026208915302089683
3.5496223958246027	0.00000000000027710210611401593
3.6496223958246023	0.0000000000002612744515248116
3.749622395824602	0.0000000000002891258084277733
3.8496223958246016	0.0000000000002724642081210847
3.9496223958246013	0.00000000000028893565781657976
4.049622395824601	0.00000000000032475007290664083
4.149622395824601	0.0000000000003139585141299274
4.2496223958246	0.00000000000032291375987568215
4.3496223958246	0.0000000000003228107114215866
4.4496223958245995	0.00000000000033147238734740695
4.549622395824599	0.00000000000035017180263020417
4.649622395824599	0.0000000000003423984476407637
4.749622395824598	0.0000000000003506314462191397
4.849622395824598	0.0000000000003780183036606123
4.949622395824598	0.0000000000003672072196529452
5.049622395824597	0.0000000000003755499945083746
5.149622395824597	0.00000000000039366482125267383
5.249622395824597	0.00000000000039234532049628704
5.349622395824596	0.00000000000042573682376881693
5.449622395824596	0.0000000000003949651463868727
5.549622395824596	0.00000000000044534930063504617
5.649622395824595	0.0000000000004153956331338698
5.749622395824595	0.00000000000044599182055291647
5.8496223958245945	0.00000000000043041534248025255
5.949622395824594	0.0000000000004649507763483053
6.049622395824594	0.0000000000004732367043408489
6.1496223958245935	0.0000000000004912649634384392
6.249622395824593	0.00000000000042687056773263525
6.349622395824593	0.0000000000005167478359767025
6.449622395824592	0.0000000000005070040701060348
6.549622395824592	0.0000000000005045144278775186
6.649622395824592	0.0000000000005445591607963989
6.749622395824591	0.0000000000005010166952534048
6.849622395824591	0.0000000000005278766541603106
6.949622395824591	0.0000000000005575984267963127
7.04962239582459	0.000000000000565622556699353
7.14962239582459	0.0000000000005558954945053963
7.24962239582459	0.0000000000005394660831178592
7.349622395824589	0.0000000000005469368613611679
7.449622395824589	0.0000000000005715592724970806
7.5496223958245885	0.0000000000006057854389285274
7.649622395824588	0.0000000000005971739597742894
7.749622395824588	0.0000000000005769006081721894
7.849622395824587	0.0000000000006299169544372108
7.949622395824587	0.000000000000607720600027804
8.049622395824587	0.0000000000006305502023177711
8.149622395824586	0.0000000000005042311299481729
8.249622395824586	0.0000000000005375428502443526
8.349622395824586	0.0000000000005450389544221309
8.449622395824585	0.0000000000005525968069706746
8.549622395824585	0.0000000000005602164078899834
8.649622395824585	0.0000000000005678977571800577
8.749622395824584	0.0000000000005756408548408973
8.849622395824584	0.0000000000005834457008725021
8.949622395824584	0.0000000000005913122952748723
9.049622395824583	0.0000000000005992406380480079
9.149622395824583	0.0000000000006072307291919088
9.249622395824582	0.0000000000006152825687065752
9.349622395824582	0.0000000000006233961565920066
9.449622395824582	0.0000000000006315714928482036
9.549622395824581	0.0000000000005592396509088918
9.649622395824581	0.0000000000005640732592521739
9.74962239582458	0.0000000000005688974922442985
9.84962239582458	0.0000000000005737123498852665
9.94962239582458	0.0000000000005785178321750771
10.04962239582458	0.0000000000005833139391137306
10.14962239582458	0.0000000000005881006707012271
10.249622395824579	0.0000000000005928780269375663
10.349622395824579	0.0000000000005976460078227486
10.449622395824578	0.0000000000006024046133567737
10.549622395824578	0.0000000000006071538435396417
10.649622395824577	0.0000000000006118936983713525
10.749622395824577	0.0000000000006166241778519061
10.805	0.000000000000710994917262627
1000010.805	0.000000000000710994917262627
