-100006.313	0
0.9369999999999985	0
0.9403333333333315	0.0000000000000000000000000000000000481482486096809
0.9453333333333314	0
0.9528333333333316	0.0000000000000000000000000000000003851859888774472
0.9640833333333321	0.0000000000000000000000000000000010111132208032988
0.9809583333333318	0
1.006270833333332	0.000000000000000000000000000000006162975822039155
1.044239583333332	0.0000000000000000000000000000000030814879110195774
1.1011927083333317	0.000000000000000000000000000000002840746667971173
1.1866223958333322	0.000000000000000000000000000000007703719777548943
1.2866223958333318	0.000000000000000000000000000000006162975822039155
1.3866223958333315	0.00000000000000000000000000000013969462017714386
1.4866223958333311	0.00000000000000000000000000000015099290763995931
1.5866223958333308	0.000000000000000000000000000000011362986671884692
1.6866223958333304	0
1.78662239583333	0.00000000000000000000000000000019297818042760105
1.8866223958333297	0.0000000000000000000000000000014471437602125688
1.9866223958333293	0.0000000000000000000000000000004344897954537604
2.086622395833329	0.00000000000000000000000000000017872629883913549
2.1866223958333286	0.0000000000000000000000000000011917654495868215
2.2866223958333283	0.00000000000000000000000000000009244463733058732
2.386622395833328	0
2.4866223958333276	0.0000000000000000000000000000008628166150854817
2.586622395833327	0.000000000000000000000000000002253085256627865
2.686622395833327	0.000000000000000000000000000001996804166340686
2.7866223958333265	0.0000000000000000000000000000005408011283839358
2.886622395833326	0.000000000000000000000000000010101117372322175
2.986622395833326	0.00000000000000000000000000000035976371361153566
3.0866223958333254	0.000000000000000000000000000006409494854920721
3.186622395833325	0.0000000000000000000000000000004992010415851715
3.2866223958333247	0.00000000000000000000000000001442752639939366
3.336999999999998	0.0000000000000000000000000000005135492196708564
1000003.337	0.0000000000000000000000000000005135492196708564
