-100006.313	0
0.9369999999999985	0
0.9403333333333315	0.0033732404392930898
0.9453333333333314	0.008447444696925977
0.9528333333333316	0.016090958522485054
0.9640833333333321	0.027628768972909293
0.9809583333333318	0.045098413061682434
1.006270833333332	0.07166544030506625
1.044239583333332	0.11232253397668154
1.1011927083333317	0.17508991606319677
1.1866223958333322	0.2731430062968239
1.2866223958333318	0.3936550287423283
1.3866223958333315	0.5200926151457426
1.4866223958333311	0.6521924082824577
1.5866223958333308	0.789701527158786
1.6866223958333304	0.932377066297395
1.78662239583333	1.0799856746115095
1.8866223958333297	1.2323031720493627
1.9866223958333293	1.3891142804806689
2.086622395833329	1.5502127282529192
2.1866223958333286	1.71540074573366
2.2866223958333283	1.8844886778413215
2.386622395833328	2.0572958336195115
2.4866223958333276	2.233649178363968
2.586622395833327	2.413384357062203
2.686622395833327	2.596344744777592
2.7866223958333265	2.7823822814232133
2.886622395833326	2.9713563592751915
2.986622395833326	3.1631350461557313
3.0866223958333254	3.357593650404073
3.186622395833325	3.55461580926096
3.2866223958333247	3.754092937432275
3.336999999999998	3.8554824154919536
1000003.337	3.8554824154919536
