-100006.313	0
0	0
0.0033333333333329662	0.0000000000000000000000000000000000481482486096809
0.00833333333333286	0.0000000000000000000000000000000000962964972193618
0.015833333333333144	0.0000000000000000000000000000000003851859888774472
0.02708333333333357	0.00000000000000000000000000000000057777898331617076
0.04395833333333332	0.000000000000000000000000000000003659266894335748
0.06927083333333339	0.0000000000000000000000000000000012638915260041234
0.1072395833333335	0.0000000000000000000000000000000005296307347064899
0.16419270833333321	0.000000000000000000000000000000007607423280329582
0.2496223958333328	0.000000000000000000000000000000012711137632955757
0.34962239583333243	0.00000000000000000000000000000008512610354191581
0.4496223958333321	0.00000000000000000000000000000012711137632955757
0.5496223958333317	0.0000000000000000000000000000001429040018735329
0.6496223958333314	0.00000000000000000000000000000006625199008692091
0.749622395833331	0.000000000000000005516950532984514
0.8496223958333307	0.00000000000000007326560631402046
0.9496223958333303	0.03424088227486467
1.04962239583333	0.14914263231344418
1.1496223958333296	0.27082159997477057
1.2496223958333292	0.3985778461928264
1.3496223958333289	0.5312841099372416
1.4496223958333285	0.6691330285424563
1.5496223958333282	0.8126032085812975
1.6496223958333278	0.9610097283184695
1.7496223958333275	1.1142967170939675
1.849622395833327	1.2725241585879743
1.9496223958333267	1.4344678318280912
2.0496223958333264	1.6004409668185742
2.149622395833326	1.7707974570242386
2.2496223958333257	1.9448508873731718
2.3496223958333253	2.1221539080075247
2.449622395833325	2.3033539829600733
2.5496223958333246	2.4874001921655178
2.6496223958333243	2.674824937768726
2.749622395833324	2.864648978048847
2.8496223958333236	3.057792080547117
2.949622395833323	3.25318147246759
3.049622395833323	3.4517561999301187
3.1496223958333225	3.6524341162948986
3.249622395833322	3.855013390806784
3.3369999999999997	4.045632226601726
1000003.337	4.045632226601726
