-100006.313	0
0	0
0.0033333333333329662	0.00207528681792646
0.00833333333333286	0.005206691370976465
0.015833333333333144	0.009945467203127313
0.02708333333333357	0.017150211008861715
0.04395833333333332	0.028560796143954667
0.06927083333333339	0.046982203589520655
0.1072395833333335	0.07626376331627562
0.16419270833333321	0.12282422047469278
0.2496223958333328	0.1988337115753903
0.34962239583333243	0.2979483748531532
0.4496223958333321	0.40575755464443997
0.5496223958333317	0.5224511336804784
0.6496223958333314	0.6480843678080076
0.749622395833331	0.7825110686609863
0.8496223958333307	0.9236338776607717
0.9496223958333303	1.0726875688062227
1.04962239583333	1.2250459058988425
1.1496223958333296	1.3828743783671982
1.2496223958333292	1.5485431785953725
1.3496223958333289	1.7199395669375612
1.4496223958333285	1.8971932185404374
1.5496223958333282	2.0800962284633666
1.6496223958333278	2.268579129684287
1.7496223958333275	2.461018797359817
1.849622395833327	2.6600619066079685
1.9496223958333267	2.8640071557826374
2.0496223958333264	3.072451082315666
2.149622395833326	3.28536003525343
2.2496223958333257	3.5022756999031257
2.3496223958333253	3.7232510368769316
2.449622395833325	3.9477880177091347
2.5496223958333246	4.176129066040142
2.6496223958333243	4.407566191499146
2.749622395833324	4.64239172088583
2.8496223958333236	4.880198972708096
2.949622395833323	5.121035291784544
3.049622395833323	5.364558156084805
3.1496223958333225	5.6104852174754525
3.249622395833322	5.859090440830652
3.3369999999999997	6.077829362499034
1000003.337	6.077829362499034
