-100006.313	0
0	0
0.0033333333333329662	0.0027533878206533777
0.00833333333333286	0.0069046072480323135
0.015833333333333144	0.013179016239048947
0.02708333333333357	0.022697441902001417
0.04395833333333332	0.03721415754047345
0.06927083333333339	0.05952292328802175
0.1072395833333335	0.09417335136333545
0.16419270833333321	0.14877622693910925
0.2496223958333328	0.23644452718100828
0.34962239583333243	0.34756058447916977
0.4496223958333321	0.467485271307278
0.5496223958333317	0.5958611030741681
0.6496223958333314	0.7323451116585735
0.749622395833331	0.8766065727925098
0.8496223958333307	1.02832631105247
0.9496223958333303	1.1871961141250993
1.04962239583333	1.3529139449001721
1.1496223958333296	1.5251908114532289
1.2496223958333292	1.7037428728346853
1.3496223958333289	1.8882945566188956
1.4496223958333285	2.078577627927745
1.5496223958333282	2.274330991340518
1.6496223958333278	2.4753006476502426
1.7496223958333275	2.6812397890960926
1.849622395833327	2.891908811380126
1.9496223958333267	3.10707546511017
2.0496223958333264	3.326514600274095
2.149622395833326	3.5500112187039727
2.2496223958333257	3.7773556657662803
2.3496223958333253	4.008348552996023
2.449622395833325	4.242799363742186
2.5496223958333246	4.4805268754393754
2.6496223958333243	4.721359295380074
2.749622395833324	4.9651353498552
2.8496223958333236	5.211703543334824
2.949622395833323	5.460925211082353
3.049622395833323	5.712664804754078
3.1496223958333225	5.966808615946585
3.249622395833322	6.223246712975529
3.3369999999999997	6.449117586038067
1000003.337	6.449117586038067
