-100006.313	0
0	0
0.0033333333333329662	0.0033910627858546403
0.00833333333333286	0.008497183806077712
0.015833333333333144	0.01620026537114021
0.02708333333333357	0.027853477525500082
0.04395833333333332	0.04555411321771736
0.06927083333333339	0.07259813005625691
0.1072395833333335	0.11426173811827713
0.16419270833333321	0.179187568206436
0.2496223958333328	0.28191568095309777
0.34962239583333243	0.4100473068126969
0.4496223958333321	0.5463660469870231
0.5496223958333317	0.6905522151081348
0.6496223958333314	0.842296624594618
0.749622395833331	1.0013000558138951
0.8496223958333307	1.1672699689650452
0.9496223958333303	1.3399238432901295
1.04962239583333	1.518984461077773
1.1496223958333296	1.7041814111467475
1.2496223958333292	1.895250285067017
1.3496223958333289	2.0919324123206566
1.4496223958333285	2.293974723930997
1.5496223958333282	2.5011300357545774
1.6496223958333278	2.7131557222319342
1.7496223958333275	2.9298167527118433
1.849622395833327	3.150882992826986
1.9496223958333267	3.376130985888321
2.0496223958333264	3.6053440698533556
2.149622395833326	3.838313184061
2.2496223958333257	4.074836810465381
2.3496223958333253	4.314721552827004
2.449622395833325	4.557783300833144
2.5496223958333246	4.8038469033418325
2.6496223958333243	5.052747128973494
2.749622395833324	5.304329208175544
2.8496223958333236	5.558448792522615
2.949622395833323	5.814972787575163
3.049622395833323	6.073779288879574
3.1496223958333225	6.3347577267216515
3.249622395833322	6.597809274931636
3.3369999999999997	6.829285613819456
1000003.337	6.829285613819456
