-100006.313	0
0	0
0.0033333333333329662	0.0000000000000000000000000000000001925929944387236
0.00833333333333286	0.0000000000000000000000000000000003851859888774472
0.015833333333333144	0.0000000000000000000000000000000011555579666323415
0.02708333333333357	0
0.04395833333333332	0.000000000000000000000000000000007414830285890858
0.06927083333333339	0.000000000000000000000000000000002311115933264683
0.1072395833333335	0.000000000000000000000000000000006861125426879528
0.16419270833333321	0
0.2496223958333328	0.000000000000000000000000000000033631551653862106
0.34962239583333243	0.000000000000000000000000000000010400021699691074
0.4496223958333321	0.0000000000000000000000000000001486817917066946
0.5496223958333317	0.00000000000000000000000000000022995603535983596
0.6496223958333314	0.00000000000000000000000000000008320017359752859
0.749622395833331	0.0000000000000000000000000000003821045009664276
0.8496223958333307	0.0000000000000000000000000000022340787354891936
0.9496223958333303	0.0000000000000000000000000000013312027775604574
1.04962239583333	0.0000000000000000000000000000011709654061874394
1.1496223958333296	0.000000000000000000000000000000011555579666323415
1.2496223958333292	0.00000000000000000000000000000019413373839423337
1.3496223958333289	0.0000000000000000000000000000020461079729169994
1.4496223958333285	0.000000000000000000000000000004190823558986625
1.5496223958333282	0.0000000000000000000000000000003666970614113297
1.6496223958333278	0.00000000000000000000000000000022186712959340957
1.7496223958333275	0.0000000000000000000000000000025819016834455284
1.849622395833327	0.000000000000000000000000000000313541394946242
1.9496223958333267	0.00000000000000000000000000000342661455705377
2.0496223958333264	0.000000000000000000000000000008471010267392818
2.149622395833326	0.0000000000000000000000000000217368157243321
2.2496223958333257	0.0000000000000000000000000000020830858278492343
2.3496223958333253	0.0000000000000000000000000000019721522630525295
2.449622395833325	0.000000000000000000000000000000022340787354891936
2.5496223958333246	0.000000000000000000000000000016640034719505718
2.6496223958333243	0.000000000000000000000000000004921136193898265
2.749622395833324	0.000000000000000000000000000036139690220437603
2.8496223958333236	0.000000000000000000000000000006951836727260167
2.949622395833323	0.00000000000000000000000000001304701981525689
3.049622395833323	0.000000000000000000000000000002662405555120915
3.1496223958333225	0.000000000000000000000000000011404586758683456
3.249622395833322	0.000000000000000000000000000006819332747086325
3.3369999999999997	0.000000000000000000000000000003993608332681372
1000003.337	0.000000000000000000000000000003993608332681372
