-100000	0
0	0
0.0033333333333333335	0.006821186961242321
0.008333333333333333	0.01736483175299353
0.01583333333333333	0.03358879492521512
0.02708333333333333	0.0585703786227135
0.043958333333333335	0.09711482261851391
0.06927083333333334	0.156744706104722
0.10723958333333333	0.24926393815661932
0.16419270833333333	0.3932079913267549
0.24962239583333334	0.6176148031571417
0.3496223958333333	0.8896524825661928
0.4496223958333333	1.16902100854297
0.5496223958333333	1.4538014808057853
0.6496223958333333	1.7426104825434723
0.7496223958333332	2.0343840011879135
0.8496223958333332	2.328266457054037
0.9496223958333332	2.623547591503809
1.0496223958333333	2.9196240429768854
1.1000000000000003	3.0689136963705557
1000001.1	3.0689136963705557
