-100000	0
0	0
0.0033333333333333335	0.006821170962484205
0.008333333333333333	0.017364835128856095
0.01583333333333333	0.03358880210468213
0.02708333333333333	0.0585703919358921
0.043958333333333335	0.097114845231582
0.06927083333333334	0.15674474462959986
0.10723958333333333	0.24926400089022102
0.16419270833333333	0.39320809108941696
0.24962239583333334	0.6176149621931057
0.3496223958333333	0.8896527153288951
0.4496223958333333	1.16902130933573
0.5496223958333333	1.4538018404488733
0.6496223958333333	1.742610903071336
0.7496223958333332	2.034384464494722
0.8496223958333332	2.3282669497427255
0.9496223958333332	2.62354812092266
1.0496223958333333	2.919624588118169
1.1000000000000003	3.068914107376953
1000001.1	3.068914107376953
