-100000	0
0	0
0.0033333333333333335	0.00682116690327421
0.008333333333333333	0.017364810897218433
0.01583333333333333	0.033588755997898886
0.02708333333333333	0.05857031781302079
0.043958333333333335	0.09711471996582306
0.06927083333333334	0.1567445499065165
0.10723958333333333	0.24926370332221393
0.16419270833333333	0.3932076458411152
0.24962239583333334	0.6176143028307977
0.3496223958333333	0.8896518411613806
0.4496223958333333	1.169020231604112
0.5496223958333333	1.4538005778081806
0.6496223958333333	1.7426094902327265
0.7496223958333332	2.034382904516757
0.8496223958333332	2.328265266153141
0.9496223958333332	2.623546317427361
1.0496223958333333	2.9196226787795836
1.1000000000000003	3.0689126109311244
1000001.1	3.0689126109311244
