-100000	0
0	0
0.0033333333333333335	0.006821208439349733
0.008333333333333333	0.017364885778721247
0.01583333333333333	0.03358889800499148
0.02708333333333333	0.05857056080354331
0.043958333333333335	0.09711511040629858
0.06927083333333334	0.15674515910600512
0.10723958333333333	0.24926463141884522
0.16419270833333333	0.3932090230498634
0.24962239583333334	0.6176163144532894
0.3496223958333333	0.8896545209906842
0.4496223958333333	1.1690235219403242
0.5496223958333333	1.4538043676278705
0.6496223958333333	1.7426137218232167
0.7496223958333332	2.034387505663174
0.8496223958333332	2.3282701803864243
0.9496223958333332	2.623551461320216
1.0496223958333333	2.9196279794834417
1.1000000000000003	3.0689175430663513
1000001.1	3.0689175430663513
