-100000	0
0	0
0.0033333333333333335	0.006821026477664216
0.008333333333333333	0.017364588852157952
0.01583333333333333	0.033588480016599996
0.02708333333333333	0.05857006567888276
0.043958333333333335	0.09711448072635391
0.06927083333333334	0.1567443052888206
0.10723958333333333	0.24926386822731833
0.16419270833333333	0.39320872310226357
0.24962239583333334	0.6176165558149299
0.3496223958333333	0.8896558501687462
0.4496223958333333	1.1690259345451564
0.5496223958333333	1.453807699342819
0.6496223958333333	1.7426179079784971
0.7496223958333332	2.0343924486657694
0.8496223958333332	2.328275713896985
0.9496223958333332	2.6235575067903847
1.0496223958333333	2.9196341921536155
1.1000000000000003	3.068923686713718
1000001.1	3.068923686713718
