-100000	0
0	0
0.0033333333333333335	0
0.008333333333333333	0
0.01583333333333333	0
0.02708333333333333	0.0000000000000014995282519173853
0.043958333333333335	0.000000000000003729625308752286
0.06927083333333334	0.0000000000000030098955638855544
0.10723958333333333	0
0.16419270833333333	0.00000000000002265243468343934
0.24962239583333334	0.000000000000019767054611633708
0.3496223958333333	0.00000000000009681176603874726
0.4496223958333333	0.00000000000006734831974489913
0.5496223958333333	0.00000000000009306123405618348
0.6496223958333333	0.00000000000012270375400362206
0.7496223958333332	0.00000000000006511312413594217
0.8496223958333332	0.00000000000010432701901958341
0.9496223958333332	0.00000000000028549879536234693
1.0496223958333333	0.000000000000056067926497163356
1.1000000000000003	0.0000000000002553842801460205
1000001.1	0.0000000000002553842801460205
