-100000	0
0	0
0.0033333333333333335	0.000000000000000012182144652207006
0.008333333333333333	0.00000000000000003086285084215807
0.01583333333333333	0.00000000000000005998109064275063
0.02708333333333333	0.00000000000000010099571555784466
0.043958333333333335	0.00000000000000016356707400213685
0.06927083333333334	0.0000000000000002518871329621669
0.10723958333333333	0.00000000000000039375028057420967
0.16419270833333333	0.0000000000000005840083424019018
0.24962239583333334	0.00000000000993244119729668
0.3496223958333333	0.0000000000000010911472581120236
0.4496223958333333	0.000000000000001337255776246612
0.5496223958333333	0.0000000000000016426562383838944
0.6496223958333333	0.0000000000000007091972543636333
0.7496223958333332	0.0000000000000007896538054785772
0.8496223958333332	0.0000000000000008640396764236334
0.9496223958333332	0.0000000000000009312415747385339
1.0496223958333333	0.0000000000000009865980365777994
1.1000000000000003	0.000000000000001014216128158177
1000001.1	0.000000000000001014216128158177
