-100000	0
0	0
0.0033333333333333335	0.007101115219902215
0.008333333333333333	0.018075162264447213
0.01583333333333333	0.03498988492543727
0.02708333333333333	0.061174420857033965
0.043958333333333335	0.10207604473676596
0.06927083333333334	0.1656795236786854
0.10723958333333333	0.2652968044839035
0.16419270833333333	0.4221568105948803
0.24962239583333334	0.6688376537095787
0.3496223958333333	0.9665886734721365
0.4496223958333333	1.2740953187102126
0.5496223958333333	1.591114280599691
0.6496223958333333	1.912851101230895
0.7496223958333332	2.2402386842163344
0.8496223958333332	2.5750029411872886
0.9496223958333332	2.9071648292860317
1.0496223958333333	3.2308653114068506
1.1000000000000003	3.3344120692940895
1000001.1	3.3344120692940895
