-100000	0
0	0
0.0033333333333333335	0.006821178046799802
0.008333333333333333	0.017364852364477122
0.01583333333333333	0.03358883478335133
0.02708333333333333	0.058570448218005174
0.043958333333333335	0.0971149377000083
0.06927083333333334	0.1567448887009835
0.10723958333333333	0.24926421998067702
0.16419270833333333	0.39320841738998874
0.24962239583333334	0.6176154402122508
0.3496223958333333	0.8896533572393948
0.4496223958333333	1.1690221092588637
0.5496223958333333	1.4538027596034506
0.6496223958333333	1.7426119431857974
0.7496223958333332	2.034385590276561
0.8496223958333332	2.3282681452002842
0.9496223958333332	2.6235493543528063
1.0496223958333333	2.9196258385583955
1.1000000000000003	3.0689154179146096
1000001.1	3.0689154179146096
