-100000	0
0	0
0.0033333333333333335	0.006821168744442609
0.008333333333333333	0.0173648147995486
0.01583333333333333	0.03358876407914689
0.02708333333333333	0.058570330623857726
0.043958333333333335	0.09711474158948881
0.06927083333333334	0.1567445845030982
0.10723958333333333	0.24926375741816661
0.16419270833333333	0.3932077274164433
0.24962239583333334	0.617614431348558
0.3496223958333333	0.8896520261102185
0.4496223958333333	1.169020481450838
0.5496223958333333	1.4538008820606454
0.6496223958333333	1.7426098512533952
0.7496223958333332	2.034383308283485
0.8496223958333332	2.328265734095267
0.9496223958333332	2.6235468663027532
1.0496223958333333	2.9196233089696597
1.1000000000000003	3.0689128807237123
1000001.1	3.0689128807237123
