-100000	0
0	0
0.0033333333333333335	0.006821187609742444
0.008333333333333333	0.017364833633871667
0.01583333333333333	0.03358879898242308
0.02708333333333333	0.058570386326007716
0.043958333333333335	0.09711483737708022
0.06927083333333334	0.15674473181014895
0.10723958333333333	0.2492639783833483
0.16419270833333333	0.39320804627846584
0.24962239583333334	0.6176148848534251
0.3496223958333333	0.8896526190202264
0.4496223958333333	1.169021196341317
0.5496223958333333	1.45380167001
0.6496223958333333	1.7426107292441821
0.7496223958333332	2.0343842582732092
0.8496223958333332	2.3282667222796714
0.9496223958333332	2.6235478564808528
1.0496223958333333	2.9196242832827086
1.1000000000000003	3.068914021797307
1000001.1	3.068914021797307
