-100000	0
0	0
0.0033333333333333335	0.006821188080966148
0.008333333333333333	0.017364834432729064
0.01583333333333333	0.03358880009980422
0.02708333333333333	0.058570387191581044
0.043958333333333335	0.09711483649407976
0.06927083333333334	0.15674472707564935
0.10723958333333333	0.2492639651337332
0.16419270833333333	0.3932080200562822
0.24962239583333334	0.6176148158128594
0.3496223958333333	0.8896524916051797
0.4496223958333333	1.1690209824267166
0.5496223958333333	1.4538013433688026
0.6496223958333333	1.74261028785978
0.7496223958333332	2.0343836622847746
0.8496223958333332	2.3282659424237533
0.9496223958333332	2.6235468775960533
1.0496223958333333	2.9196230719858884
1.1000000000000003	3.068914097317428
1000001.1	3.068914097317428
