-100000	0
0	0
0.0033333333333333335	0.006821204524378601
0.008333333333333333	0.01736487601366799
0.01583333333333333	0.03358887949670725
0.02708333333333333	0.05857052883584459
0.043958333333333335	0.09711505899890162
0.06927083333333334	0.156745078370015
0.10723958333333333	0.2492645085257614
0.16419270833333333	0.39320884091771646
0.24962239583333334	0.6176160560909856
0.3496223958333333	0.8896541771474737
0.4496223958333333	1.1690230989300496
0.5496223958333333	1.4538038913732065
0.6496223958333333	1.7426132017004081
0.7496223958333332	2.034386935952406
0.8496223958333332	2.3282695687225625
0.9496223958333332	2.6235508258783597
1.0496223958333333	2.9196273342688026
1.1000000000000003	3.06891688608747
1000001.1	3.06891688608747
