-100000	0
0	0
0.0033333333333333335	0.006821213220642865
0.008333333333333333	0.017364897684258643
0.01583333333333333	0.03358892053261605
0.02708333333333333	0.0585705937141579
0.043958333333333335	0.09711517204097798
0.06927083333333334	0.1567452544382927
0.10723958333333333	0.2492647758893282
0.16419270833333333	0.3932092390090676
0.24962239583333334	0.6176166308716681
0.3496223958333333	0.8896549400737631
0.4496223958333333	1.1690240288227538
0.5496223958333333	1.453804959362888
0.6496223958333333	1.7426143821982378
0.7496223958333332	2.034388219102854
0.8496223958333332	2.32827092051349
0.9496223958333332	2.6235522260688002
1.0496223958333333	2.919628756160197
1.1000000000000003	3.068918338502835
1000001.1	3.068918338502835
