-100000	0
0	0
0.0033333333333333335	0.006821148887351018
0.008333333333333333	0.017364738016242054
0.01583333333333333	0.03358862003001032
0.02708333333333333	0.05857008542413731
0.043958333333333335	0.09711436132232458
0.06927083333333334	0.15674400032173386
0.10723958333333333	0.24926287950304493
0.16419270833333333	0.39320643186311466
0.24962239583333334	0.6176125370025976
0.3496223958333333	0.889649565772843
0.4496223958333333	1.16901755194953
0.5496223958333333	1.4537974688621884
0.6496223958333333	1.742606131296478
0.7496223958333332	2.034379305461998
0.8496223958333332	2.3282614926196183
0.9496223958333332	2.623542471848564
1.0496223958333333	2.919618807372424
1.1000000000000003	3.068908526841351
1000001.1	3.068908526841351
