-100000	0
0	0
0.0033333333333333335	0.00682120447493769
0.008333333333333333	0.017364904014360045
0.01583333333333333	0.03358893259231523
0.02708333333333333	0.05857061803188886
0.043958333333333335	0.09711520547684709
0.06927083333333334	0.15674530689810173
0.10723958333333333	0.24926485627756562
0.16419270833333333	0.3932093596488357
0.24962239583333334	0.6176168061959348
0.3496223958333333	0.8896551752996187
0.4496223958333333	1.169024318452221
0.5496223958333333	1.4538052919720716
0.6496223958333333	1.742614752148673
0.7496223958333332	2.0343886195867524
0.8496223958333332	2.328271343420526
0.9496223958333332	2.623552665162913
1.0496223958333333	2.9196299792504288
1.1000000000000003	3.068918782070487
1000001.1	3.068918782070487
