-100000	0
0	0
0.0033333333333333335	0.006821171265311731
0.008333333333333333	0.017364793738048577
0.01583333333333333	0.0335887252347832
0.02708333333333333	0.05857026330781066
0.043958333333333335	0.09711464478259073
0.06927083333333334	0.15674443881661707
0.10723958333333333	0.24926353847064486
0.16419270833333333	0.3932074028452922
0.24962239583333334	0.6176139944212858
0.3496223958333333	0.8896514741031861
0.4496223958333333	1.1690198335977027
0.5496223958333333	1.4538000981287307
0.6496223958333333	1.742609021873091
0.7496223958333332	2.0343824071533407
0.8496223958333332	2.328264779842282
0.9496223958333332	2.623545861106014
1.0496223958333333	2.9196222519384785
1.1000000000000003	3.068911980959821
1000001.1	3.068911980959821
