-100000	0
0	0
0.0033333333333333335	0.006821136933873754
0.008333333333333333	0.017364749578159623
0.01583333333333333	0.03358864049914404
0.02708333333333333	0.058570117748699926
0.043958333333333335	0.09711440660934555
0.06927083333333334	0.15674406937762161
0.10723958333333333	0.24926297540393208
0.16419270833333333	0.39320656802249265
0.24962239583333334	0.6176127694953963
0.3496223958333333	0.8896498905493342
0.4496223958333333	1.1690179613946696
0.5496223958333333	1.4537980209247883
0.6496223958333333	1.7426067962625809
0.7496223958333332	2.034380029318384
0.8496223958333332	2.3282622398805857
0.9496223958333332	2.6235431642855485
1.0496223958333333	2.9196194537735196
1.1000000000000003	3.0689098447097454
1000001.1	3.0689098447097454
