-100000	0
0	0
0.0033333333333333335	0.006821190774268062
0.008333333333333333	0.017364870041623102
0.01583333333333333	0.033588868330033834
0.02708333333333333	0.0585705095399241
0.043958333333333335	0.097115031895027
0.06927083333333334	0.15674503949180504
0.10723958333333333	0.24926445769349745
0.16419270833333333	0.39320878458665104
0.24962239583333334	0.6176160152819989
0.3496223958333333	0.8896541936790043
0.4496223958333333	1.1690232216069643
0.5496223958333333	1.4538041647415851
0.6496223958333333	1.7426136149246976
0.7496223958333332	2.034387483811194
0.8496223958333332	2.328270208535517
0.9496223958333332	2.623551529670731
1.0496223958333333	2.9196280621378086
1.1000000000000003	3.0689176504387197
1000001.1	3.0689176504387197
