-100000	0
0	0
0.0033333333333333335	0.006821196418271593
0.008333333333333333	0.017364855824448855
0.01583333333333333	0.03358884154427654
0.02708333333333333	0.05857046541372987
0.043958333333333335	0.09711495648606797
0.06927083333333334	0.15674492096358728
0.10723958333333333	0.24926426537370291
0.16419270833333333	0.3932084811713614
0.24962239583333334	0.6176155336654243
0.3496223958333333	0.88965349429562
0.4496223958333333	1.1690222599314621
0.5496223958333333	1.453802936248024
0.6496223958333333	1.7426121355185404
0.7496223958333332	2.03438580065613
0.8496223958333332	2.3282683648774043
0.9496223958333332	2.623549583781787
1.0496223958333333	2.9196260690261235
1.1000000000000003	3.0689156519795064
1000001.1	3.0689156519795064
