-100000	0
0	0
0.0033333333333333335	0.0068211965074800665
0.008333333333333333	0.01736485636104882
0.01583333333333333	0.03358884304016907
0.02708333333333333	0.058570462924849444
0.043958333333333335	0.0971149629489513
0.06927083333333334	0.15674493170807927
0.10723958333333333	0.24926428710787726
0.16419270833333333	0.393208519601078
0.24962239583333334	0.617615602737275
0.3496223958333333	0.88965359208886
0.4496223958333333	1.1690223895935976
0.5496223958333333	1.4538030976400411
0.6496223958333333	1.7426123279240708
0.7496223958333332	2.0343860152958095
0.8496223958333332	2.3282686020242918
0.9496223958333332	2.6235498357232103
1.0496223958333333	2.9196263379082805
1.1000000000000003	3.068915829458299
1000001.1	3.068915829458299
