-100000	0
0	0
0.0033333333333333335	0.0068212157447472355
0.008333333333333333	0.017364904014360014
0.01583333333333333	0.03358893259231521
0.02708333333333333	0.05857061437060207
0.043958333333333335	0.09711545622501662
0.06927083333333334	0.15674530689810207
0.10723958333333333	0.24926485627756417
0.16419270833333333	0.3932093596488345
0.24962239583333334	0.6176168061959336
0.3496223958333333	0.8896551752996191
0.4496223958333333	1.1690243177346742
0.5496223958333333	1.45380529197207
0.6496223958333333	1.7426147521486677
0.7496223958333332	2.034388619586751
0.8496223958333332	2.3282713434205355
0.9496223958333332	2.6235526651629173
1.0496223958333333	2.9196292041348215
1.1000000000000003	3.0689187820704937
1000001.1	3.0689187820704937
