-100000	0
0	0
0.0033333333333333335	0.006821198840464175
0.008333333333333333	0.017364904014360003
0.01583333333333333	0.03358893259231529
0.02708333333333333	0.05857061437060214
0.043958333333333335	0.09711531083501757
0.06927083333333334	0.15674530689810176
0.10723958333333333	0.2492648562775644
0.16419270833333333	0.3932093596488356
0.24962239583333334	0.6176168061959333
0.3496223958333333	0.8896551752996185
0.4496223958333333	1.169024318791716
0.5496223958333333	1.4538052919720734
0.6496223958333333	1.7426147521486737
0.7496223958333332	2.034388619586756
0.8496223958333332	2.328271343420526
0.9496223958333332	2.6235526651629137
1.0496223958333333	2.9196292041348193
1.1000000000000003	3.068918782070503
1000001.1	3.068918782070503
