-100000	0
0	0
0.0033333333333333335	0.006821204474937553
0.008333333333333333	0.017364904014359688
0.01583333333333333	0.03358893259231457
0.02708333333333333	0.058570618031887664
0.043958333333333335	0.09711520547684534
0.06927083333333334	0.15674530689809874
0.10723958333333333	0.24926485627756031
0.16419270833333333	0.39320935964882714
0.24962239583333334	0.6176168061959214
0.3496223958333333	0.889655175299604
0.4496223958333333	1.1690243184393627
0.5496223958333333	1.4538052919720448
0.6496223958333333	1.74261475214864
0.7496223958333332	2.034388619586715
0.8496223958333332	2.328271343420485
0.9496223958333332	2.623552665162868
1.0496223958333333	2.919632304594395
1.1000000000000003	3.0689187820704427
1000001.1	3.0689187820704427
