-100000	0
0	0
0.0033333333333333335	0.006821194607599824
0.008333333333333333	0.017364851313640215
0.01583333333333333	0.03358883294577691
0.02708333333333333	0.05857045085824828
0.043958333333333335	0.0971149346504084
0.06927083333333334	0.15674488587143026
0.10723958333333333	0.24926421652514744
0.16419270833333333	0.3932084088594968
0.24962239583333334	0.6176154080668456
0.3496223958333333	0.8896533215609186
0.4496223958333333	1.1690220725381752
0.5496223958333333	1.4538027084288283
0.6496223958333333	1.7426118762954488
0.7496223958333332	2.0343855191332914
0.8496223958333332	2.328268067555926
0.9496223958333332	2.623549277854367
1.0496223958333333	2.9196263799709627
1.1000000000000003	3.068915367684691
1000001.1	3.068915367684691
