-100000	0
0	0
0.0033333333333333335	0.006821091539118885
0.008333333333333333	0.0173645930827589
0.01583333333333333	0.033588341430444146
0.02708333333333333	0.058569603991971954
0.043958333333333335	0.09711357195986348
0.06927083333333334	0.15674275040455876
0.10723958333333333	0.24926094906957702
0.16419270833333333	0.39320347866087896
0.24962239583333334	0.6176082440938035
0.3496223958333333	0.8896437759923737
0.4496223958333333	1.1690103661763582
0.5496223958333333	1.4537891552000366
0.6496223958333333	1.7425967767952715
0.7496223958333332	2.0343691819870084
0.8496223958333332	2.3282508168563547
0.9496223958333332	2.623531383550319
1.0496223958333333	2.9196075128690864
1.1000000000000003	3.068897277655176
1000001.1	3.068897277655176
