-100000	0
0	0
0.0033333333333333335	0.006821048813415854
0.008333333333333333	0.017364487133298
0.01583333333333333	0.03358814217182712
0.02708333333333333	0.05856926744976848
0.043958333333333335	0.09711303231955148
0.06927083333333334	0.15674191697570297
0.10723958333333333	0.24925969550269014
0.16419270833333333	0.39320164491530435
0.24962239583333334	0.6176055735259589
0.3496223958333333	0.8896402308862865
0.4496223958333333	1.169006096523227
0.5496223958333333	1.4537842698550303
0.6496223958333333	1.7425914292468652
0.7496223958333332	2.0343634273998106
0.8496223958333332	2.3282447477855515
0.9496223958333332	2.6235251101172232
1.0496223958333333	2.9196011730636506
1.1000000000000003	3.068890782026575
1000001.1	3.068890782026575
