-100000	0
0	0
0.0033333333333333335	0.006821134167478381
0.008333333333333333	0.017364742931044858
0.01583333333333333	0.03358862763652244
0.02708333333333333	0.05857009616637908
0.043958333333333335	0.09711437132433683
0.06927083333333334	0.15674401043698113
0.10723958333333333	0.24926288529271834
0.16419270833333333	0.39320645287082906
0.24962239583333334	0.617612544563007
0.3496223958333333	0.8896495104049466
0.4496223958333333	1.1690174270502482
0.5496223958333333	1.453797394365903
0.6496223958333333	1.742605897940373
0.7496223958333332	2.0343791272959355
0.8496223958333332	2.328261327653101
0.9496223958333332	2.6235422956462466
1.0496223958333333	2.9196186501815533
1.1000000000000003	3.06890832777256
1000001.1	3.06890832777256
