-100000	0
0	0
0.0033333333333333335	0.006821182460349562
0.008333333333333333	0.017364821038971228
0.01583333333333333	0.03358877585892336
0.02708333333333333	0.058570353828756486
0.043958333333333335	0.0971147767612648
0.06927083333333334	0.1567446400991282
0.10723958333333333	0.24926384336531085
0.16419270833333333	0.39320785847134815
0.24962239583333334	0.6176146136269989
0.3496223958333333	0.8896522794226166
0.4496223958333333	1.1690207955582477
0.5496223958333333	1.4538012145212522
0.6496223958333333	1.7426102192644117
0.7496223958333332	2.0343837363163035
0.8496223958333332	2.328266187222954
0.9496223958333332	2.6235473326481147
1.0496223958333333	2.91962378696668
1.1000000000000003	3.0689134157753757
1000001.1	3.0689134157753757
