-100000	0
0	0
0.0033333333333333335	0.006821154066013322
0.008333333333333333	0.017364750250161695
0.01583333333333333	0.03358864161071898
0.02708333333333333	0.05857011947419676
0.043958333333333335	0.09711440880273388
0.06927083333333334	0.15674406692840212
0.10723958333333333	0.24926297211837814
0.16419270833333333	0.39320655395541765
0.24962239583333334	0.6176127206355096
0.3496223958333333	0.8896497516813741
0.4496223958333333	1.169017725332787
0.5496223958333333	1.4537976927069074
0.6496223958333333	1.7426063178676614
0.7496223958333332	2.0343795169052905
0.8496223958333332	2.328261738801036
0.9496223958333332	2.6235427277634846
1.0496223958333333	2.919619101139292
1.1000000000000003	3.0689086454791368
1000001.1	3.0689086454791368
